fixIdx,legIdx,zoneIdx,tickLead,tickRace,time,lat,lng,alt,togo
1,1,1,-3140.331220059553,-7510.441388784609,,,,972.0,75.029
17,1,17,-3124.331220059553,-7494.441388784609,,,,966.0,75.021
18,1,18,-3123.331220059553,-7493.441388784609,,,,963.0,75.013
19,1,19,-3122.331220059553,-7492.441388784609,,,,962.0,75.008
20,1,20,-3121.331220059553,-7491.441388784609,,,,964.0,75.004
21,1,21,-3120.331220059553,-7490.441388784609,,,,963.0,75.001
22,1,22,-3119.331220059553,-7489.441388784609,,,,964.0,74.998
23,1,23,-3118.331220059553,-7488.441388784609,,,,964.0,74.995
24,1,24,-3117.331220059553,-7487.441388784609,,,,965.0,74.99
25,1,25,-3116.331220059553,-7486.441388784609,,,,964.0,74.983
26,1,26,-3115.331220059553,-7485.441388784609,,,,964.0,74.977
27,1,27,-3114.331220059553,-7484.441388784609,,,,964.0,74.969
28,1,28,-3113.331220059553,-7483.441388784609,,,,964.0,74.962
29,1,29,-3112.331220059553,-7482.441388784609,,,,964.0,74.954
30,1,30,-3111.331220059553,-7481.441388784609,,,,962.0,74.944
31,1,31,-3110.331220059553,-7480.441388784609,,,,963.0,74.935
32,1,32,-3109.331220059553,-7479.441388784609,,,,962.0,74.925
33,1,33,-3108.331220059553,-7478.441388784609,,,,963.0,74.916
34,1,34,-3107.331220059553,-7477.441388784609,,,,963.0,74.906
35,1,35,-3106.331220059553,-7476.441388784609,,,,963.0,74.897
36,1,36,-3105.331220059553,-7475.441388784609,,,,966.0,74.889
37,1,37,-3104.331220059553,-7474.441388784609,,,,964.0,74.882
38,1,38,-3103.331220059553,-7473.441388784609,,,,966.0,74.874
39,1,39,-3102.331220059553,-7472.441388784609,,,,968.0,74.867
40,1,40,-3101.331220059553,-7471.441388784609,,,,969.0,74.86
41,1,41,-3100.331220059553,-7470.441388784609,,,,971.0,74.853
42,1,42,-3099.331220059553,-7469.441388784609,,,,974.0,74.846
43,1,43,-3098.331220059553,-7468.441388784609,,,,975.0,74.838
44,1,44,-3097.331220059553,-7467.441388784609,,,,975.0,74.829
45,1,45,-3096.331220059553,-7466.441388784609,,,,977.0,74.817
46,1,46,-3095.331220059553,-7465.441388784609,,,,977.0,74.805
47,1,47,-3094.331220059553,-7464.441388784609,,,,978.0,74.792
48,1,48,-3093.331220059553,-7463.441388784609,,,,980.0,74.784
49,1,49,-3092.331220059553,-7462.441388784609,,,,979.0,74.777
50,1,50,-3091.331220059553,-7461.441388784609,,,,983.0,74.772
51,1,51,-3090.331220059553,-7460.441388784609,,,,983.0,74.767
52,1,52,-3089.331220059553,-7459.441388784609,,,,982.0,74.765
274,1,274,-2867.331220059553,-7237.441388784609,,,,1115.0,74.763
275,1,275,-2866.331220059553,-7236.441388784609,,,,1112.0,74.751
276,1,276,-2865.331220059553,-7235.441388784609,,,,1109.0,74.738
277,1,277,-2864.331220059553,-7234.441388784609,,,,1108.0,74.728
278,1,278,-2863.331220059553,-7233.441388784609,,,,1107.0,74.715
279,1,279,-2862.331220059553,-7232.441388784609,,,,1106.0,74.704
280,1,280,-2861.331220059553,-7231.441388784609,,,,1105.0,74.694
281,1,281,-2860.331220059553,-7230.441388784609,,,,1104.0,74.685
282,1,282,-2859.331220059553,-7229.441388784609,,,,1102.0,74.676
283,1,283,-2858.331220059553,-7228.441388784609,,,,1100.0,74.666
284,1,284,-2857.331220059553,-7227.441388784609,,,,1097.0,74.654
285,1,285,-2856.331220059553,-7226.441388784609,,,,1095.0,74.642
286,1,286,-2855.331220059553,-7225.441388784609,,,,1094.0,74.628
287,1,287,-2854.331220059553,-7224.441388784609,,,,1092.0,74.614
288,1,288,-2853.331220059553,-7223.441388784609,,,,1093.0,74.602
289,1,289,-2852.331220059553,-7222.441388784609,,,,1092.0,74.59
290,1,290,-2851.331220059553,-7221.441388784609,,,,1092.0,74.579
291,1,291,-2850.331220059553,-7220.441388784609,,,,1090.0,74.568
292,1,292,-2849.331220059553,-7219.441388784609,,,,1089.0,74.56
293,1,293,-2848.331220059553,-7218.441388784609,,,,1087.0,74.549
294,1,294,-2847.331220059553,-7217.441388784609,,,,1086.0,74.54
295,1,295,-2846.331220059553,-7216.441388784609,,,,1082.0,74.53
296,1,296,-2845.331220059553,-7215.441388784609,,,,1079.0,74.517
297,1,297,-2844.331220059553,-7214.441388784609,,,,1076.0,74.504
298,1,298,-2843.331220059553,-7213.441388784609,,,,1074.0,74.491
299,1,299,-2842.331220059553,-7212.441388784609,,,,1073.0,74.476
300,1,300,-2841.331220059553,-7211.441388784609,,,,1070.0,74.462
301,1,301,-2840.331220059553,-7210.441388784609,,,,1069.0,74.449
302,1,302,-2839.331220059553,-7209.441388784609,,,,1068.0,74.435
303,1,303,-2838.331220059553,-7208.441388784609,,,,1066.0,74.423
304,1,304,-2837.331220059553,-7207.441388784609,,,,1065.0,74.412
305,1,305,-2836.331220059553,-7206.441388784609,,,,1063.0,74.4
306,1,306,-2835.331220059553,-7205.441388784609,,,,1061.0,74.389
307,1,307,-2834.331220059553,-7204.441388784609,,,,1062.0,74.376
308,1,308,-2833.331220059553,-7203.441388784609,,,,1062.0,74.366
309,1,309,-2832.331220059553,-7202.441388784609,,,,1062.0,74.355
310,1,310,-2831.331220059553,-7201.441388784609,,,,1061.0,74.342
311,1,311,-2830.331220059553,-7200.441388784609,,,,1063.0,74.328
312,1,312,-2829.331220059553,-7199.441388784609,,,,1064.0,74.313
313,1,313,-2828.331220059553,-7198.441388784609,,,,1065.0,74.299
314,1,314,-2827.331220059553,-7197.441388784609,,,,1069.0,74.287
315,1,315,-2826.331220059553,-7196.441388784609,,,,1068.0,74.274
316,1,316,-2825.331220059553,-7195.441388784609,,,,1068.0,74.263
317,1,317,-2824.331220059553,-7194.441388784609,,,,1065.0,74.251
318,1,318,-2823.331220059553,-7193.441388784609,,,,1067.0,74.241
319,1,319,-2822.331220059553,-7192.441388784609,,,,1069.0,74.231
320,1,320,-2821.331220059553,-7191.441388784609,,,,1068.0,74.221
321,1,321,-2820.331220059553,-7190.441388784609,,,,1067.0,74.213
322,1,322,-2819.331220059553,-7189.441388784609,,,,1065.0,74.202
323,1,323,-2818.331220059553,-7188.441388784609,,,,1065.0,74.19
324,1,324,-2817.331220059553,-7187.441388784609,,,,1068.0,74.178
325,1,325,-2816.331220059553,-7186.441388784609,,,,1070.0,74.165
326,1,326,-2815.331220059553,-7185.441388784609,,,,1072.0,74.155
327,1,327,-2814.331220059553,-7184.441388784609,,,,1074.0,74.144
328,1,328,-2813.331220059553,-7183.441388784609,,,,1075.0,74.137
329,1,329,-2812.331220059553,-7182.441388784609,,,,1076.0,74.133
685,1,685,-2456.331220059553,-6826.441388784609,,,,1345.0,74.128
686,1,686,-2455.331220059553,-6825.441388784609,,,,1345.0,74.116
687,1,687,-2454.331220059553,-6824.441388784609,,,,1345.0,74.104
688,1,688,-2453.331220059553,-6823.441388784609,,,,1344.0,74.093
689,1,689,-2452.331220059553,-6822.441388784609,,,,1344.0,74.081
690,1,690,-2451.331220059553,-6821.441388784609,,,,1343.0,74.07
691,1,691,-2450.331220059553,-6820.441388784609,,,,1344.0,74.059
692,1,692,-2449.331220059553,-6819.441388784609,,,,1343.0,74.047
693,1,693,-2448.331220059553,-6818.441388784609,,,,1344.0,74.036
694,1,694,-2447.331220059553,-6817.441388784609,,,,1346.0,74.024
695,1,695,-2446.331220059553,-6816.441388784609,,,,1346.0,74.013
696,1,696,-2445.331220059553,-6815.441388784609,,,,1346.0,74.002
697,1,697,-2444.331220059553,-6814.441388784609,,,,1347.0,73.992
698,1,698,-2443.331220059553,-6813.441388784609,,,,1347.0,73.983
699,1,699,-2442.331220059553,-6812.441388784609,,,,1346.0,73.974
700,1,700,-2441.331220059553,-6811.441388784609,,,,1344.0,73.964
701,1,701,-2440.331220059553,-6810.441388784609,,,,1341.0,73.951
702,1,702,-2439.331220059553,-6809.441388784609,,,,1341.0,73.94
703,1,703,-2438.331220059553,-6808.441388784609,,,,1341.0,73.93
704,1,704,-2437.331220059553,-6807.441388784609,,,,1342.0,73.92
705,1,705,-2436.331220059553,-6806.441388784609,,,,1344.0,73.908
706,1,706,-2435.331220059553,-6805.441388784609,,,,1345.0,73.895
707,1,707,-2434.331220059553,-6804.441388784609,,,,1347.0,73.884
708,1,708,-2433.331220059553,-6803.441388784609,,,,1348.0,73.871
709,1,709,-2432.331220059553,-6802.441388784609,,,,1346.0,73.858
710,1,710,-2431.331220059553,-6801.441388784609,,,,1346.0,73.845
711,1,711,-2430.331220059553,-6800.441388784609,,,,1347.0,73.834
712,1,712,-2429.331220059553,-6799.441388784609,,,,1351.0,73.825
713,1,713,-2428.331220059553,-6798.441388784609,,,,1352.0,73.82
714,1,714,-2427.331220059553,-6797.441388784609,,,,1352.0,73.817
852,1,852,-2289.331220059553,-6659.441388784609,,,,1444.0,73.814
853,1,853,-2288.331220059553,-6658.441388784609,,,,1445.0,73.8
854,1,854,-2287.331220059553,-6657.441388784609,,,,1445.0,73.788
855,1,855,-2286.331220059553,-6656.441388784609,,,,1443.0,73.776
856,1,856,-2285.331220059553,-6655.441388784609,,,,1443.0,73.762
857,1,857,-2284.331220059553,-6654.441388784609,,,,1441.0,73.75
858,1,858,-2283.331220059553,-6653.441388784609,,,,1442.0,73.738
859,1,859,-2282.331220059553,-6652.441388784609,,,,1442.0,73.726
860,1,860,-2281.331220059553,-6651.441388784609,,,,1442.0,73.716
861,1,861,-2280.331220059553,-6650.441388784609,,,,1443.0,73.706
862,1,862,-2279.331220059553,-6649.441388784609,,,,1444.0,73.696
863,1,863,-2278.331220059553,-6648.441388784609,,,,1444.0,73.687
864,1,864,-2277.331220059553,-6647.441388784609,,,,1444.0,73.677
865,1,865,-2276.331220059553,-6646.441388784609,,,,1442.0,73.666
866,1,866,-2275.331220059553,-6645.441388784609,,,,1441.0,73.654
867,1,867,-2274.331220059553,-6644.441388784609,,,,1440.0,73.641
868,1,868,-2273.331220059553,-6643.441388784609,,,,1440.0,73.628
869,1,869,-2272.331220059553,-6642.441388784609,,,,1439.0,73.617
870,1,870,-2271.331220059553,-6641.441388784609,,,,1440.0,73.604
871,1,871,-2270.331220059553,-6640.441388784609,,,,1441.0,73.593
872,1,872,-2269.331220059553,-6639.441388784609,,,,1441.0,73.58
873,1,873,-2268.331220059553,-6638.441388784609,,,,1440.0,73.568
874,1,874,-2267.331220059553,-6637.441388784609,,,,1439.0,73.556
875,1,875,-2266.331220059553,-6636.441388784609,,,,1440.0,73.543
876,1,876,-2265.331220059553,-6635.441388784609,,,,1440.0,73.531
877,1,877,-2264.331220059553,-6634.441388784609,,,,1440.0,73.519
878,1,878,-2263.331220059553,-6633.441388784609,,,,1439.0,73.506
879,1,879,-2262.331220059553,-6632.441388784609,,,,1437.0,73.492
880,1,880,-2261.331220059553,-6631.441388784609,,,,1435.0,73.481
881,1,881,-2260.331220059553,-6630.441388784609,,,,1431.0,73.467
882,1,882,-2259.331220059553,-6629.441388784609,,,,1431.0,73.453
883,1,883,-2258.331220059553,-6628.441388784609,,,,1430.0,73.441
884,1,884,-2257.331220059553,-6627.441388784609,,,,1429.0,73.428
885,1,885,-2256.331220059553,-6626.441388784609,,,,1428.0,73.416
886,1,886,-2255.331220059553,-6625.441388784609,,,,1428.0,73.404
887,1,887,-2254.331220059553,-6624.441388784609,,,,1429.0,73.392
888,1,888,-2253.331220059553,-6623.441388784609,,,,1427.0,73.38
889,1,889,-2252.331220059553,-6622.441388784609,,,,1424.0,73.368
890,1,890,-2251.331220059553,-6621.441388784609,,,,1422.0,73.354
891,1,891,-2250.331220059553,-6620.441388784609,,,,1423.0,73.341
892,1,892,-2249.331220059553,-6619.441388784609,,,,1423.0,73.329
893,1,893,-2248.331220059553,-6618.441388784609,,,,1423.0,73.316
894,1,894,-2247.331220059553,-6617.441388784609,,,,1424.0,73.306
895,1,895,-2246.331220059553,-6616.441388784609,,,,1428.0,73.295
896,1,896,-2245.331220059553,-6615.441388784609,,,,1429.0,73.285
897,1,897,-2244.331220059553,-6614.441388784609,,,,1433.0,73.278
898,1,898,-2243.331220059553,-6613.441388784609,,,,1434.0,73.27
899,1,899,-2242.331220059553,-6612.441388784609,,,,1432.0,73.263
900,1,900,-2241.331220059553,-6611.441388784609,,,,1429.0,73.258
901,1,901,-2240.331220059553,-6610.441388784609,,,,1427.0,73.25
902,1,902,-2239.331220059553,-6609.441388784609,,,,1429.0,73.242
903,1,903,-2238.331220059553,-6608.441388784609,,,,1426.0,73.232
904,1,904,-2237.331220059553,-6607.441388784609,,,,1425.0,73.22
905,1,905,-2236.331220059553,-6606.441388784609,,,,1422.0,73.207
906,1,906,-2235.331220059553,-6605.441388784609,,,,1420.0,73.193
907,1,907,-2234.331220059553,-6604.441388784609,,,,1419.0,73.182
908,1,908,-2233.331220059553,-6603.441388784609,,,,1419.0,73.169
909,1,909,-2232.331220059553,-6602.441388784609,,,,1418.0,73.158
910,1,910,-2231.331220059553,-6601.441388784609,,,,1416.0,73.147
911,1,911,-2230.331220059553,-6600.441388784609,,,,1415.0,73.137
912,1,912,-2229.331220059553,-6599.441388784609,,,,1413.0,73.125
913,1,913,-2228.331220059553,-6598.441388784609,,,,1410.0,73.112
914,1,914,-2227.331220059553,-6597.441388784609,,,,1409.0,73.099
915,1,915,-2226.331220059553,-6596.441388784609,,,,1406.0,73.084
916,1,916,-2225.331220059553,-6595.441388784609,,,,1405.0,73.07
917,1,917,-2224.331220059553,-6594.441388784609,,,,1404.0,73.056
918,1,918,-2223.331220059553,-6593.441388784609,,,,1399.0,73.04
919,1,919,-2222.331220059553,-6592.441388784609,,,,1396.0,73.025
920,1,920,-2221.331220059553,-6591.441388784609,,,,1392.0,73.009
921,1,921,-2220.331220059553,-6590.441388784609,,,,1389.0,72.994
922,1,922,-2219.331220059553,-6589.441388784609,,,,1388.0,72.977
923,1,923,-2218.331220059553,-6588.441388784609,,,,1386.0,72.961
924,1,924,-2217.331220059553,-6587.441388784609,,,,1384.0,72.946
925,1,925,-2216.331220059553,-6586.441388784609,,,,1380.0,72.933
926,1,926,-2215.331220059553,-6585.441388784609,,,,1381.0,72.917
927,1,927,-2214.331220059553,-6584.441388784609,,,,1378.0,72.904
928,1,928,-2213.331220059553,-6583.441388784609,,,,1379.0,72.891
929,1,929,-2212.331220059553,-6582.441388784609,,,,1378.0,72.88
930,1,930,-2211.331220059553,-6581.441388784609,,,,1378.0,72.868
931,1,931,-2210.331220059553,-6580.441388784609,,,,1379.0,72.858
932,1,932,-2209.331220059553,-6579.441388784609,,,,1379.0,72.849
933,1,933,-2208.331220059553,-6578.441388784609,,,,1379.0,72.841
934,1,934,-2207.331220059553,-6577.441388784609,,,,1378.0,72.832
935,1,935,-2206.331220059553,-6576.441388784609,,,,1375.0,72.821
936,1,936,-2205.331220059553,-6575.441388784609,,,,1372.0,72.81
937,1,937,-2204.331220059553,-6574.441388784609,,,,1371.0,72.798
938,1,938,-2203.331220059553,-6573.441388784609,,,,1372.0,72.786
939,1,939,-2202.331220059553,-6572.441388784609,,,,1373.0,72.774
940,1,940,-2201.331220059553,-6571.441388784609,,,,1373.0,72.761
941,1,941,-2200.331220059553,-6570.441388784609,,,,1371.0,72.749
942,1,942,-2199.331220059553,-6569.441388784609,,,,1371.0,72.736
943,1,943,-2198.331220059553,-6568.441388784609,,,,1369.0,72.725
944,1,944,-2197.331220059553,-6567.441388784609,,,,1369.0,72.714
945,1,945,-2196.331220059553,-6566.441388784609,,,,1369.0,72.703
946,1,946,-2195.331220059553,-6565.441388784609,,,,1367.0,72.693
947,1,947,-2194.331220059553,-6564.441388784609,,,,1367.0,72.682
948,1,948,-2193.331220059553,-6563.441388784609,,,,1367.0,72.671
949,1,949,-2192.331220059553,-6562.441388784609,,,,1365.0,72.659
950,1,950,-2191.331220059553,-6561.441388784609,,,,1365.0,72.645
951,1,951,-2190.331220059553,-6560.441388784609,,,,1363.0,72.632
952,1,952,-2189.331220059553,-6559.441388784609,,,,1361.0,72.62
953,1,953,-2188.331220059553,-6558.441388784609,,,,1359.0,72.606
954,1,954,-2187.331220059553,-6557.441388784609,,,,1358.0,72.591
955,1,955,-2186.331220059553,-6556.441388784609,,,,1355.0,72.578
956,1,956,-2185.331220059553,-6555.441388784609,,,,1353.0,72.564
957,1,957,-2184.331220059553,-6554.441388784609,,,,1349.0,72.55
958,1,958,-2183.331220059553,-6553.441388784609,,,,1348.0,72.537
959,1,959,-2182.331220059553,-6552.441388784609,,,,1348.0,72.523
960,1,960,-2181.331220059553,-6551.441388784609,,,,1346.0,72.509
961,1,961,-2180.331220059553,-6550.441388784609,,,,1342.0,72.495
962,1,962,-2179.331220059553,-6549.441388784609,,,,1340.0,72.483
963,1,963,-2178.331220059553,-6548.441388784609,,,,1337.0,72.472
964,1,964,-2177.331220059553,-6547.441388784609,,,,1335.0,72.46
965,1,965,-2176.331220059553,-6546.441388784609,,,,1332.0,72.448
966,1,966,-2175.331220059553,-6545.441388784609,,,,1328.0,72.436
967,1,967,-2174.331220059553,-6544.441388784609,,,,1324.0,72.424
968,1,968,-2173.331220059553,-6543.441388784609,,,,1321.0,72.411
969,1,969,-2172.331220059553,-6542.441388784609,,,,1318.0,72.399
970,1,970,-2171.331220059553,-6541.441388784609,,,,1316.0,72.387
971,1,971,-2170.331220059553,-6540.441388784609,,,,1313.0,72.374
972,1,972,-2169.331220059553,-6539.441388784609,,,,1310.0,72.362
973,1,973,-2168.331220059553,-6538.441388784609,,,,1307.0,72.35
974,1,974,-2167.331220059553,-6537.441388784609,,,,1303.0,72.337
975,1,975,-2166.331220059553,-6536.441388784609,,,,1299.0,72.322
976,1,976,-2165.331220059553,-6535.441388784609,,,,1296.0,72.308
977,1,977,-2164.331220059553,-6534.441388784609,,,,1294.0,72.294
978,1,978,-2163.331220059553,-6533.441388784609,,,,1293.0,72.282
979,1,979,-2162.331220059553,-6532.441388784609,,,,1293.0,72.271
980,1,980,-2161.331220059553,-6531.441388784609,,,,1290.0,72.261
981,1,981,-2160.331220059553,-6530.441388784609,,,,1289.0,72.252
982,1,982,-2159.331220059553,-6529.441388784609,,,,1288.0,72.245
983,1,983,-2158.331220059553,-6528.441388784609,,,,1287.0,72.239
984,1,984,-2157.331220059553,-6527.441388784609,,,,1285.0,72.232
985,1,985,-2156.331220059553,-6526.441388784609,,,,1283.0,72.226
986,1,986,-2155.331220059553,-6525.441388784609,,,,1281.0,72.221
987,1,987,-2154.331220059553,-6524.441388784609,,,,1278.0,72.214
988,1,988,-2153.331220059553,-6523.441388784609,,,,1274.0,72.208
989,1,989,-2152.331220059553,-6522.441388784609,,,,1273.0,72.201
990,1,990,-2151.331220059553,-6521.441388784609,,,,1271.0,72.193
991,1,991,-2150.331220059553,-6520.441388784609,,,,1270.0,72.183
992,1,992,-2149.331220059553,-6519.441388784609,,,,1268.0,72.174
993,1,993,-2148.331220059553,-6518.441388784609,,,,1268.0,72.164
994,1,994,-2147.331220059553,-6517.441388784609,,,,1265.0,72.153
995,1,995,-2146.331220059553,-6516.441388784609,,,,1264.0,72.141
996,1,996,-2145.331220059553,-6515.441388784609,,,,1261.0,72.129
997,1,997,-2144.331220059553,-6514.441388784609,,,,1260.0,72.119
998,1,998,-2143.331220059553,-6513.441388784609,,,,1259.0,72.108
999,1,999,-2142.331220059553,-6512.441388784609,,,,1259.0,72.096
1000,1,1000,-2141.331220059553,-6511.441388784609,,,,1258.0,72.085
1001,1,1001,-2140.331220059553,-6510.441388784609,,,,1257.0,72.076
1002,1,1002,-2139.331220059553,-6509.441388784609,,,,1255.0,72.067
1003,1,1003,-2138.331220059553,-6508.441388784609,,,,1252.0,72.059
1004,1,1004,-2137.331220059553,-6507.441388784609,,,,1252.0,72.051
1005,1,1005,-2136.331220059553,-6506.441388784609,,,,1252.0,72.043
1006,1,1006,-2135.331220059553,-6505.441388784609,,,,1251.0,72.034
1007,1,1007,-2134.331220059553,-6504.441388784609,,,,1250.0,72.025
1008,1,1008,-2133.331220059553,-6503.441388784609,,,,1250.0,72.016
1009,1,1009,-2132.331220059553,-6502.441388784609,,,,1248.0,72.004
1010,1,1010,-2131.331220059553,-6501.441388784609,,,,1248.0,71.993
1011,1,1011,-2130.331220059553,-6500.441388784609,,,,1246.0,71.982
1012,1,1012,-2129.331220059553,-6499.441388784609,,,,1246.0,71.969
1013,1,1013,-2128.331220059553,-6498.441388784609,,,,1245.0,71.956
1014,1,1014,-2127.331220059553,-6497.441388784609,,,,1246.0,71.944
1015,1,1015,-2126.331220059553,-6496.441388784609,,,,1245.0,71.931
1016,1,1016,-2125.331220059553,-6495.441388784609,,,,1246.0,71.918
1017,1,1017,-2124.331220059553,-6494.441388784609,,,,1245.0,71.906
1018,1,1018,-2123.331220059553,-6493.441388784609,,,,1246.0,71.894
1019,1,1019,-2122.331220059553,-6492.441388784609,,,,1245.0,71.882
1020,1,1020,-2121.331220059553,-6491.441388784609,,,,1245.0,71.871
1021,1,1021,-2120.331220059553,-6490.441388784609,,,,1245.0,71.86
1022,1,1022,-2119.331220059553,-6489.441388784609,,,,1243.0,71.85
1023,1,1023,-2118.331220059553,-6488.441388784609,,,,1242.0,71.844
1024,1,1024,-2117.331220059553,-6487.441388784609,,,,1239.0,71.838
1025,1,1025,-2116.331220059553,-6486.441388784609,,,,1240.0,71.834
1026,1,1026,-2115.331220059553,-6485.441388784609,,,,1239.0,71.831
1027,1,1027,-2114.331220059553,-6484.441388784609,,,,1239.0,71.828
1028,1,1028,-2113.331220059553,-6483.441388784609,,,,1239.0,71.826
1029,1,1029,-2112.331220059553,-6482.441388784609,,,,1239.0,71.824
1030,1,1030,-2111.331220059553,-6481.441388784609,,,,1239.0,71.823
1041,1,1041,-2100.331220059553,-6470.441388784609,,,,1229.0,71.819
1042,1,1042,-2099.331220059553,-6469.441388784609,,,,1226.0,71.808
1043,1,1043,-2098.331220059553,-6468.441388784609,,,,1224.0,71.798
1044,1,1044,-2097.331220059553,-6467.441388784609,,,,1223.0,71.786
1045,1,1045,-2096.331220059553,-6466.441388784609,,,,1223.0,71.776
1046,1,1046,-2095.331220059553,-6465.441388784609,,,,1224.0,71.767
1047,1,1047,-2094.331220059553,-6464.441388784609,,,,1224.0,71.758
1048,1,1048,-2093.331220059553,-6463.441388784609,,,,1225.0,71.749
1049,1,1049,-2092.331220059553,-6462.441388784609,,,,1223.0,71.743
1050,1,1050,-2091.331220059553,-6461.441388784609,,,,1222.0,71.737
1051,1,1051,-2090.331220059553,-6460.441388784609,,,,1220.0,71.734
1052,1,1052,-2089.331220059553,-6459.441388784609,,,,1218.0,71.731
1831,1,1831,-1310.331220059553,-5680.441388784609,,,,1526.0,71.721
1832,1,1832,-1309.331220059553,-5679.441388784609,,,,1525.0,71.709
1833,1,1833,-1308.331220059553,-5678.441388784609,,,,1524.0,71.695
1834,1,1834,-1307.331220059553,-5677.441388784609,,,,1521.0,71.681
1835,1,1835,-1306.331220059553,-5676.441388784609,,,,1520.0,71.669
1836,1,1836,-1305.331220059553,-5675.441388784609,,,,1519.0,71.656
1837,1,1837,-1304.331220059553,-5674.441388784609,,,,1517.0,71.643
1838,1,1838,-1303.331220059553,-5673.441388784609,,,,1515.0,71.632
1839,1,1839,-1302.331220059553,-5672.441388784609,,,,1513.0,71.622
1840,1,1840,-1301.331220059553,-5671.441388784609,,,,1513.0,71.611
1841,1,1841,-1300.331220059553,-5670.441388784609,,,,1511.0,71.602
1842,1,1842,-1299.331220059553,-5669.441388784609,,,,1509.0,71.594
1843,1,1843,-1298.331220059553,-5668.441388784609,,,,1505.0,71.585
1844,1,1844,-1297.331220059553,-5667.441388784609,,,,1501.0,71.577
1845,1,1845,-1296.331220059553,-5666.441388784609,,,,1497.0,71.57
1846,1,1846,-1295.331220059553,-5665.441388784609,,,,1494.0,71.562
1847,1,1847,-1294.331220059553,-5664.441388784609,,,,1490.0,71.553
1848,1,1848,-1293.331220059553,-5663.441388784609,,,,1489.0,71.543
1849,1,1849,-1292.331220059553,-5662.441388784609,,,,1490.0,71.534
1850,1,1850,-1291.331220059553,-5661.441388784609,,,,1495.0,71.524
1851,1,1851,-1290.331220059553,-5660.441388784609,,,,1496.0,71.516
1852,1,1852,-1289.331220059553,-5659.441388784609,,,,1498.0,71.506
1853,1,1853,-1288.331220059553,-5658.441388784609,,,,1499.0,71.495
1854,1,1854,-1287.331220059553,-5657.441388784609,,,,1502.0,71.487
1855,1,1855,-1286.331220059553,-5656.441388784609,,,,1503.0,71.477
1856,1,1856,-1285.331220059553,-5655.441388784609,,,,1502.0,71.468
1857,1,1857,-1284.331220059553,-5654.441388784609,,,,1502.0,71.459
1858,1,1858,-1283.331220059553,-5653.441388784609,,,,1501.0,71.451
1859,1,1859,-1282.331220059553,-5652.441388784609,,,,1499.0,71.443
1860,1,1860,-1281.331220059553,-5651.441388784609,,,,1498.0,71.436
1861,1,1861,-1280.331220059553,-5650.441388784609,,,,1497.0,71.429
1862,1,1862,-1279.331220059553,-5649.441388784609,,,,1495.0,71.423
1863,1,1863,-1278.331220059553,-5648.441388784609,,,,1494.0,71.416
1864,1,1864,-1277.331220059553,-5647.441388784609,,,,1493.0,71.409
1865,1,1865,-1276.331220059553,-5646.441388784609,,,,1494.0,71.399
1866,1,1866,-1275.331220059553,-5645.441388784609,,,,1497.0,71.39
1867,1,1867,-1274.331220059553,-5644.441388784609,,,,1500.0,71.38
1868,1,1868,-1273.331220059553,-5643.441388784609,,,,1505.0,71.371
1869,1,1869,-1272.331220059553,-5642.441388784609,,,,1507.0,71.361
1870,1,1870,-1271.331220059553,-5641.441388784609,,,,1512.0,71.35
1871,1,1871,-1270.331220059553,-5640.441388784609,,,,1515.0,71.34
1872,1,1872,-1269.331220059553,-5639.441388784609,,,,1516.0,71.329
1873,1,1873,-1268.331220059553,-5638.441388784609,,,,1518.0,71.319
1874,1,1874,-1267.331220059553,-5637.441388784609,,,,1519.0,71.311
1875,1,1875,-1266.331220059553,-5636.441388784609,,,,1520.0,71.305
1937,1,1937,-1204.331220059553,-5574.441388784609,,,,1623.0,71.303
1938,1,1938,-1203.331220059553,-5573.441388784609,,,,1625.0,71.29
1939,1,1939,-1202.331220059553,-5572.441388784609,,,,1626.0,71.277
1940,1,1940,-1201.331220059553,-5571.441388784609,,,,1626.0,71.262
1941,1,1941,-1200.331220059553,-5570.441388784609,,,,1626.0,71.246
1942,1,1942,-1199.331220059553,-5569.441388784609,,,,1627.0,71.231
1943,1,1943,-1198.331220059553,-5568.441388784609,,,,1628.0,71.214
1944,1,1944,-1197.331220059553,-5567.441388784609,,,,1626.0,71.198
1945,1,1945,-1196.331220059553,-5566.441388784609,,,,1626.0,71.182
1946,1,1946,-1195.331220059553,-5565.441388784609,,,,1627.0,71.168
1947,1,1947,-1194.331220059553,-5564.441388784609,,,,1626.0,71.154
1948,1,1948,-1193.331220059553,-5563.441388784609,,,,1626.0,71.14
1949,1,1949,-1192.331220059553,-5562.441388784609,,,,1626.0,71.129
1950,1,1950,-1191.331220059553,-5561.441388784609,,,,1625.0,71.116
1951,1,1951,-1190.331220059553,-5560.441388784609,,,,1622.0,71.103
1952,1,1952,-1189.331220059553,-5559.441388784609,,,,1620.0,71.088
1953,1,1953,-1188.331220059553,-5558.441388784609,,,,1617.0,71.073
1954,1,1954,-1187.331220059553,-5557.441388784609,,,,1614.0,71.058
1955,1,1955,-1186.331220059553,-5556.441388784609,,,,1612.0,71.042
1956,1,1956,-1185.331220059553,-5555.441388784609,,,,1610.0,71.025
1957,1,1957,-1184.331220059553,-5554.441388784609,,,,1609.0,71.009
1958,1,1958,-1183.331220059553,-5553.441388784609,,,,1607.0,70.995
1959,1,1959,-1182.331220059553,-5552.441388784609,,,,1605.0,70.979
1960,1,1960,-1181.331220059553,-5551.441388784609,,,,1604.0,70.963
1961,1,1961,-1180.331220059553,-5550.441388784609,,,,1603.0,70.949
1962,1,1962,-1179.331220059553,-5549.441388784609,,,,1602.0,70.933
1963,1,1963,-1178.331220059553,-5548.441388784609,,,,1601.0,70.919
1964,1,1964,-1177.331220059553,-5547.441388784609,,,,1600.0,70.905
1965,1,1965,-1176.331220059553,-5546.441388784609,,,,1599.0,70.893
1966,1,1966,-1175.331220059553,-5545.441388784609,,,,1598.0,70.881
1967,1,1967,-1174.331220059553,-5544.441388784609,,,,1597.0,70.871
1968,1,1968,-1173.331220059553,-5543.441388784609,,,,1594.0,70.862
1969,1,1969,-1172.331220059553,-5542.441388784609,,,,1592.0,70.852
1970,1,1970,-1171.331220059553,-5541.441388784609,,,,1591.0,70.843
1971,1,1971,-1170.331220059553,-5540.441388784609,,,,1590.0,70.834
1972,1,1972,-1169.331220059553,-5539.441388784609,,,,1588.0,70.824
1973,1,1973,-1168.331220059553,-5538.441388784609,,,,1585.0,70.815
1974,1,1974,-1167.331220059553,-5537.441388784609,,,,1586.0,70.805
1975,1,1975,-1166.331220059553,-5536.441388784609,,,,1586.0,70.794
1976,1,1976,-1165.331220059553,-5535.441388784609,,,,1583.0,70.784
1977,1,1977,-1164.331220059553,-5534.441388784609,,,,1583.0,70.773
1978,1,1978,-1163.331220059553,-5533.441388784609,,,,1582.0,70.763
1979,1,1979,-1162.331220059553,-5532.441388784609,,,,1582.0,70.752
1980,1,1980,-1161.331220059553,-5531.441388784609,,,,1582.0,70.741
1981,1,1981,-1160.331220059553,-5530.441388784609,,,,1581.0,70.73
1982,1,1982,-1159.331220059553,-5529.441388784609,,,,1580.0,70.717
1983,1,1983,-1158.331220059553,-5528.441388784609,,,,1578.0,70.706
1984,1,1984,-1157.331220059553,-5527.441388784609,,,,1578.0,70.692
1985,1,1985,-1156.331220059553,-5526.441388784609,,,,1575.0,70.681
1986,1,1986,-1155.331220059553,-5525.441388784609,,,,1573.0,70.669
1987,1,1987,-1154.331220059553,-5524.441388784609,,,,1570.0,70.655
1988,1,1988,-1153.331220059553,-5523.441388784609,,,,1568.0,70.643
1989,1,1989,-1152.331220059553,-5522.441388784609,,,,1565.0,70.627
1990,1,1990,-1151.331220059553,-5521.441388784609,,,,1563.0,70.613
1991,1,1991,-1150.331220059553,-5520.441388784609,,,,1563.0,70.598
1992,1,1992,-1149.331220059553,-5519.441388784609,,,,1563.0,70.585
1993,1,1993,-1148.331220059553,-5518.441388784609,,,,1564.0,70.572
1994,1,1994,-1147.331220059553,-5517.441388784609,,,,1564.0,70.56
1995,1,1995,-1146.331220059553,-5516.441388784609,,,,1565.0,70.548
1996,1,1996,-1145.331220059553,-5515.441388784609,,,,1565.0,70.538
1997,1,1997,-1144.331220059553,-5514.441388784609,,,,1565.0,70.529
1998,1,1998,-1143.331220059553,-5513.441388784609,,,,1565.0,70.521
1999,1,1999,-1142.331220059553,-5512.441388784609,,,,1563.0,70.513
2000,1,2000,-1141.331220059553,-5511.441388784609,,,,1563.0,70.508
2001,1,2001,-1140.331220059553,-5510.441388784609,,,,1561.0,70.502
2002,1,2002,-1139.331220059553,-5509.441388784609,,,,1560.0,70.498
2003,1,2003,-1138.331220059553,-5508.441388784609,,,,1559.0,70.496
2015,1,2015,-1126.331220059553,-5496.441388784609,,,,1539.0,70.492
2016,1,2016,-1125.331220059553,-5495.441388784609,,,,1540.0,70.485
2017,1,2017,-1124.331220059553,-5494.441388784609,,,,1540.0,70.477
2018,1,2018,-1123.331220059553,-5493.441388784609,,,,1541.0,70.467
2019,1,2019,-1122.331220059553,-5492.441388784609,,,,1542.0,70.457
2020,1,2020,-1121.331220059553,-5491.441388784609,,,,1543.0,70.448
2021,1,2021,-1120.331220059553,-5490.441388784609,,,,1544.0,70.441
2022,1,2022,-1119.331220059553,-5489.441388784609,,,,1544.0,70.437
2023,1,2023,-1118.331220059553,-5488.441388784609,,,,1544.0,70.432
2024,1,2024,-1117.331220059553,-5487.441388784609,,,,1543.0,70.428
2025,1,2025,-1116.331220059553,-5486.441388784609,,,,1542.0,70.422
2026,1,2026,-1115.331220059553,-5485.441388784609,,,,1541.0,70.42
2027,1,2027,-1114.331220059553,-5484.441388784609,,,,1541.0,70.415
2028,1,2028,-1113.331220059553,-5483.441388784609,,,,1541.0,70.413
2029,1,2029,-1112.331220059553,-5482.441388784609,,,,1539.0,70.41
2030,1,2030,-1111.331220059553,-5481.441388784609,,,,1536.0,70.408
2031,1,2031,-1110.331220059553,-5480.441388784609,,,,1536.0,70.407
2105,1,2105,-1036.331220059553,-5406.441388784609,,,,1493.0,70.395
2106,1,2106,-1035.331220059553,-5405.441388784609,,,,1494.0,70.384
2107,1,2107,-1034.331220059553,-5404.441388784609,,,,1494.0,70.373
2108,1,2108,-1033.331220059553,-5403.441388784609,,,,1495.0,70.365
2109,1,2109,-1032.331220059553,-5402.441388784609,,,,1496.0,70.357
2110,1,2110,-1031.331220059553,-5401.441388784609,,,,1494.0,70.351
2111,1,2111,-1030.331220059553,-5400.441388784609,,,,1493.0,70.349
2112,1,2112,-1029.331220059553,-5399.441388784609,,,,1492.0,70.348
2248,1,2248,-893.331220059553,-5263.441388784609,,,,1498.0,70.339
2249,1,2249,-892.331220059553,-5262.441388784609,,,,1496.0,70.325
2250,1,2250,-891.331220059553,-5261.441388784609,,,,1495.0,70.31
2251,1,2251,-890.331220059553,-5260.441388784609,,,,1493.0,70.295
2252,1,2252,-889.331220059553,-5259.441388784609,,,,1491.0,70.28
2253,1,2253,-888.331220059553,-5258.441388784609,,,,1490.0,70.267
2254,1,2254,-887.331220059553,-5257.441388784609,,,,1489.0,70.254
2255,1,2255,-886.331220059553,-5256.441388784609,,,,1488.0,70.243
2256,1,2256,-885.331220059553,-5255.441388784609,,,,1488.0,70.232
2257,1,2257,-884.331220059553,-5254.441388784609,,,,1486.0,70.222
2258,1,2258,-883.331220059553,-5253.441388784609,,,,1483.0,70.21
2259,1,2259,-882.331220059553,-5252.441388784609,,,,1483.0,70.197
2260,1,2260,-881.331220059553,-5251.441388784609,,,,1480.0,70.186
2261,1,2261,-880.331220059553,-5250.441388784609,,,,1479.0,70.174
2262,1,2262,-879.331220059553,-5249.441388784609,,,,1477.0,70.162
2263,1,2263,-878.331220059553,-5248.441388784609,,,,1475.0,70.151
2264,1,2264,-877.331220059553,-5247.441388784609,,,,1475.0,70.14
2265,1,2265,-876.331220059553,-5246.441388784609,,,,1473.0,70.129
2266,1,2266,-875.331220059553,-5245.441388784609,,,,1472.0,70.118
2267,1,2267,-874.331220059553,-5244.441388784609,,,,1470.0,70.106
2268,1,2268,-873.331220059553,-5243.441388784609,,,,1467.0,70.094
2269,1,2269,-872.331220059553,-5242.441388784609,,,,1465.0,70.081
2270,1,2270,-871.331220059553,-5241.441388784609,,,,1463.0,70.068
2271,1,2271,-870.331220059553,-5240.441388784609,,,,1462.0,70.054
2272,1,2272,-869.331220059553,-5239.441388784609,,,,1460.0,70.04
2273,1,2273,-868.331220059553,-5238.441388784609,,,,1460.0,70.026
2274,1,2274,-867.331220059553,-5237.441388784609,,,,1458.0,70.013
2275,1,2275,-866.331220059553,-5236.441388784609,,,,1457.0,69.999
2276,1,2276,-865.331220059553,-5235.441388784609,,,,1457.0,69.987
2277,1,2277,-864.331220059553,-5234.441388784609,,,,1457.0,69.973
2278,1,2278,-863.331220059553,-5233.441388784609,,,,1455.0,69.96
2279,1,2279,-862.331220059553,-5232.441388784609,,,,1455.0,69.947
2280,1,2280,-861.331220059553,-5231.441388784609,,,,1454.0,69.934
2281,1,2281,-860.331220059553,-5230.441388784609,,,,1452.0,69.92
2282,1,2282,-859.331220059553,-5229.441388784609,,,,1451.0,69.906
2283,1,2283,-858.331220059553,-5228.441388784609,,,,1449.0,69.892
2284,1,2284,-857.331220059553,-5227.441388784609,,,,1448.0,69.878
2285,1,2285,-856.331220059553,-5226.441388784609,,,,1445.0,69.864
2286,1,2286,-855.331220059553,-5225.441388784609,,,,1446.0,69.85
2287,1,2287,-854.331220059553,-5224.441388784609,,,,1445.0,69.837
2288,1,2288,-853.331220059553,-5223.441388784609,,,,1446.0,69.825
2289,1,2289,-852.331220059553,-5222.441388784609,,,,1446.0,69.813
2290,1,2290,-851.331220059553,-5221.441388784609,,,,1447.0,69.802
2291,1,2291,-850.331220059553,-5220.441388784609,,,,1448.0,69.789
2292,1,2292,-849.331220059553,-5219.441388784609,,,,1449.0,69.778
2293,1,2293,-848.331220059553,-5218.441388784609,,,,1449.0,69.766
2294,1,2294,-847.331220059553,-5217.441388784609,,,,1449.0,69.753
2295,1,2295,-846.331220059553,-5216.441388784609,,,,1447.0,69.742
2296,1,2296,-845.331220059553,-5215.441388784609,,,,1449.0,69.729
2297,1,2297,-844.331220059553,-5214.441388784609,,,,1448.0,69.717
2298,1,2298,-843.331220059553,-5213.441388784609,,,,1448.0,69.705
2299,1,2299,-842.331220059553,-5212.441388784609,,,,1448.0,69.693
2300,1,2300,-841.331220059553,-5211.441388784609,,,,1446.0,69.68
2301,1,2301,-840.331220059553,-5210.441388784609,,,,1444.0,69.667
2302,1,2302,-839.331220059553,-5209.441388784609,,,,1442.0,69.653
2303,1,2303,-838.331220059553,-5208.441388784609,,,,1440.0,69.64
2304,1,2304,-837.331220059553,-5207.441388784609,,,,1439.0,69.627
2305,1,2305,-836.331220059553,-5206.441388784609,,,,1438.0,69.616
2306,1,2306,-835.331220059553,-5205.441388784609,,,,1438.0,69.607
2307,1,2307,-834.331220059553,-5204.441388784609,,,,1437.0,69.595
2308,1,2308,-833.331220059553,-5203.441388784609,,,,1436.0,69.584
2309,1,2309,-832.331220059553,-5202.441388784609,,,,1436.0,69.574
2310,1,2310,-831.331220059553,-5201.441388784609,,,,1435.0,69.563
2311,1,2311,-830.331220059553,-5200.441388784609,,,,1436.0,69.551
2312,1,2312,-829.331220059553,-5199.441388784609,,,,1435.0,69.54
2313,1,2313,-828.331220059553,-5198.441388784609,,,,1433.0,69.529
2314,1,2314,-827.331220059553,-5197.441388784609,,,,1432.0,69.519
2315,1,2315,-826.331220059553,-5196.441388784609,,,,1432.0,69.508
2316,1,2316,-825.331220059553,-5195.441388784609,,,,1430.0,69.498
2317,1,2317,-824.331220059553,-5194.441388784609,,,,1428.0,69.489
2318,1,2318,-823.331220059553,-5193.441388784609,,,,1426.0,69.479
2319,1,2319,-822.331220059553,-5192.441388784609,,,,1423.0,69.468
2320,1,2320,-821.331220059553,-5191.441388784609,,,,1423.0,69.456
2321,1,2321,-820.331220059553,-5190.441388784609,,,,1422.0,69.446
2322,1,2322,-819.331220059553,-5189.441388784609,,,,1422.0,69.434
2323,1,2323,-818.331220059553,-5188.441388784609,,,,1421.0,69.424
2324,1,2324,-817.331220059553,-5187.441388784609,,,,1420.0,69.413
2325,1,2325,-816.331220059553,-5186.441388784609,,,,1417.0,69.401
2326,1,2326,-815.331220059553,-5185.441388784609,,,,1416.0,69.39
2327,1,2327,-814.331220059553,-5184.441388784609,,,,1415.0,69.38
2328,1,2328,-813.331220059553,-5183.441388784609,,,,1414.0,69.369
2329,1,2329,-812.331220059553,-5182.441388784609,,,,1411.0,69.359
2330,1,2330,-811.331220059553,-5181.441388784609,,,,1409.0,69.351
2331,1,2331,-810.331220059553,-5180.441388784609,,,,1409.0,69.342
2332,1,2332,-809.331220059553,-5179.441388784609,,,,1406.0,69.335
2333,1,2333,-808.331220059553,-5178.441388784609,,,,1405.0,69.328
2334,1,2334,-807.331220059553,-5177.441388784609,,,,1403.0,69.323
2335,1,2335,-806.331220059553,-5176.441388784609,,,,1402.0,69.317
2336,1,2336,-805.331220059553,-5175.441388784609,,,,1399.0,69.31
2337,1,2337,-804.331220059553,-5174.441388784609,,,,1398.0,69.304
2338,1,2338,-803.331220059553,-5173.441388784609,,,,1395.0,69.296
2339,1,2339,-802.331220059553,-5172.441388784609,,,,1391.0,69.287
2340,1,2340,-801.331220059553,-5171.441388784609,,,,1389.0,69.277
2341,1,2341,-800.331220059553,-5170.441388784609,,,,1386.0,69.266
2342,1,2342,-799.331220059553,-5169.441388784609,,,,1384.0,69.254
2343,1,2343,-798.331220059553,-5168.441388784609,,,,1382.0,69.241
2344,1,2344,-797.331220059553,-5167.441388784609,,,,1382.0,69.23
2345,1,2345,-796.331220059553,-5166.441388784609,,,,1380.0,69.218
2346,1,2346,-795.331220059553,-5165.441388784609,,,,1382.0,69.206
2347,1,2347,-794.331220059553,-5164.441388784609,,,,1381.0,69.196
2348,1,2348,-793.331220059553,-5163.441388784609,,,,1382.0,69.185
2349,1,2349,-792.331220059553,-5162.441388784609,,,,1382.0,69.176
2350,1,2350,-791.331220059553,-5161.441388784609,,,,1381.0,69.164
2351,1,2351,-790.331220059553,-5160.441388784609,,,,1380.0,69.153
2352,1,2352,-789.331220059553,-5159.441388784609,,,,1380.0,69.141
2353,1,2353,-788.331220059553,-5158.441388784609,,,,1379.0,69.128
2354,1,2354,-787.331220059553,-5157.441388784609,,,,1375.0,69.114
2355,1,2355,-786.331220059553,-5156.441388784609,,,,1375.0,69.1
2356,1,2356,-785.331220059553,-5155.441388784609,,,,1374.0,69.087
2357,1,2357,-784.331220059553,-5154.441388784609,,,,1374.0,69.075
2358,1,2358,-783.331220059553,-5153.441388784609,,,,1373.0,69.062
2359,1,2359,-782.331220059553,-5152.441388784609,,,,1373.0,69.051
2360,1,2360,-781.331220059553,-5151.441388784609,,,,1373.0,69.04
2361,1,2361,-780.331220059553,-5150.441388784609,,,,1373.0,69.029
2362,1,2362,-779.331220059553,-5149.441388784609,,,,1372.0,69.018
2363,1,2363,-778.331220059553,-5148.441388784609,,,,1371.0,69.007
2364,1,2364,-777.331220059553,-5147.441388784609,,,,1369.0,68.997
2365,1,2365,-776.331220059553,-5146.441388784609,,,,1368.0,68.986
2366,1,2366,-775.331220059553,-5145.441388784609,,,,1367.0,68.975
2367,1,2367,-774.331220059553,-5144.441388784609,,,,1365.0,68.963
2368,1,2368,-773.331220059553,-5143.441388784609,,,,1364.0,68.952
2369,1,2369,-772.331220059553,-5142.441388784609,,,,1362.0,68.941
2370,1,2370,-771.331220059553,-5141.441388784609,,,,1361.0,68.929
2371,1,2371,-770.331220059553,-5140.441388784609,,,,1358.0,68.917
2372,1,2372,-769.331220059553,-5139.441388784609,,,,1357.0,68.905
2373,1,2373,-768.331220059553,-5138.441388784609,,,,1355.0,68.893
2374,1,2374,-767.331220059553,-5137.441388784609,,,,1353.0,68.881
2375,1,2375,-766.331220059553,-5136.441388784609,,,,1351.0,68.87
2376,1,2376,-765.331220059553,-5135.441388784609,,,,1349.0,68.858
2377,1,2377,-764.331220059553,-5134.441388784609,,,,1345.0,68.847
2378,1,2378,-763.331220059553,-5133.441388784609,,,,1345.0,68.835
2379,1,2379,-762.331220059553,-5132.441388784609,,,,1344.0,68.825
2380,1,2380,-761.331220059553,-5131.441388784609,,,,1343.0,68.815
2381,1,2381,-760.331220059553,-5130.441388784609,,,,1342.0,68.807
2382,1,2382,-759.331220059553,-5129.441388784609,,,,1343.0,68.802
2383,1,2383,-758.331220059553,-5128.441388784609,,,,1343.0,68.796
2384,1,2384,-757.331220059553,-5127.441388784609,,,,1345.0,68.793
2385,1,2385,-756.331220059553,-5126.441388784609,,,,1345.0,68.789
2386,1,2386,-755.331220059553,-5125.441388784609,,,,1346.0,68.785
2387,1,2387,-754.331220059553,-5124.441388784609,,,,1347.0,68.782
2388,1,2388,-753.331220059553,-5123.441388784609,,,,1348.0,68.778
2389,1,2389,-752.331220059553,-5122.441388784609,,,,1348.0,68.776
2390,1,2390,-751.331220059553,-5121.441388784609,,,,1350.0,68.772
2391,1,2391,-750.331220059553,-5120.441388784609,,,,1346.0,68.767
2392,1,2392,-749.331220059553,-5119.441388784609,,,,1348.0,68.761
2393,1,2393,-748.331220059553,-5118.441388784609,,,,1349.0,68.754
2394,1,2394,-747.331220059553,-5117.441388784609,,,,1349.0,68.746
2395,1,2395,-746.331220059553,-5116.441388784609,,,,1349.0,68.738
2396,1,2396,-745.331220059553,-5115.441388784609,,,,1351.0,68.73
2397,1,2397,-744.331220059553,-5114.441388784609,,,,1352.0,68.722
2398,1,2398,-743.331220059553,-5113.441388784609,,,,1351.0,68.713
2399,1,2399,-742.331220059553,-5112.441388784609,,,,1351.0,68.704
2400,1,2400,-741.331220059553,-5111.441388784609,,,,1352.0,68.695
2401,1,2401,-740.331220059553,-5110.441388784609,,,,1351.0,68.685
2402,1,2402,-739.331220059553,-5109.441388784609,,,,1351.0,68.674
2403,1,2403,-738.331220059553,-5108.441388784609,,,,1351.0,68.661
2404,1,2404,-737.331220059553,-5107.441388784609,,,,1351.0,68.649
2405,1,2405,-736.331220059553,-5106.441388784609,,,,1351.0,68.635
2406,1,2406,-735.331220059553,-5105.441388784609,,,,1351.0,68.622
2407,1,2407,-734.331220059553,-5104.441388784609,,,,1350.0,68.609
2408,1,2408,-733.331220059553,-5103.441388784609,,,,1349.0,68.597
2409,1,2409,-732.331220059553,-5102.441388784609,,,,1350.0,68.586
2410,1,2410,-731.331220059553,-5101.441388784609,,,,1349.0,68.576
2411,1,2411,-730.331220059553,-5100.441388784609,,,,1348.0,68.567
2412,1,2412,-729.331220059553,-5099.441388784609,,,,1347.0,68.558
2413,1,2413,-728.331220059553,-5098.441388784609,,,,1346.0,68.551
2414,1,2414,-727.331220059553,-5097.441388784609,,,,1345.0,68.543
2415,1,2415,-726.331220059553,-5096.441388784609,,,,1346.0,68.538
2416,1,2416,-725.331220059553,-5095.441388784609,,,,1346.0,68.534
2417,1,2417,-724.331220059553,-5094.441388784609,,,,1346.0,68.531
2418,1,2418,-723.331220059553,-5093.441388784609,,,,1346.0,68.53
3254,2,30,112.668779940447,-4257.441388784609,,,,1473.0,68.518
3255,2,31,113.668779940447,-4256.441388784609,,,,1472.0,68.501
3256,2,32,114.668779940447,-4255.441388784609,,,,1472.0,68.484
3257,2,33,115.668779940447,-4254.441388784609,,,,1473.0,68.467
3258,2,34,116.668779940447,-4253.441388784609,,,,1473.0,68.451
3259,2,35,117.668779940447,-4252.441388784609,,,,1473.0,68.436
3260,2,36,118.668779940447,-4251.441388784609,,,,1472.0,68.42
3261,2,37,119.668779940447,-4250.441388784609,,,,1471.0,68.405
3262,2,38,120.668779940447,-4249.441388784609,,,,1468.0,68.389
3263,2,39,121.668779940447,-4248.441388784609,,,,1466.0,68.373
3264,2,40,122.668779940447,-4247.441388784609,,,,1465.0,68.359
3265,2,41,123.668779940447,-4246.441388784609,,,,1462.0,68.342
3266,2,42,124.668779940447,-4245.441388784609,,,,1462.0,68.327
3267,2,43,125.668779940447,-4244.441388784609,,,,1460.0,68.312
3268,2,44,126.668779940447,-4243.441388784609,,,,1461.0,68.298
3269,2,45,127.668779940447,-4242.441388784609,,,,1459.0,68.283
3270,2,46,128.668779940447,-4241.441388784609,,,,1458.0,68.267
3271,2,47,129.668779940447,-4240.441388784609,,,,1456.0,68.252
3272,2,48,130.668779940447,-4239.441388784609,,,,1454.0,68.235
3273,2,49,131.668779940447,-4238.441388784609,,,,1450.0,68.219
3274,2,50,132.668779940447,-4237.441388784609,,,,1451.0,68.203
3275,2,51,133.668779940447,-4236.441388784609,,,,1449.0,68.187
3276,2,52,134.668779940447,-4235.441388784609,,,,1446.0,68.172
3277,2,53,135.668779940447,-4234.441388784609,,,,1444.0,68.156
3278,2,54,136.668779940447,-4233.441388784609,,,,1441.0,68.138
3279,2,55,137.668779940447,-4232.441388784609,,,,1439.0,68.121
3280,2,56,138.668779940447,-4231.441388784609,,,,1437.0,68.105
3281,2,57,139.668779940447,-4230.441388784609,,,,1436.0,68.089
3282,2,58,140.668779940447,-4229.441388784609,,,,1435.0,68.072
3283,2,59,141.668779940447,-4228.441388784609,,,,1434.0,68.057
3284,2,60,142.668779940447,-4227.441388784609,,,,1435.0,68.041
3285,2,61,143.668779940447,-4226.441388784609,,,,1436.0,68.026
3286,2,62,144.668779940447,-4225.441388784609,,,,1434.0,68.012
3287,2,63,145.668779940447,-4224.441388784609,,,,1433.0,68.0
3288,2,64,146.668779940447,-4223.441388784609,,,,1436.0,67.987
3289,2,65,147.668779940447,-4222.441388784609,,,,1435.0,67.974
3290,2,66,148.668779940447,-4221.441388784609,,,,1433.0,67.959
3291,2,67,149.668779940447,-4220.441388784609,,,,1432.0,67.946
3292,2,68,150.668779940447,-4219.441388784609,,,,1430.0,67.931
3293,2,69,151.668779940447,-4218.441388784609,,,,1431.0,67.916
3294,2,70,152.668779940447,-4217.441388784609,,,,1428.0,67.901
3295,2,71,153.668779940447,-4216.441388784609,,,,1429.0,67.886
3296,2,72,154.668779940447,-4215.441388784609,,,,1429.0,67.872
3297,2,73,155.668779940447,-4214.441388784609,,,,1428.0,67.856
3298,2,74,156.668779940447,-4213.441388784609,,,,1426.0,67.842
3299,2,75,157.668779940447,-4212.441388784609,,,,1428.0,67.828
3300,2,76,158.668779940447,-4211.441388784609,,,,1427.0,67.814
3301,2,77,159.668779940447,-4210.441388784609,,,,1427.0,67.802
3302,2,78,160.668779940447,-4209.441388784609,,,,1426.0,67.789
3303,2,79,161.668779940447,-4208.441388784609,,,,1426.0,67.777
3304,2,80,162.668779940447,-4207.441388784609,,,,1425.0,67.766
3305,2,81,163.668779940447,-4206.441388784609,,,,1422.0,67.754
3306,2,82,164.668779940447,-4205.441388784609,,,,1421.0,67.741
3307,2,83,165.668779940447,-4204.441388784609,,,,1420.0,67.728
3308,2,84,166.668779940447,-4203.441388784609,,,,1418.0,67.715
3309,2,85,167.668779940447,-4202.441388784609,,,,1418.0,67.702
3310,2,86,168.668779940447,-4201.441388784609,,,,1417.0,67.687
3311,2,87,169.668779940447,-4200.441388784609,,,,1416.0,67.673
3312,2,88,170.668779940447,-4199.441388784609,,,,1417.0,67.658
3313,2,89,171.668779940447,-4198.441388784609,,,,1417.0,67.643
3314,2,90,172.668779940447,-4197.441388784609,,,,1417.0,67.63
3315,2,91,173.668779940447,-4196.441388784609,,,,1418.0,67.617
3316,2,92,174.668779940447,-4195.441388784609,,,,1418.0,67.602
3317,2,93,175.668779940447,-4194.441388784609,,,,1416.0,67.588
3318,2,94,176.668779940447,-4193.441388784609,,,,1418.0,67.575
3319,2,95,177.668779940447,-4192.441388784609,,,,1418.0,67.563
3320,2,96,178.668779940447,-4191.441388784609,,,,1416.0,67.55
3321,2,97,179.668779940447,-4190.441388784609,,,,1415.0,67.537
3322,2,98,180.668779940447,-4189.441388784609,,,,1412.0,67.524
3323,2,99,181.668779940447,-4188.441388784609,,,,1410.0,67.509
3324,2,100,182.668779940447,-4187.441388784609,,,,1408.0,67.495
3325,2,101,183.668779940447,-4186.441388784609,,,,1407.0,67.482
3326,2,102,184.668779940447,-4185.441388784609,,,,1405.0,67.468
3327,2,103,185.668779940447,-4184.441388784609,,,,1404.0,67.453
3328,2,104,186.668779940447,-4183.441388784609,,,,1404.0,67.438
3329,2,105,187.668779940447,-4182.441388784609,,,,1403.0,67.424
3330,2,106,188.668779940447,-4181.441388784609,,,,1402.0,67.408
3331,2,107,189.668779940447,-4180.441388784609,,,,1399.0,67.39
3332,2,108,190.668779940447,-4179.441388784609,,,,1396.0,67.372
3333,2,109,191.668779940447,-4178.441388784609,,,,1394.0,67.354
3334,2,110,192.668779940447,-4177.441388784609,,,,1393.0,67.336
3335,2,111,193.668779940447,-4176.441388784609,,,,1392.0,67.318
3336,2,112,194.668779940447,-4175.441388784609,,,,1391.0,67.3
3337,2,113,195.668779940447,-4174.441388784609,,,,1392.0,67.284
3338,2,114,196.668779940447,-4173.441388784609,,,,1393.0,67.269
3339,2,115,197.668779940447,-4172.441388784609,,,,1392.0,67.253
3340,2,116,198.668779940447,-4171.441388784609,,,,1391.0,67.237
3341,2,117,199.668779940447,-4170.441388784609,,,,1390.0,67.221
3342,2,118,200.668779940447,-4169.441388784609,,,,1387.0,67.205
3343,2,119,201.668779940447,-4168.441388784609,,,,1386.0,67.187
3344,2,120,202.668779940447,-4167.441388784609,,,,1383.0,67.169
3345,2,121,203.668779940447,-4166.441388784609,,,,1382.0,67.151
3346,2,122,204.668779940447,-4165.441388784609,,,,1381.0,67.134
3347,2,123,205.668779940447,-4164.441388784609,,,,1381.0,67.117
3348,2,124,206.668779940447,-4163.441388784609,,,,1381.0,67.101
3349,2,125,207.668779940447,-4162.441388784609,,,,1381.0,67.085
3350,2,126,208.668779940447,-4161.441388784609,,,,1380.0,67.071
3351,2,127,209.668779940447,-4160.441388784609,,,,1378.0,67.056
3352,2,128,210.668779940447,-4159.441388784609,,,,1379.0,67.042
3353,2,129,211.668779940447,-4158.441388784609,,,,1376.0,67.026
3354,2,130,212.668779940447,-4157.441388784609,,,,1375.0,67.01
3355,2,131,213.668779940447,-4156.441388784609,,,,1375.0,66.995
3356,2,132,214.668779940447,-4155.441388784609,,,,1372.0,66.979
3357,2,133,215.668779940447,-4154.441388784609,,,,1370.0,66.963
3358,2,134,216.668779940447,-4153.441388784609,,,,1368.0,66.948
3359,2,135,217.668779940447,-4152.441388784609,,,,1366.0,66.932
3360,2,136,218.668779940447,-4151.441388784609,,,,1363.0,66.916
3361,2,137,219.668779940447,-4150.441388784609,,,,1362.0,66.9
3362,2,138,220.668779940447,-4149.441388784609,,,,1361.0,66.885
3363,2,139,221.668779940447,-4148.441388784609,,,,1359.0,66.87
3364,2,140,222.668779940447,-4147.441388784609,,,,1360.0,66.855
3365,2,141,223.668779940447,-4146.441388784609,,,,1359.0,66.839
3366,2,142,224.668779940447,-4145.441388784609,,,,1358.0,66.824
3367,2,143,225.668779940447,-4144.441388784609,,,,1357.0,66.808
3368,2,144,226.668779940447,-4143.441388784609,,,,1355.0,66.792
3369,2,145,227.668779940447,-4142.441388784609,,,,1353.0,66.775
3370,2,146,228.668779940447,-4141.441388784609,,,,1351.0,66.757
3371,2,147,229.668779940447,-4140.441388784609,,,,1349.0,66.739
3372,2,148,230.668779940447,-4139.441388784609,,,,1347.0,66.721
3373,2,149,231.668779940447,-4138.441388784609,,,,1347.0,66.704
3374,2,150,232.668779940447,-4137.441388784609,,,,1345.0,66.687
3375,2,151,233.668779940447,-4136.441388784609,,,,1344.0,66.671
3376,2,152,234.668779940447,-4135.441388784609,,,,1342.0,66.655
3377,2,153,235.668779940447,-4134.441388784609,,,,1341.0,66.638
3378,2,154,236.668779940447,-4133.441388784609,,,,1338.0,66.621
3379,2,155,237.668779940447,-4132.441388784609,,,,1338.0,66.605
3380,2,156,238.668779940447,-4131.441388784609,,,,1337.0,66.59
3381,2,157,239.668779940447,-4130.441388784609,,,,1335.0,66.574
3382,2,158,240.668779940447,-4129.441388784609,,,,1334.0,66.56
3383,2,159,241.668779940447,-4128.441388784609,,,,1331.0,66.544
3384,2,160,242.668779940447,-4127.441388784609,,,,1330.0,66.527
3385,2,161,243.668779940447,-4126.441388784609,,,,1329.0,66.513
3386,2,162,244.668779940447,-4125.441388784609,,,,1326.0,66.497
3387,2,163,245.668779940447,-4124.441388784609,,,,1324.0,66.481
3388,2,164,246.668779940447,-4123.441388784609,,,,1322.0,66.464
3389,2,165,247.668779940447,-4122.441388784609,,,,1320.0,66.449
3390,2,166,248.668779940447,-4121.441388784609,,,,1318.0,66.433
3391,2,167,249.668779940447,-4120.441388784609,,,,1316.0,66.416
3392,2,168,250.668779940447,-4119.441388784609,,,,1313.0,66.4
3393,2,169,251.668779940447,-4118.441388784609,,,,1312.0,66.382
3394,2,170,252.668779940447,-4117.441388784609,,,,1311.0,66.366
3395,2,171,253.668779940447,-4116.441388784609,,,,1307.0,66.35
3396,2,172,254.668779940447,-4115.441388784609,,,,1308.0,66.334
3397,2,173,255.668779940447,-4114.441388784609,,,,1305.0,66.317
3398,2,174,256.668779940447,-4113.441388784609,,,,1303.0,66.299
3399,2,175,257.668779940447,-4112.441388784609,,,,1299.0,66.282
3400,2,176,258.668779940447,-4111.441388784609,,,,1298.0,66.266
3401,2,177,259.668779940447,-4110.441388784609,,,,1295.0,66.25
3402,2,178,260.668779940447,-4109.441388784609,,,,1292.0,66.234
3403,2,179,261.668779940447,-4108.441388784609,,,,1289.0,66.22
3404,2,180,262.668779940447,-4107.441388784609,,,,1288.0,66.204
3405,2,181,263.668779940447,-4106.441388784609,,,,1287.0,66.19
3406,2,182,264.668779940447,-4105.441388784609,,,,1286.0,66.175
3407,2,183,265.668779940447,-4104.441388784609,,,,1286.0,66.159
3408,2,184,266.668779940447,-4103.441388784609,,,,1284.0,66.144
3409,2,185,267.668779940447,-4102.441388784609,,,,1283.0,66.128
3410,2,186,268.668779940447,-4101.441388784609,,,,1284.0,66.112
3411,2,187,269.668779940447,-4100.441388784609,,,,1283.0,66.096
3412,2,188,270.668779940447,-4099.441388784609,,,,1281.0,66.081
3413,2,189,271.668779940447,-4098.441388784609,,,,1283.0,66.067
3414,2,190,272.668779940447,-4097.441388784609,,,,1282.0,66.051
3415,2,191,273.668779940447,-4096.441388784609,,,,1284.0,66.038
3416,2,192,274.668779940447,-4095.441388784609,,,,1284.0,66.026
3417,2,193,275.668779940447,-4094.441388784609,,,,1283.0,66.015
3418,2,194,276.668779940447,-4093.441388784609,,,,1282.0,66.006
3419,2,195,277.668779940447,-4092.441388784609,,,,1280.0,65.996
3420,2,196,278.668779940447,-4091.441388784609,,,,1277.0,65.984
3421,2,197,279.668779940447,-4090.441388784609,,,,1275.0,65.973
3422,2,198,280.668779940447,-4089.441388784609,,,,1271.0,65.96
3423,2,199,281.668779940447,-4088.441388784609,,,,1271.0,65.945
3424,2,200,282.668779940447,-4087.441388784609,,,,1269.0,65.931
3425,2,201,283.668779940447,-4086.441388784609,,,,1272.0,65.916
3426,2,202,284.668779940447,-4085.441388784609,,,,1275.0,65.901
3427,2,203,285.668779940447,-4084.441388784609,,,,1274.0,65.887
3428,2,204,286.668779940447,-4083.441388784609,,,,1277.0,65.875
3429,2,205,287.668779940447,-4082.441388784609,,,,1279.0,65.864
3430,2,206,288.668779940447,-4081.441388784609,,,,1279.0,65.855
3431,2,207,289.668779940447,-4080.441388784609,,,,1280.0,65.846
3432,2,208,290.668779940447,-4079.441388784609,,,,1280.0,65.839
3433,2,209,291.668779940447,-4078.441388784609,,,,1278.0,65.83
3434,2,210,292.668779940447,-4077.441388784609,,,,1278.0,65.823
3435,2,211,293.668779940447,-4076.441388784609,,,,1277.0,65.816
3436,2,212,294.668779940447,-4075.441388784609,,,,1277.0,65.809
3437,2,213,295.668779940447,-4074.441388784609,,,,1275.0,65.802
3438,2,214,296.668779940447,-4073.441388784609,,,,1275.0,65.796
3439,2,215,297.668779940447,-4072.441388784609,,,,1275.0,65.789
3440,2,216,298.668779940447,-4071.441388784609,,,,1275.0,65.783
3441,2,217,299.668779940447,-4070.441388784609,,,,1276.0,65.776
3442,2,218,300.668779940447,-4069.441388784609,,,,1275.0,65.768
3443,2,219,301.668779940447,-4068.441388784609,,,,1276.0,65.763
3444,2,220,302.668779940447,-4067.441388784609,,,,1278.0,65.755
3445,2,221,303.668779940447,-4066.441388784609,,,,1280.0,65.749
3446,2,222,304.668779940447,-4065.441388784609,,,,1283.0,65.743
3447,2,223,305.668779940447,-4064.441388784609,,,,1286.0,65.738
3448,2,224,306.668779940447,-4063.441388784609,,,,1286.0,65.734
3449,2,225,307.668779940447,-4062.441388784609,,,,1291.0,65.733
3539,2,315,397.668779940447,-3972.441388784609,,,,1396.0,65.727
3540,2,316,398.668779940447,-3971.441388784609,,,,1398.0,65.72
3541,2,317,399.668779940447,-3970.441388784609,,,,1399.0,65.712
3542,2,318,400.668779940447,-3969.441388784609,,,,1397.0,65.701
3543,2,319,401.668779940447,-3968.441388784609,,,,1396.0,65.69
3544,2,320,402.668779940447,-3967.441388784609,,,,1395.0,65.676
3545,2,321,403.668779940447,-3966.441388784609,,,,1393.0,65.66
3546,2,322,404.668779940447,-3965.441388784609,,,,1394.0,65.643
3547,2,323,405.668779940447,-3964.441388784609,,,,1395.0,65.628
3548,2,324,406.668779940447,-3963.441388784609,,,,1396.0,65.615
3549,2,325,407.668779940447,-3962.441388784609,,,,1399.0,65.604
3550,2,326,408.668779940447,-3961.441388784609,,,,1399.0,65.596
3551,2,327,409.668779940447,-3960.441388784609,,,,1402.0,65.588
3552,2,328,410.668779940447,-3959.441388784609,,,,1402.0,65.581
3553,2,329,411.668779940447,-3958.441388784609,,,,1404.0,65.575
3554,2,330,412.668779940447,-3957.441388784609,,,,1403.0,65.57
3555,2,331,413.668779940447,-3956.441388784609,,,,1404.0,65.564
3556,2,332,414.668779940447,-3955.441388784609,,,,1406.0,65.559
3557,2,333,415.668779940447,-3954.441388784609,,,,1404.0,65.552
3558,2,334,416.668779940447,-3953.441388784609,,,,1404.0,65.545
3559,2,335,417.668779940447,-3952.441388784609,,,,1401.0,65.536
3560,2,336,418.668779940447,-3951.441388784609,,,,1401.0,65.523
3561,2,337,419.668779940447,-3950.441388784609,,,,1400.0,65.51
3562,2,338,420.668779940447,-3949.441388784609,,,,1399.0,65.496
3563,2,339,421.668779940447,-3948.441388784609,,,,1398.0,65.482
3564,2,340,422.668779940447,-3947.441388784609,,,,1397.0,65.468
3565,2,341,423.668779940447,-3946.441388784609,,,,1397.0,65.456
3566,2,342,424.668779940447,-3945.441388784609,,,,1399.0,65.445
3567,2,343,425.668779940447,-3944.441388784609,,,,1399.0,65.436
3568,2,344,426.668779940447,-3943.441388784609,,,,1398.0,65.428
3569,2,345,427.668779940447,-3942.441388784609,,,,1396.0,65.42
3570,2,346,428.668779940447,-3941.441388784609,,,,1397.0,65.414
3571,2,347,429.668779940447,-3940.441388784609,,,,1395.0,65.408
3572,2,348,430.668779940447,-3939.441388784609,,,,1396.0,65.402
3573,2,349,431.668779940447,-3938.441388784609,,,,1394.0,65.396
3574,2,350,432.668779940447,-3937.441388784609,,,,1394.0,65.388
3575,2,351,433.668779940447,-3936.441388784609,,,,1393.0,65.38
3576,2,352,434.668779940447,-3935.441388784609,,,,1393.0,65.37
3577,2,353,435.668779940447,-3934.441388784609,,,,1392.0,65.361
3578,2,354,436.668779940447,-3933.441388784609,,,,1393.0,65.35
3579,2,355,437.668779940447,-3932.441388784609,,,,1393.0,65.34
3580,2,356,438.668779940447,-3931.441388784609,,,,1394.0,65.329
3581,2,357,439.668779940447,-3930.441388784609,,,,1394.0,65.32
3582,2,358,440.668779940447,-3929.441388784609,,,,1395.0,65.311
3583,2,359,441.668779940447,-3928.441388784609,,,,1395.0,65.302
3584,2,360,442.668779940447,-3927.441388784609,,,,1394.0,65.291
3585,2,361,443.668779940447,-3926.441388784609,,,,1393.0,65.279
3586,2,362,444.668779940447,-3925.441388784609,,,,1393.0,65.268
3587,2,363,445.668779940447,-3924.441388784609,,,,1393.0,65.256
3588,2,364,446.668779940447,-3923.441388784609,,,,1393.0,65.245
3589,2,365,447.668779940447,-3922.441388784609,,,,1393.0,65.233
3590,2,366,448.668779940447,-3921.441388784609,,,,1393.0,65.222
3591,2,367,449.668779940447,-3920.441388784609,,,,1393.0,65.211
3592,2,368,450.668779940447,-3919.441388784609,,,,1393.0,65.198
3593,2,369,451.668779940447,-3918.441388784609,,,,1394.0,65.187
3594,2,370,452.668779940447,-3917.441388784609,,,,1394.0,65.175
3595,2,371,453.668779940447,-3916.441388784609,,,,1395.0,65.163
3596,2,372,454.668779940447,-3915.441388784609,,,,1395.0,65.151
3597,2,373,455.668779940447,-3914.441388784609,,,,1396.0,65.137
3598,2,374,456.668779940447,-3913.441388784609,,,,1396.0,65.124
3599,2,375,457.668779940447,-3912.441388784609,,,,1397.0,65.112
3600,2,376,458.668779940447,-3911.441388784609,,,,1398.0,65.1
3601,2,377,459.668779940447,-3910.441388784609,,,,1399.0,65.088
3602,2,378,460.668779940447,-3909.441388784609,,,,1401.0,65.077
3603,2,379,461.668779940447,-3908.441388784609,,,,1403.0,65.065
3604,2,380,462.668779940447,-3907.441388784609,,,,1403.0,65.053
3605,2,381,463.668779940447,-3906.441388784609,,,,1404.0,65.041
3606,2,382,464.668779940447,-3905.441388784609,,,,1404.0,65.029
3607,2,383,465.668779940447,-3904.441388784609,,,,1405.0,65.015
3608,2,384,466.668779940447,-3903.441388784609,,,,1402.0,65.001
3609,2,385,467.668779940447,-3902.441388784609,,,,1404.0,64.987
3610,2,386,468.668779940447,-3901.441388784609,,,,1403.0,64.972
3611,2,387,469.668779940447,-3900.441388784609,,,,1402.0,64.958
3612,2,388,470.668779940447,-3899.441388784609,,,,1401.0,64.942
3613,2,389,471.668779940447,-3898.441388784609,,,,1403.0,64.927
3614,2,390,472.668779940447,-3897.441388784609,,,,1404.0,64.913
3615,2,391,473.668779940447,-3896.441388784609,,,,1406.0,64.9
3616,2,392,474.668779940447,-3895.441388784609,,,,1406.0,64.886
3617,2,393,475.668779940447,-3894.441388784609,,,,1409.0,64.874
3618,2,394,476.668779940447,-3893.441388784609,,,,1409.0,64.862
3619,2,395,477.668779940447,-3892.441388784609,,,,1409.0,64.85
3620,2,396,478.668779940447,-3891.441388784609,,,,1408.0,64.838
3621,2,397,479.668779940447,-3890.441388784609,,,,1409.0,64.824
3622,2,398,480.668779940447,-3889.441388784609,,,,1408.0,64.811
3623,2,399,481.668779940447,-3888.441388784609,,,,1410.0,64.799
3624,2,400,482.668779940447,-3887.441388784609,,,,1411.0,64.785
3625,2,401,483.668779940447,-3886.441388784609,,,,1412.0,64.772
3626,2,402,484.668779940447,-3885.441388784609,,,,1413.0,64.761
3627,2,403,485.668779940447,-3884.441388784609,,,,1413.0,64.748
3628,2,404,486.668779940447,-3883.441388784609,,,,1414.0,64.736
3629,2,405,487.668779940447,-3882.441388784609,,,,1415.0,64.722
3630,2,406,488.668779940447,-3881.441388784609,,,,1415.0,64.71
3631,2,407,489.668779940447,-3880.441388784609,,,,1415.0,64.697
3632,2,408,490.668779940447,-3879.441388784609,,,,1415.0,64.683
3633,2,409,491.668779940447,-3878.441388784609,,,,1413.0,64.668
3634,2,410,492.668779940447,-3877.441388784609,,,,1411.0,64.654
3635,2,411,493.668779940447,-3876.441388784609,,,,1408.0,64.638
3636,2,412,494.668779940447,-3875.441388784609,,,,1408.0,64.623
3637,2,413,495.668779940447,-3874.441388784609,,,,1408.0,64.609
3638,2,414,496.668779940447,-3873.441388784609,,,,1407.0,64.595
3639,2,415,497.668779940447,-3872.441388784609,,,,1409.0,64.583
3640,2,416,498.668779940447,-3871.441388784609,,,,1409.0,64.57
3641,2,417,499.668779940447,-3870.441388784609,,,,1408.0,64.558
3642,2,418,500.668779940447,-3869.441388784609,,,,1409.0,64.546
3643,2,419,501.668779940447,-3868.441388784609,,,,1409.0,64.534
3644,2,420,502.668779940447,-3867.441388784609,,,,1407.0,64.52
3645,2,421,503.668779940447,-3866.441388784609,,,,1403.0,64.505
3646,2,422,504.668779940447,-3865.441388784609,,,,1401.0,64.489
3647,2,423,505.668779940447,-3864.441388784609,,,,1400.0,64.473
3648,2,424,506.668779940447,-3863.441388784609,,,,1400.0,64.456
3649,2,425,507.668779940447,-3862.441388784609,,,,1399.0,64.441
3650,2,426,508.668779940447,-3861.441388784609,,,,1399.0,64.427
3651,2,427,509.668779940447,-3860.441388784609,,,,1400.0,64.414
3652,2,428,510.668779940447,-3859.441388784609,,,,1401.0,64.401
3653,2,429,511.668779940447,-3858.441388784609,,,,1401.0,64.39
3654,2,430,512.668779940447,-3857.441388784609,,,,1400.0,64.377
3655,2,431,513.668779940447,-3856.441388784609,,,,1399.0,64.364
3656,2,432,514.668779940447,-3855.441388784609,,,,1398.0,64.35
3657,2,433,515.668779940447,-3854.441388784609,,,,1396.0,64.334
3658,2,434,516.668779940447,-3853.441388784609,,,,1395.0,64.318
3659,2,435,517.668779940447,-3852.441388784609,,,,1393.0,64.302
3660,2,436,518.668779940447,-3851.441388784609,,,,1391.0,64.287
3661,2,437,519.668779940447,-3850.441388784609,,,,1388.0,64.27
3662,2,438,520.668779940447,-3849.441388784609,,,,1386.0,64.254
3663,2,439,521.668779940447,-3848.441388784609,,,,1382.0,64.239
3664,2,440,522.668779940447,-3847.441388784609,,,,1381.0,64.224
3665,2,441,523.668779940447,-3846.441388784609,,,,1378.0,64.209
3666,2,442,524.668779940447,-3845.441388784609,,,,1376.0,64.196
3667,2,443,525.668779940447,-3844.441388784609,,,,1375.0,64.181
3668,2,444,526.668779940447,-3843.441388784609,,,,1374.0,64.165
3669,2,445,527.668779940447,-3842.441388784609,,,,1373.0,64.151
3670,2,446,528.668779940447,-3841.441388784609,,,,1372.0,64.137
3671,2,447,529.668779940447,-3840.441388784609,,,,1370.0,64.122
3672,2,448,530.668779940447,-3839.441388784609,,,,1371.0,64.107
3673,2,449,531.668779940447,-3838.441388784609,,,,1367.0,64.092
3674,2,450,532.668779940447,-3837.441388784609,,,,1366.0,64.077
3675,2,451,533.668779940447,-3836.441388784609,,,,1362.0,64.06
3676,2,452,534.668779940447,-3835.441388784609,,,,1360.0,64.044
3677,2,453,535.668779940447,-3834.441388784609,,,,1355.0,64.027
3678,2,454,536.668779940447,-3833.441388784609,,,,1354.0,64.011
3679,2,455,537.668779940447,-3832.441388784609,,,,1350.0,63.994
3680,2,456,538.668779940447,-3831.441388784609,,,,1348.0,63.978
3681,2,457,539.668779940447,-3830.441388784609,,,,1345.0,63.962
3682,2,458,540.668779940447,-3829.441388784609,,,,1342.0,63.945
3683,2,459,541.668779940447,-3828.441388784609,,,,1339.0,63.929
3684,2,460,542.668779940447,-3827.441388784609,,,,1337.0,63.911
3685,2,461,543.668779940447,-3826.441388784609,,,,1335.0,63.893
3686,2,462,544.668779940447,-3825.441388784609,,,,1331.0,63.874
3687,2,463,545.668779940447,-3824.441388784609,,,,1331.0,63.856
3688,2,464,546.668779940447,-3823.441388784609,,,,1329.0,63.839
3689,2,465,547.668779940447,-3822.441388784609,,,,1328.0,63.821
3690,2,466,548.668779940447,-3821.441388784609,,,,1326.0,63.803
3691,2,467,549.668779940447,-3820.441388784609,,,,1324.0,63.787
3692,2,468,550.668779940447,-3819.441388784609,,,,1323.0,63.771
3693,2,469,551.668779940447,-3818.441388784609,,,,1321.0,63.754
3694,2,470,552.668779940447,-3817.441388784609,,,,1320.0,63.738
3695,2,471,553.668779940447,-3816.441388784609,,,,1319.0,63.721
3696,2,472,554.668779940447,-3815.441388784609,,,,1315.0,63.704
3697,2,473,555.668779940447,-3814.441388784609,,,,1313.0,63.688
3698,2,474,556.668779940447,-3813.441388784609,,,,1311.0,63.672
3699,2,475,557.668779940447,-3812.441388784609,,,,1310.0,63.654
3700,2,476,558.668779940447,-3811.441388784609,,,,1307.0,63.637
3701,2,477,559.668779940447,-3810.441388784609,,,,1305.0,63.619
3702,2,478,560.668779940447,-3809.441388784609,,,,1302.0,63.602
3703,2,479,561.668779940447,-3808.441388784609,,,,1298.0,63.584
3704,2,480,562.668779940447,-3807.441388784609,,,,1294.0,63.565
3705,2,481,563.668779940447,-3806.441388784609,,,,1292.0,63.547
3706,2,482,564.668779940447,-3805.441388784609,,,,1291.0,63.53
3707,2,483,565.668779940447,-3804.441388784609,,,,1290.0,63.513
3708,2,484,566.668779940447,-3803.441388784609,,,,1289.0,63.496
3709,2,485,567.668779940447,-3802.441388784609,,,,1287.0,63.48
3710,2,486,568.668779940447,-3801.441388784609,,,,1286.0,63.463
3711,2,487,569.668779940447,-3800.441388784609,,,,1283.0,63.445
3712,2,488,570.668779940447,-3799.441388784609,,,,1280.0,63.427
3713,2,489,571.668779940447,-3798.441388784609,,,,1277.0,63.409
3714,2,490,572.668779940447,-3797.441388784609,,,,1275.0,63.392
3715,2,491,573.668779940447,-3796.441388784609,,,,1272.0,63.373
3716,2,492,574.668779940447,-3795.441388784609,,,,1271.0,63.356
3717,2,493,575.668779940447,-3794.441388784609,,,,1269.0,63.339
3718,2,494,576.668779940447,-3793.441388784609,,,,1266.0,63.323
3719,2,495,577.668779940447,-3792.441388784609,,,,1264.0,63.307
3720,2,496,578.668779940447,-3791.441388784609,,,,1264.0,63.29
3721,2,497,579.668779940447,-3790.441388784609,,,,1262.0,63.272
3722,2,498,580.668779940447,-3789.441388784609,,,,1263.0,63.253
3723,2,499,581.668779940447,-3788.441388784609,,,,1262.0,63.235
3724,2,500,582.668779940447,-3787.441388784609,,,,1263.0,63.217
3725,2,501,583.668779940447,-3786.441388784609,,,,1262.0,63.2
3726,2,502,584.668779940447,-3785.441388784609,,,,1261.0,63.183
3727,2,503,585.668779940447,-3784.441388784609,,,,1260.0,63.167
3728,2,504,586.668779940447,-3783.441388784609,,,,1260.0,63.153
3729,2,505,587.668779940447,-3782.441388784609,,,,1258.0,63.138
3730,2,506,588.668779940447,-3781.441388784609,,,,1258.0,63.122
3731,2,507,589.668779940447,-3780.441388784609,,,,1256.0,63.106
3732,2,508,590.668779940447,-3779.441388784609,,,,1255.0,63.09
3733,2,509,591.668779940447,-3778.441388784609,,,,1254.0,63.073
3734,2,510,592.668779940447,-3777.441388784609,,,,1254.0,63.058
3735,2,511,593.668779940447,-3776.441388784609,,,,1252.0,63.04
3736,2,512,594.668779940447,-3775.441388784609,,,,1252.0,63.025
3737,2,513,595.668779940447,-3774.441388784609,,,,1250.0,63.008
3738,2,514,596.668779940447,-3773.441388784609,,,,1249.0,62.992
3739,2,515,597.668779940447,-3772.441388784609,,,,1246.0,62.975
3740,2,516,598.668779940447,-3771.441388784609,,,,1246.0,62.96
3741,2,517,599.668779940447,-3770.441388784609,,,,1244.0,62.943
3742,2,518,600.668779940447,-3769.441388784609,,,,1244.0,62.926
3743,2,519,601.668779940447,-3768.441388784609,,,,1241.0,62.908
3744,2,520,602.668779940447,-3767.441388784609,,,,1242.0,62.89
3745,2,521,603.668779940447,-3766.441388784609,,,,1241.0,62.874
3746,2,522,604.668779940447,-3765.441388784609,,,,1244.0,62.857
3747,2,523,605.668779940447,-3764.441388784609,,,,1243.0,62.841
3748,2,524,606.668779940447,-3763.441388784609,,,,1243.0,62.826
3749,2,525,607.668779940447,-3762.441388784609,,,,1240.0,62.811
3750,2,526,608.668779940447,-3761.441388784609,,,,1239.0,62.796
3751,2,527,609.668779940447,-3760.441388784609,,,,1238.0,62.781
3752,2,528,610.668779940447,-3759.441388784609,,,,1237.0,62.765
3753,2,529,611.668779940447,-3758.441388784609,,,,1235.0,62.749
3754,2,530,612.668779940447,-3757.441388784609,,,,1234.0,62.733
3755,2,531,613.668779940447,-3756.441388784609,,,,1232.0,62.716
3756,2,532,614.668779940447,-3755.441388784609,,,,1231.0,62.699
3757,2,533,615.668779940447,-3754.441388784609,,,,1229.0,62.683
3758,2,534,616.668779940447,-3753.441388784609,,,,1229.0,62.666
3759,2,535,617.668779940447,-3752.441388784609,,,,1228.0,62.65
3760,2,536,618.668779940447,-3751.441388784609,,,,1228.0,62.634
3761,2,537,619.668779940447,-3750.441388784609,,,,1226.0,62.619
3762,2,538,620.668779940447,-3749.441388784609,,,,1225.0,62.604
3763,2,539,621.668779940447,-3748.441388784609,,,,1223.0,62.587
3764,2,540,622.668779940447,-3747.441388784609,,,,1223.0,62.572
3765,2,541,623.668779940447,-3746.441388784609,,,,1221.0,62.555
3766,2,542,624.668779940447,-3745.441388784609,,,,1219.0,62.54
3767,2,543,625.668779940447,-3744.441388784609,,,,1219.0,62.524
3768,2,544,626.668779940447,-3743.441388784609,,,,1218.0,62.509
3769,2,545,627.668779940447,-3742.441388784609,,,,1217.0,62.495
3770,2,546,628.668779940447,-3741.441388784609,,,,1215.0,62.478
3771,2,547,629.668779940447,-3740.441388784609,,,,1215.0,62.461
3772,2,548,630.668779940447,-3739.441388784609,,,,1214.0,62.445
3773,2,549,631.668779940447,-3738.441388784609,,,,1212.0,62.428
3774,2,550,632.668779940447,-3737.441388784609,,,,1212.0,62.413
3775,2,551,633.668779940447,-3736.441388784609,,,,1211.0,62.396
3776,2,552,634.668779940447,-3735.441388784609,,,,1209.0,62.381
3777,2,553,635.668779940447,-3734.441388784609,,,,1207.0,62.365
3778,2,554,636.668779940447,-3733.441388784609,,,,1205.0,62.348
3779,2,555,637.668779940447,-3732.441388784609,,,,1203.0,62.333
3780,2,556,638.668779940447,-3731.441388784609,,,,1201.0,62.317
3781,2,557,639.668779940447,-3730.441388784609,,,,1199.0,62.3
3782,2,558,640.668779940447,-3729.441388784609,,,,1197.0,62.284
3783,2,559,641.668779940447,-3728.441388784609,,,,1196.0,62.267
3784,2,560,642.668779940447,-3727.441388784609,,,,1196.0,62.25
3785,2,561,643.668779940447,-3726.441388784609,,,,1193.0,62.234
3786,2,562,644.668779940447,-3725.441388784609,,,,1192.0,62.216
3787,2,563,645.668779940447,-3724.441388784609,,,,1189.0,62.199
3788,2,564,646.668779940447,-3723.441388784609,,,,1187.0,62.182
3789,2,565,647.668779940447,-3722.441388784609,,,,1184.0,62.164
3790,2,566,648.668779940447,-3721.441388784609,,,,1184.0,62.147
3791,2,567,649.668779940447,-3720.441388784609,,,,1183.0,62.132
3792,2,568,650.668779940447,-3719.441388784609,,,,1183.0,62.116
3793,2,569,651.668779940447,-3718.441388784609,,,,1184.0,62.101
3794,2,570,652.668779940447,-3717.441388784609,,,,1182.0,62.087
3795,2,571,653.668779940447,-3716.441388784609,,,,1183.0,62.072
3796,2,572,654.668779940447,-3715.441388784609,,,,1181.0,62.057
3797,2,573,655.668779940447,-3714.441388784609,,,,1181.0,62.041
3798,2,574,656.668779940447,-3713.441388784609,,,,1179.0,62.024
3799,2,575,657.668779940447,-3712.441388784609,,,,1179.0,62.008
3800,2,576,658.668779940447,-3711.441388784609,,,,1177.0,61.99
3801,2,577,659.668779940447,-3710.441388784609,,,,1177.0,61.972
3802,2,578,660.668779940447,-3709.441388784609,,,,1175.0,61.953
3803,2,579,661.668779940447,-3708.441388784609,,,,1174.0,61.935
3804,2,580,662.668779940447,-3707.441388784609,,,,1173.0,61.917
3805,2,581,663.668779940447,-3706.441388784609,,,,1172.0,61.899
3806,2,582,664.668779940447,-3705.441388784609,,,,1172.0,61.883
3807,2,583,665.668779940447,-3704.441388784609,,,,1171.0,61.865
3808,2,584,666.668779940447,-3703.441388784609,,,,1170.0,61.849
3809,2,585,667.668779940447,-3702.441388784609,,,,1173.0,61.832
3810,2,586,668.668779940447,-3701.441388784609,,,,1172.0,61.818
3811,2,587,669.668779940447,-3700.441388784609,,,,1172.0,61.803
3812,2,588,670.668779940447,-3699.441388784609,,,,1173.0,61.787
3813,2,589,671.668779940447,-3698.441388784609,,,,1172.0,61.772
3814,2,590,672.668779940447,-3697.441388784609,,,,1173.0,61.757
3815,2,591,673.668779940447,-3696.441388784609,,,,1172.0,61.742
3816,2,592,674.668779940447,-3695.441388784609,,,,1172.0,61.727
3817,2,593,675.668779940447,-3694.441388784609,,,,1171.0,61.713
3818,2,594,676.668779940447,-3693.441388784609,,,,1172.0,61.701
3819,2,595,677.668779940447,-3692.441388784609,,,,1170.0,61.688
3820,2,596,678.668779940447,-3691.441388784609,,,,1170.0,61.678
3821,2,597,679.668779940447,-3690.441388784609,,,,1169.0,61.669
3822,2,598,680.668779940447,-3689.441388784609,,,,1169.0,61.66
3823,2,599,681.668779940447,-3688.441388784609,,,,1167.0,61.653
3824,2,600,682.668779940447,-3687.441388784609,,,,1166.0,61.644
3825,2,601,683.668779940447,-3686.441388784609,,,,1165.0,61.635
3826,2,602,684.668779940447,-3685.441388784609,,,,1165.0,61.625
3827,2,603,685.668779940447,-3684.441388784609,,,,1163.0,61.615
3828,2,604,686.668779940447,-3683.441388784609,,,,1161.0,61.604
3829,2,605,687.668779940447,-3682.441388784609,,,,1158.0,61.59
3830,2,606,688.668779940447,-3681.441388784609,,,,1156.0,61.577
3831,2,607,689.668779940447,-3680.441388784609,,,,1155.0,61.563
3832,2,608,690.668779940447,-3679.441388784609,,,,1154.0,61.549
3833,2,609,691.668779940447,-3678.441388784609,,,,1155.0,61.535
3834,2,610,692.668779940447,-3677.441388784609,,,,1151.0,61.524
3835,2,611,693.668779940447,-3676.441388784609,,,,1153.0,61.513
3836,2,612,694.668779940447,-3675.441388784609,,,,1154.0,61.504
3837,2,613,695.668779940447,-3674.441388784609,,,,1155.0,61.495
3838,2,614,696.668779940447,-3673.441388784609,,,,1155.0,61.485
3839,2,615,697.668779940447,-3672.441388784609,,,,1156.0,61.476
3840,2,616,698.668779940447,-3671.441388784609,,,,1157.0,61.465
3841,2,617,699.668779940447,-3670.441388784609,,,,1159.0,61.455
3842,2,618,700.668779940447,-3669.441388784609,,,,1160.0,61.445
3843,2,619,701.668779940447,-3668.441388784609,,,,1162.0,61.433
3844,2,620,702.668779940447,-3667.441388784609,,,,1163.0,61.423
3845,2,621,703.668779940447,-3666.441388784609,,,,1163.0,61.414
3846,2,622,704.668779940447,-3665.441388784609,,,,1162.0,61.407
3847,2,623,705.668779940447,-3664.441388784609,,,,1164.0,61.403
3848,2,624,706.668779940447,-3663.441388784609,,,,1164.0,61.4
3880,2,656,738.668779940447,-3631.441388784609,,,,1188.0,61.398
3881,2,657,739.668779940447,-3630.441388784609,,,,1189.0,61.385
3882,2,658,740.668779940447,-3629.441388784609,,,,1189.0,61.373
3883,2,659,741.668779940447,-3628.441388784609,,,,1189.0,61.36
3884,2,660,742.668779940447,-3627.441388784609,,,,1189.0,61.345
3885,2,661,743.668779940447,-3626.441388784609,,,,1189.0,61.331
3886,2,662,744.668779940447,-3625.441388784609,,,,1189.0,61.32
3887,2,663,745.668779940447,-3624.441388784609,,,,1189.0,61.315
3888,2,664,746.668779940447,-3623.441388784609,,,,1188.0,61.313
3930,2,706,788.668779940447,-3581.441388784609,,,,1208.0,61.312
3931,2,707,789.668779940447,-3580.441388784609,,,,1208.0,61.305
3932,2,708,790.668779940447,-3579.441388784609,,,,1209.0,61.302
3953,2,729,811.668779940447,-3558.441388784609,,,,1215.0,61.293
3954,2,730,812.668779940447,-3557.441388784609,,,,1215.0,61.286
3955,2,731,813.668779940447,-3556.441388784609,,,,1216.0,61.284
3974,2,750,832.668779940447,-3537.441388784609,,,,1215.0,61.281
3975,2,751,833.668779940447,-3536.441388784609,,,,1214.0,61.276
3976,2,752,834.668779940447,-3535.441388784609,,,,1213.0,61.273
4181,2,957,1039.668779940447,-3330.441388784609,,,,1334.0,61.271
4182,2,958,1040.668779940447,-3329.441388784609,,,,1331.0,61.255
4183,2,959,1041.668779940447,-3328.441388784609,,,,1328.0,61.241
4184,2,960,1042.668779940447,-3327.441388784609,,,,1328.0,61.225
4185,2,961,1043.668779940447,-3326.441388784609,,,,1326.0,61.211
4186,2,962,1044.668779940447,-3325.441388784609,,,,1323.0,61.196
4187,2,963,1045.668779940447,-3324.441388784609,,,,1321.0,61.182
4188,2,964,1046.668779940447,-3323.441388784609,,,,1319.0,61.168
4189,2,965,1047.668779940447,-3322.441388784609,,,,1316.0,61.155
4190,2,966,1048.668779940447,-3321.441388784609,,,,1310.0,61.139
4191,2,967,1049.668779940447,-3320.441388784609,,,,1306.0,61.124
4192,2,968,1050.668779940447,-3319.441388784609,,,,1303.0,61.109
4193,2,969,1051.668779940447,-3318.441388784609,,,,1301.0,61.094
4194,2,970,1052.668779940447,-3317.441388784609,,,,1298.0,61.079
4195,2,971,1053.668779940447,-3316.441388784609,,,,1296.0,61.063
4196,2,972,1054.668779940447,-3315.441388784609,,,,1292.0,61.048
4197,2,973,1055.668779940447,-3314.441388784609,,,,1289.0,61.032
4198,2,974,1056.668779940447,-3313.441388784609,,,,1286.0,61.015
4199,2,975,1057.668779940447,-3312.441388784609,,,,1285.0,60.999
4200,2,976,1058.668779940447,-3311.441388784609,,,,1282.0,60.982
4201,2,977,1059.668779940447,-3310.441388784609,,,,1282.0,60.968
4202,2,978,1060.668779940447,-3309.441388784609,,,,1282.0,60.954
4203,2,979,1061.668779940447,-3308.441388784609,,,,1279.0,60.943
4204,2,980,1062.668779940447,-3307.441388784609,,,,1279.0,60.931
4205,2,981,1063.668779940447,-3306.441388784609,,,,1276.0,60.918
4206,2,982,1064.668779940447,-3305.441388784609,,,,1273.0,60.903
4207,2,983,1065.668779940447,-3304.441388784609,,,,1268.0,60.887
4208,2,984,1066.668779940447,-3303.441388784609,,,,1265.0,60.871
4209,2,985,1067.668779940447,-3302.441388784609,,,,1261.0,60.855
4210,2,986,1068.668779940447,-3301.441388784609,,,,1260.0,60.838
4211,2,987,1069.668779940447,-3300.441388784609,,,,1256.0,60.821
4212,2,988,1070.668779940447,-3299.441388784609,,,,1253.0,60.803
4213,2,989,1071.668779940447,-3298.441388784609,,,,1250.0,60.785
4214,2,990,1072.668779940447,-3297.441388784609,,,,1248.0,60.767
4215,2,991,1073.668779940447,-3296.441388784609,,,,1245.0,60.748
4216,2,992,1074.668779940447,-3295.441388784609,,,,1244.0,60.729
4217,2,993,1075.668779940447,-3294.441388784609,,,,1242.0,60.71
4218,2,994,1076.668779940447,-3293.441388784609,,,,1241.0,60.691
4219,2,995,1077.668779940447,-3292.441388784609,,,,1240.0,60.675
4220,2,996,1078.668779940447,-3291.441388784609,,,,1239.0,60.658
4221,2,997,1079.668779940447,-3290.441388784609,,,,1239.0,60.641
4222,2,998,1080.668779940447,-3289.441388784609,,,,1238.0,60.625
4223,2,999,1081.668779940447,-3288.441388784609,,,,1236.0,60.608
4224,2,1000,1082.668779940447,-3287.441388784609,,,,1234.0,60.59
4225,2,1001,1083.668779940447,-3286.441388784609,,,,1230.0,60.573
4226,2,1002,1084.668779940447,-3285.441388784609,,,,1229.0,60.554
4227,2,1003,1085.668779940447,-3284.441388784609,,,,1228.0,60.538
4228,2,1004,1086.668779940447,-3283.441388784609,,,,1226.0,60.52
4229,2,1005,1087.668779940447,-3282.441388784609,,,,1225.0,60.504
4230,2,1006,1088.668779940447,-3281.441388784609,,,,1224.0,60.486
4231,2,1007,1089.668779940447,-3280.441388784609,,,,1221.0,60.468
4232,2,1008,1090.668779940447,-3279.441388784609,,,,1219.0,60.45
4233,2,1009,1091.668779940447,-3278.441388784609,,,,1216.0,60.432
4234,2,1010,1092.668779940447,-3277.441388784609,,,,1215.0,60.416
4235,2,1011,1093.668779940447,-3276.441388784609,,,,1212.0,60.398
4236,2,1012,1094.668779940447,-3275.441388784609,,,,1211.0,60.381
4237,2,1013,1095.668779940447,-3274.441388784609,,,,1207.0,60.363
4238,2,1014,1096.668779940447,-3273.441388784609,,,,1204.0,60.347
4239,2,1015,1097.668779940447,-3272.441388784609,,,,1200.0,60.328
4240,2,1016,1098.668779940447,-3271.441388784609,,,,1199.0,60.31
4241,2,1017,1099.668779940447,-3270.441388784609,,,,1197.0,60.29
4242,2,1018,1100.668779940447,-3269.441388784609,,,,1196.0,60.273
4243,2,1019,1101.668779940447,-3268.441388784609,,,,1193.0,60.254
4244,2,1020,1102.668779940447,-3267.441388784609,,,,1194.0,60.237
4245,2,1021,1103.668779940447,-3266.441388784609,,,,1193.0,60.22
4246,2,1022,1104.668779940447,-3265.441388784609,,,,1191.0,60.204
4247,2,1023,1105.668779940447,-3264.441388784609,,,,1189.0,60.188
4248,2,1024,1106.668779940447,-3263.441388784609,,,,1187.0,60.172
4249,2,1025,1107.668779940447,-3262.441388784609,,,,1184.0,60.154
4250,2,1026,1108.668779940447,-3261.441388784609,,,,1182.0,60.137
4251,2,1027,1109.668779940447,-3260.441388784609,,,,1179.0,60.12
4252,2,1028,1110.668779940447,-3259.441388784609,,,,1175.0,60.101
4253,2,1029,1111.668779940447,-3258.441388784609,,,,1173.0,60.082
4254,2,1030,1112.668779940447,-3257.441388784609,,,,1170.0,60.064
4255,2,1031,1113.668779940447,-3256.441388784609,,,,1168.0,60.047
4256,2,1032,1114.668779940447,-3255.441388784609,,,,1167.0,60.031
4257,2,1033,1115.668779940447,-3254.441388784609,,,,1166.0,60.015
4258,2,1034,1116.668779940447,-3253.441388784609,,,,1164.0,60.0
4259,2,1035,1117.668779940447,-3252.441388784609,,,,1164.0,59.984
4260,2,1036,1118.668779940447,-3251.441388784609,,,,1162.0,59.969
4261,2,1037,1119.668779940447,-3250.441388784609,,,,1158.0,59.953
4262,2,1038,1120.668779940447,-3249.441388784609,,,,1155.0,59.937
4263,2,1039,1121.668779940447,-3248.441388784609,,,,1152.0,59.92
4264,2,1040,1122.668779940447,-3247.441388784609,,,,1150.0,59.904
4265,2,1041,1123.668779940447,-3246.441388784609,,,,1147.0,59.886
4266,2,1042,1124.668779940447,-3245.441388784609,,,,1144.0,59.87
4267,2,1043,1125.668779940447,-3244.441388784609,,,,1142.0,59.851
4268,2,1044,1126.668779940447,-3243.441388784609,,,,1138.0,59.834
4269,2,1045,1127.668779940447,-3242.441388784609,,,,1136.0,59.816
4270,2,1046,1128.668779940447,-3241.441388784609,,,,1133.0,59.798
4271,2,1047,1129.668779940447,-3240.441388784609,,,,1133.0,59.78
4272,2,1048,1130.668779940447,-3239.441388784609,,,,1131.0,59.764
4273,2,1049,1131.668779940447,-3238.441388784609,,,,1130.0,59.747
4274,2,1050,1132.668779940447,-3237.441388784609,,,,1128.0,59.73
4275,2,1051,1133.668779940447,-3236.441388784609,,,,1126.0,59.713
4276,2,1052,1134.668779940447,-3235.441388784609,,,,1125.0,59.697
4277,2,1053,1135.668779940447,-3234.441388784609,,,,1124.0,59.68
4278,2,1054,1136.668779940447,-3233.441388784609,,,,1122.0,59.664
4279,2,1055,1137.668779940447,-3232.441388784609,,,,1121.0,59.647
4280,2,1056,1138.668779940447,-3231.441388784609,,,,1120.0,59.631
4281,2,1057,1139.668779940447,-3230.441388784609,,,,1119.0,59.615
4282,2,1058,1140.668779940447,-3229.441388784609,,,,1117.0,59.599
4283,2,1059,1141.668779940447,-3228.441388784609,,,,1116.0,59.583
4284,2,1060,1142.668779940447,-3227.441388784609,,,,1114.0,59.569
4285,2,1061,1143.668779940447,-3226.441388784609,,,,1113.0,59.553
4286,2,1062,1144.668779940447,-3225.441388784609,,,,1112.0,59.537
4287,2,1063,1145.668779940447,-3224.441388784609,,,,1112.0,59.522
4288,2,1064,1146.668779940447,-3223.441388784609,,,,1109.0,59.506
4289,2,1065,1147.668779940447,-3222.441388784609,,,,1110.0,59.49
4290,2,1066,1148.668779940447,-3221.441388784609,,,,1109.0,59.475
4291,2,1067,1149.668779940447,-3220.441388784609,,,,1110.0,59.46
4292,2,1068,1150.668779940447,-3219.441388784609,,,,1109.0,59.445
4293,2,1069,1151.668779940447,-3218.441388784609,,,,1107.0,59.43
4294,2,1070,1152.668779940447,-3217.441388784609,,,,1107.0,59.414
4295,2,1071,1153.668779940447,-3216.441388784609,,,,1105.0,59.399
4296,2,1072,1154.668779940447,-3215.441388784609,,,,1103.0,59.382
4297,2,1073,1155.668779940447,-3214.441388784609,,,,1102.0,59.366
4298,2,1074,1156.668779940447,-3213.441388784609,,,,1100.0,59.35
4299,2,1075,1157.668779940447,-3212.441388784609,,,,1099.0,59.334
4300,2,1076,1158.668779940447,-3211.441388784609,,,,1097.0,59.318
4301,2,1077,1159.668779940447,-3210.441388784609,,,,1096.0,59.302
4302,2,1078,1160.668779940447,-3209.441388784609,,,,1094.0,59.286
4303,2,1079,1161.668779940447,-3208.441388784609,,,,1093.0,59.27
4304,2,1080,1162.668779940447,-3207.441388784609,,,,1093.0,59.253
4305,2,1081,1163.668779940447,-3206.441388784609,,,,1092.0,59.237
4306,2,1082,1164.668779940447,-3205.441388784609,,,,1090.0,59.221
4307,2,1083,1165.668779940447,-3204.441388784609,,,,1090.0,59.204
4308,2,1084,1166.668779940447,-3203.441388784609,,,,1092.0,59.189
4309,2,1085,1167.668779940447,-3202.441388784609,,,,1093.0,59.176
4310,2,1086,1168.668779940447,-3201.441388784609,,,,1094.0,59.164
4311,2,1087,1169.668779940447,-3200.441388784609,,,,1096.0,59.154
4312,2,1088,1170.668779940447,-3199.441388784609,,,,1097.0,59.144
4313,2,1089,1171.668779940447,-3198.441388784609,,,,1101.0,59.134
4314,2,1090,1172.668779940447,-3197.441388784609,,,,1102.0,59.123
4315,2,1091,1173.668779940447,-3196.441388784609,,,,1105.0,59.111
4316,2,1092,1174.668779940447,-3195.441388784609,,,,1105.0,59.099
4317,2,1093,1175.668779940447,-3194.441388784609,,,,1106.0,59.087
4318,2,1094,1176.668779940447,-3193.441388784609,,,,1106.0,59.076
4319,2,1095,1177.668779940447,-3192.441388784609,,,,1111.0,59.067
4320,2,1096,1178.668779940447,-3191.441388784609,,,,1106.0,59.063
4333,2,1109,1191.668779940447,-3178.441388784609,,,,1121.0,59.053
4334,2,1110,1192.668779940447,-3177.441388784609,,,,1122.0,59.039
4335,2,1111,1193.668779940447,-3176.441388784609,,,,1124.0,59.028
4336,2,1112,1194.668779940447,-3175.441388784609,,,,1125.0,59.02
4337,2,1113,1195.668779940447,-3174.441388784609,,,,1126.0,59.016
4351,2,1127,1209.668779940447,-3160.441388784609,,,,1137.0,59.014
4406,2,1182,1264.668779940447,-3105.441388784609,,,,1176.0,59.006
4407,2,1183,1265.668779940447,-3104.441388784609,,,,1178.0,58.999
4408,2,1184,1266.668779940447,-3103.441388784609,,,,1179.0,58.989
4409,2,1185,1267.668779940447,-3102.441388784609,,,,1180.0,58.98
4410,2,1186,1268.668779940447,-3101.441388784609,,,,1180.0,58.969
4411,2,1187,1269.668779940447,-3100.441388784609,,,,1179.0,58.956
4412,2,1188,1270.668779940447,-3099.441388784609,,,,1179.0,58.942
4413,2,1189,1271.668779940447,-3098.441388784609,,,,1179.0,58.928
4414,2,1190,1272.668779940447,-3097.441388784609,,,,1178.0,58.915
4415,2,1191,1273.668779940447,-3096.441388784609,,,,1180.0,58.902
4416,2,1192,1274.668779940447,-3095.441388784609,,,,1181.0,58.891
4417,2,1193,1275.668779940447,-3094.441388784609,,,,1181.0,58.88
4418,2,1194,1276.668779940447,-3093.441388784609,,,,1183.0,58.867
4419,2,1195,1277.668779940447,-3092.441388784609,,,,1182.0,58.853
4420,2,1196,1278.668779940447,-3091.441388784609,,,,1182.0,58.839
4421,2,1197,1279.668779940447,-3090.441388784609,,,,1180.0,58.824
4422,2,1198,1280.668779940447,-3089.441388784609,,,,1180.0,58.809
4423,2,1199,1281.668779940447,-3088.441388784609,,,,1182.0,58.794
4424,2,1200,1282.668779940447,-3087.441388784609,,,,1183.0,58.78
4425,2,1201,1283.668779940447,-3086.441388784609,,,,1184.0,58.767
4426,2,1202,1284.668779940447,-3085.441388784609,,,,1186.0,58.756
4427,2,1203,1285.668779940447,-3084.441388784609,,,,1186.0,58.747
4428,2,1204,1286.668779940447,-3083.441388784609,,,,1188.0,58.742
4444,2,1220,1302.668779940447,-3067.441388784609,,,,1197.0,58.729
4445,2,1221,1303.668779940447,-3066.441388784609,,,,1199.0,58.717
4446,2,1222,1304.668779940447,-3065.441388784609,,,,1200.0,58.707
4447,2,1223,1305.668779940447,-3064.441388784609,,,,1201.0,58.702
4448,2,1224,1306.668779940447,-3063.441388784609,,,,1202.0,58.701
4461,2,1237,1319.668779940447,-3050.441388784609,,,,1208.0,58.695
4462,2,1238,1320.668779940447,-3049.441388784609,,,,1208.0,58.679
4463,2,1239,1321.668779940447,-3048.441388784609,,,,1209.0,58.664
4464,2,1240,1322.668779940447,-3047.441388784609,,,,1211.0,58.65
4465,2,1241,1323.668779940447,-3046.441388784609,,,,1212.0,58.634
4466,2,1242,1324.668779940447,-3045.441388784609,,,,1213.0,58.619
4467,2,1243,1325.668779940447,-3044.441388784609,,,,1214.0,58.604
4468,2,1244,1326.668779940447,-3043.441388784609,,,,1215.0,58.588
4469,2,1245,1327.668779940447,-3042.441388784609,,,,1217.0,58.574
4470,2,1246,1328.668779940447,-3041.441388784609,,,,1218.0,58.562
4471,2,1247,1329.668779940447,-3040.441388784609,,,,1219.0,58.55
4472,2,1248,1330.668779940447,-3039.441388784609,,,,1220.0,58.538
4473,2,1249,1331.668779940447,-3038.441388784609,,,,1221.0,58.528
4474,2,1250,1332.668779940447,-3037.441388784609,,,,1221.0,58.517
4475,2,1251,1333.668779940447,-3036.441388784609,,,,1223.0,58.506
4476,2,1252,1334.668779940447,-3035.441388784609,,,,1223.0,58.497
4477,2,1253,1335.668779940447,-3034.441388784609,,,,1221.0,58.488
4478,2,1254,1336.668779940447,-3033.441388784609,,,,1220.0,58.479
4479,2,1255,1337.668779940447,-3032.441388784609,,,,1222.0,58.472
4480,2,1256,1338.668779940447,-3031.441388784609,,,,1222.0,58.465
4481,2,1257,1339.668779940447,-3030.441388784609,,,,1223.0,58.461
4482,2,1258,1340.668779940447,-3029.441388784609,,,,1223.0,58.459
4483,2,1259,1341.668779940447,-3028.441388784609,,,,1222.0,58.458
4538,2,1314,1396.668779940447,-2973.441388784609,,,,1281.0,58.452
4539,2,1315,1397.668779940447,-2972.441388784609,,,,1282.0,58.44
4540,2,1316,1398.668779940447,-2971.441388784609,,,,1284.0,58.43
4541,2,1317,1399.668779940447,-2970.441388784609,,,,1284.0,58.421
4542,2,1318,1400.668779940447,-2969.441388784609,,,,1283.0,58.417
4543,2,1319,1401.668779940447,-2968.441388784609,,,,1283.0,58.414
4602,2,1378,1460.668779940447,-2909.441388784609,,,,1331.0,58.412
4603,2,1379,1461.668779940447,-2908.441388784609,,,,1330.0,58.397
4604,2,1380,1462.668779940447,-2907.441388784609,,,,1329.0,58.383
4605,2,1381,1463.668779940447,-2906.441388784609,,,,1328.0,58.369
4606,2,1382,1464.668779940447,-2905.441388784609,,,,1327.0,58.356
4607,2,1383,1465.668779940447,-2904.441388784609,,,,1324.0,58.344
4608,2,1384,1466.668779940447,-2903.441388784609,,,,1324.0,58.332
4609,2,1385,1467.668779940447,-2902.441388784609,,,,1324.0,58.319
4610,2,1386,1468.668779940447,-2901.441388784609,,,,1321.0,58.307
4611,2,1387,1469.668779940447,-2900.441388784609,,,,1318.0,58.294
4612,2,1388,1470.668779940447,-2899.441388784609,,,,1318.0,58.28
4613,2,1389,1471.668779940447,-2898.441388784609,,,,1316.0,58.266
4614,2,1390,1472.668779940447,-2897.441388784609,,,,1313.0,58.252
4615,2,1391,1473.668779940447,-2896.441388784609,,,,1310.0,58.238
4616,2,1392,1474.668779940447,-2895.441388784609,,,,1310.0,58.225
4617,2,1393,1475.668779940447,-2894.441388784609,,,,1309.0,58.211
4618,2,1394,1476.668779940447,-2893.441388784609,,,,1309.0,58.198
4619,2,1395,1477.668779940447,-2892.441388784609,,,,1309.0,58.183
4620,2,1396,1478.668779940447,-2891.441388784609,,,,1309.0,58.169
4621,2,1397,1479.668779940447,-2890.441388784609,,,,1306.0,58.155
4622,2,1398,1480.668779940447,-2889.441388784609,,,,1307.0,58.139
4623,2,1399,1481.668779940447,-2888.441388784609,,,,1305.0,58.123
4624,2,1400,1482.668779940447,-2887.441388784609,,,,1305.0,58.108
4625,2,1401,1483.668779940447,-2886.441388784609,,,,1303.0,58.092
4626,2,1402,1484.668779940447,-2885.441388784609,,,,1301.0,58.076
4627,2,1403,1485.668779940447,-2884.441388784609,,,,1299.0,58.058
4628,2,1404,1486.668779940447,-2883.441388784609,,,,1297.0,58.041
4629,2,1405,1487.668779940447,-2882.441388784609,,,,1297.0,58.022
4630,2,1406,1488.668779940447,-2881.441388784609,,,,1296.0,58.005
4631,2,1407,1489.668779940447,-2880.441388784609,,,,1294.0,57.988
4632,2,1408,1490.668779940447,-2879.441388784609,,,,1295.0,57.972
4633,2,1409,1491.668779940447,-2878.441388784609,,,,1294.0,57.955
4634,2,1410,1492.668779940447,-2877.441388784609,,,,1293.0,57.939
4635,2,1411,1493.668779940447,-2876.441388784609,,,,1292.0,57.923
4636,2,1412,1494.668779940447,-2875.441388784609,,,,1290.0,57.906
4637,2,1413,1495.668779940447,-2874.441388784609,,,,1288.0,57.889
4638,2,1414,1496.668779940447,-2873.441388784609,,,,1286.0,57.871
4639,2,1415,1497.668779940447,-2872.441388784609,,,,1284.0,57.854
4640,2,1416,1498.668779940447,-2871.441388784609,,,,1282.0,57.837
4641,2,1417,1499.668779940447,-2870.441388784609,,,,1281.0,57.82
4642,2,1418,1500.668779940447,-2869.441388784609,,,,1280.0,57.804
4643,2,1419,1501.668779940447,-2868.441388784609,,,,1280.0,57.79
4644,2,1420,1502.668779940447,-2867.441388784609,,,,1278.0,57.776
4645,2,1421,1503.668779940447,-2866.441388784609,,,,1278.0,57.763
4646,2,1422,1504.668779940447,-2865.441388784609,,,,1277.0,57.748
4647,2,1423,1505.668779940447,-2864.441388784609,,,,1275.0,57.735
4648,2,1424,1506.668779940447,-2863.441388784609,,,,1274.0,57.72
4649,2,1425,1507.668779940447,-2862.441388784609,,,,1275.0,57.707
4650,2,1426,1508.668779940447,-2861.441388784609,,,,1275.0,57.695
4651,2,1427,1509.668779940447,-2860.441388784609,,,,1277.0,57.683
4652,2,1428,1510.668779940447,-2859.441388784609,,,,1278.0,57.673
4653,2,1429,1511.668779940447,-2858.441388784609,,,,1278.0,57.665
4654,2,1430,1512.668779940447,-2857.441388784609,,,,1278.0,57.657
4655,2,1431,1513.668779940447,-2856.441388784609,,,,1278.0,57.648
4656,2,1432,1514.668779940447,-2855.441388784609,,,,1277.0,57.641
4657,2,1433,1515.668779940447,-2854.441388784609,,,,1276.0,57.634
4658,2,1434,1516.668779940447,-2853.441388784609,,,,1274.0,57.627
4659,2,1435,1517.668779940447,-2852.441388784609,,,,1276.0,57.624
4660,2,1436,1518.668779940447,-2851.441388784609,,,,1276.0,57.622
4681,2,1457,1539.668779940447,-2830.441388784609,,,,1284.0,57.614
4682,2,1458,1540.668779940447,-2829.441388784609,,,,1283.0,57.606
4683,2,1459,1541.668779940447,-2828.441388784609,,,,1283.0,57.597
4684,2,1460,1542.668779940447,-2827.441388784609,,,,1284.0,57.588
4685,2,1461,1543.668779940447,-2826.441388784609,,,,1285.0,57.579
4686,2,1462,1544.668779940447,-2825.441388784609,,,,1286.0,57.572
4687,2,1463,1545.668779940447,-2824.441388784609,,,,1287.0,57.563
4688,2,1464,1546.668779940447,-2823.441388784609,,,,1289.0,57.554
4689,2,1465,1547.668779940447,-2822.441388784609,,,,1291.0,57.545
4690,2,1466,1548.668779940447,-2821.441388784609,,,,1292.0,57.535
4691,2,1467,1549.668779940447,-2820.441388784609,,,,1291.0,57.523
4692,2,1468,1550.668779940447,-2819.441388784609,,,,1292.0,57.509
4693,2,1469,1551.668779940447,-2818.441388784609,,,,1294.0,57.497
4694,2,1470,1552.668779940447,-2817.441388784609,,,,1297.0,57.485
4695,2,1471,1553.668779940447,-2816.441388784609,,,,1297.0,57.479
4741,2,1517,1599.668779940447,-2770.441388784609,,,,1326.0,57.475
4742,2,1518,1600.668779940447,-2769.441388784609,,,,1327.0,57.468
4743,2,1519,1601.668779940447,-2768.441388784609,,,,1330.0,57.461
4744,2,1520,1602.668779940447,-2767.441388784609,,,,1329.0,57.455
4745,2,1521,1603.668779940447,-2766.441388784609,,,,1331.0,57.448
4746,2,1522,1604.668779940447,-2765.441388784609,,,,1331.0,57.441
4747,2,1523,1605.668779940447,-2764.441388784609,,,,1332.0,57.435
4748,2,1524,1606.668779940447,-2763.441388784609,,,,1333.0,57.428
4749,2,1525,1607.668779940447,-2762.441388784609,,,,1334.0,57.419
4750,2,1526,1608.668779940447,-2761.441388784609,,,,1335.0,57.411
4751,2,1527,1609.668779940447,-2760.441388784609,,,,1335.0,57.402
4752,2,1528,1610.668779940447,-2759.441388784609,,,,1334.0,57.391
4753,2,1529,1611.668779940447,-2758.441388784609,,,,1336.0,57.379
4754,2,1530,1612.668779940447,-2757.441388784609,,,,1335.0,57.367
4755,2,1531,1613.668779940447,-2756.441388784609,,,,1336.0,57.357
4756,2,1532,1614.668779940447,-2755.441388784609,,,,1336.0,57.345
4757,2,1533,1615.668779940447,-2754.441388784609,,,,1336.0,57.335
4758,2,1534,1616.668779940447,-2753.441388784609,,,,1336.0,57.325
4759,2,1535,1617.668779940447,-2752.441388784609,,,,1335.0,57.314
4760,2,1536,1618.668779940447,-2751.441388784609,,,,1336.0,57.303
4761,2,1537,1619.668779940447,-2750.441388784609,,,,1336.0,57.293
4762,2,1538,1620.668779940447,-2749.441388784609,,,,1336.0,57.281
4763,2,1539,1621.668779940447,-2748.441388784609,,,,1336.0,57.27
4764,2,1540,1622.668779940447,-2747.441388784609,,,,1336.0,57.258
4765,2,1541,1623.668779940447,-2746.441388784609,,,,1335.0,57.246
4766,2,1542,1624.668779940447,-2745.441388784609,,,,1335.0,57.231
4767,2,1543,1625.668779940447,-2744.441388784609,,,,1334.0,57.217
4768,2,1544,1626.668779940447,-2743.441388784609,,,,1335.0,57.204
4769,2,1545,1627.668779940447,-2742.441388784609,,,,1336.0,57.188
4770,2,1546,1628.668779940447,-2741.441388784609,,,,1338.0,57.175
4771,2,1547,1629.668779940447,-2740.441388784609,,,,1339.0,57.162
4772,2,1548,1630.668779940447,-2739.441388784609,,,,1342.0,57.148
4773,2,1549,1631.668779940447,-2738.441388784609,,,,1344.0,57.136
4774,2,1550,1632.668779940447,-2737.441388784609,,,,1347.0,57.123
4775,2,1551,1633.668779940447,-2736.441388784609,,,,1346.0,57.11
4776,2,1552,1634.668779940447,-2735.441388784609,,,,1347.0,57.095
4777,2,1553,1635.668779940447,-2734.441388784609,,,,1345.0,57.082
4778,2,1554,1636.668779940447,-2733.441388784609,,,,1345.0,57.068
4779,2,1555,1637.668779940447,-2732.441388784609,,,,1344.0,57.058
4780,2,1556,1638.668779940447,-2731.441388784609,,,,1343.0,57.049
4781,2,1557,1639.668779940447,-2730.441388784609,,,,1343.0,57.039
4782,2,1558,1640.668779940447,-2729.441388784609,,,,1343.0,57.031
4783,2,1559,1641.668779940447,-2728.441388784609,,,,1343.0,57.022
4784,2,1560,1642.668779940447,-2727.441388784609,,,,1342.0,57.014
4785,2,1561,1643.668779940447,-2726.441388784609,,,,1343.0,57.008
4786,2,1562,1644.668779940447,-2725.441388784609,,,,1344.0,57.001
4787,2,1563,1645.668779940447,-2724.441388784609,,,,1347.0,56.997
4788,2,1564,1646.668779940447,-2723.441388784609,,,,1349.0,56.995
4812,2,1588,1670.668779940447,-2699.441388784609,,,,1353.0,56.989
4813,2,1589,1671.668779940447,-2698.441388784609,,,,1353.0,56.975
4814,2,1590,1672.668779940447,-2697.441388784609,,,,1352.0,56.961
4815,2,1591,1673.668779940447,-2696.441388784609,,,,1351.0,56.946
4816,2,1592,1674.668779940447,-2695.441388784609,,,,1351.0,56.931
4817,2,1593,1675.668779940447,-2694.441388784609,,,,1351.0,56.916
4818,2,1594,1676.668779940447,-2693.441388784609,,,,1350.0,56.902
4819,2,1595,1677.668779940447,-2692.441388784609,,,,1350.0,56.887
4820,2,1596,1678.668779940447,-2691.441388784609,,,,1351.0,56.871
4821,2,1597,1679.668779940447,-2690.441388784609,,,,1353.0,56.857
4822,2,1598,1680.668779940447,-2689.441388784609,,,,1355.0,56.844
4823,2,1599,1681.668779940447,-2688.441388784609,,,,1359.0,56.831
4824,2,1600,1682.668779940447,-2687.441388784609,,,,1360.0,56.818
4825,2,1601,1683.668779940447,-2686.441388784609,,,,1361.0,56.804
4826,2,1602,1684.668779940447,-2685.441388784609,,,,1363.0,56.79
4827,2,1603,1685.668779940447,-2684.441388784609,,,,1363.0,56.774
4828,2,1604,1686.668779940447,-2683.441388784609,,,,1364.0,56.761
4829,2,1605,1687.668779940447,-2682.441388784609,,,,1364.0,56.748
4830,2,1606,1688.668779940447,-2681.441388784609,,,,1366.0,56.735
4831,2,1607,1689.668779940447,-2680.441388784609,,,,1366.0,56.726
4832,2,1608,1690.668779940447,-2679.441388784609,,,,1367.0,56.719
4833,2,1609,1691.668779940447,-2678.441388784609,,,,1367.0,56.716
4834,2,1610,1692.668779940447,-2677.441388784609,,,,1370.0,56.714
4913,2,1689,1771.668779940447,-2598.441388784609,,,,1384.0,56.695
4914,2,1690,1772.668779940447,-2597.441388784609,,,,1382.0,56.675
4915,2,1691,1773.668779940447,-2596.441388784609,,,,1382.0,56.656
4916,2,1692,1774.668779940447,-2595.441388784609,,,,1385.0,56.639
4917,2,1693,1775.668779940447,-2594.441388784609,,,,1388.0,56.622
4918,2,1694,1776.668779940447,-2593.441388784609,,,,1390.0,56.607
4919,2,1695,1777.668779940447,-2592.441388784609,,,,1390.0,56.591
4920,2,1696,1778.668779940447,-2591.441388784609,,,,1391.0,56.576
4921,2,1697,1779.668779940447,-2590.441388784609,,,,1390.0,56.56
4922,2,1698,1780.668779940447,-2589.441388784609,,,,1389.0,56.543
4923,2,1699,1781.668779940447,-2588.441388784609,,,,1389.0,56.526
4924,2,1700,1782.668779940447,-2587.441388784609,,,,1389.0,56.508
4925,2,1701,1783.668779940447,-2586.441388784609,,,,1388.0,56.491
4926,2,1702,1784.668779940447,-2585.441388784609,,,,1387.0,56.473
4927,2,1703,1785.668779940447,-2584.441388784609,,,,1386.0,56.456
4928,2,1704,1786.668779940447,-2583.441388784609,,,,1387.0,56.439
4929,2,1705,1787.668779940447,-2582.441388784609,,,,1387.0,56.425
4930,2,1706,1788.668779940447,-2581.441388784609,,,,1389.0,56.411
4931,2,1707,1789.668779940447,-2580.441388784609,,,,1390.0,56.398
4932,2,1708,1790.668779940447,-2579.441388784609,,,,1390.0,56.385
4933,2,1709,1791.668779940447,-2578.441388784609,,,,1390.0,56.371
4934,2,1710,1792.668779940447,-2577.441388784609,,,,1387.0,56.356
4935,2,1711,1793.668779940447,-2576.441388784609,,,,1386.0,56.341
4936,2,1712,1794.668779940447,-2575.441388784609,,,,1386.0,56.325
4937,2,1713,1795.668779940447,-2574.441388784609,,,,1385.0,56.309
4938,2,1714,1796.668779940447,-2573.441388784609,,,,1385.0,56.294
4939,2,1715,1797.668779940447,-2572.441388784609,,,,1386.0,56.28
4940,2,1716,1798.668779940447,-2571.441388784609,,,,1387.0,56.268
4941,2,1717,1799.668779940447,-2570.441388784609,,,,1388.0,56.255
4942,2,1718,1800.668779940447,-2569.441388784609,,,,1388.0,56.243
4943,2,1719,1801.668779940447,-2568.441388784609,,,,1389.0,56.231
4944,2,1720,1802.668779940447,-2567.441388784609,,,,1386.0,56.217
4945,2,1721,1803.668779940447,-2566.441388784609,,,,1386.0,56.201
4946,2,1722,1804.668779940447,-2565.441388784609,,,,1382.0,56.185
4947,2,1723,1805.668779940447,-2564.441388784609,,,,1381.0,56.168
4948,2,1724,1806.668779940447,-2563.441388784609,,,,1380.0,56.152
4949,2,1725,1807.668779940447,-2562.441388784609,,,,1380.0,56.136
4950,2,1726,1808.668779940447,-2561.441388784609,,,,1379.0,56.12
4951,2,1727,1809.668779940447,-2560.441388784609,,,,1379.0,56.104
4952,2,1728,1810.668779940447,-2559.441388784609,,,,1376.0,56.088
4953,2,1729,1811.668779940447,-2558.441388784609,,,,1376.0,56.073
4954,2,1730,1812.668779940447,-2557.441388784609,,,,1374.0,56.059
4955,2,1731,1813.668779940447,-2556.441388784609,,,,1371.0,56.046
4956,2,1732,1814.668779940447,-2555.441388784609,,,,1370.0,56.034
4957,2,1733,1815.668779940447,-2554.441388784609,,,,1369.0,56.021
4958,2,1734,1816.668779940447,-2553.441388784609,,,,1368.0,56.008
4959,2,1735,1817.668779940447,-2552.441388784609,,,,1365.0,55.994
4960,2,1736,1818.668779940447,-2551.441388784609,,,,1362.0,55.979
4961,2,1737,1819.668779940447,-2550.441388784609,,,,1359.0,55.965
4962,2,1738,1820.668779940447,-2549.441388784609,,,,1358.0,55.95
4963,2,1739,1821.668779940447,-2548.441388784609,,,,1354.0,55.933
4964,2,1740,1822.668779940447,-2547.441388784609,,,,1353.0,55.915
4965,2,1741,1823.668779940447,-2546.441388784609,,,,1352.0,55.898
4966,2,1742,1824.668779940447,-2545.441388784609,,,,1351.0,55.88
4967,2,1743,1825.668779940447,-2544.441388784609,,,,1349.0,55.863
4968,2,1744,1826.668779940447,-2543.441388784609,,,,1347.0,55.845
4969,2,1745,1827.668779940447,-2542.441388784609,,,,1346.0,55.827
4970,2,1746,1828.668779940447,-2541.441388784609,,,,1343.0,55.808
4971,2,1747,1829.668779940447,-2540.441388784609,,,,1343.0,55.791
4972,2,1748,1830.668779940447,-2539.441388784609,,,,1342.0,55.772
4973,2,1749,1831.668779940447,-2538.441388784609,,,,1341.0,55.755
4974,2,1750,1832.668779940447,-2537.441388784609,,,,1341.0,55.738
4975,2,1751,1833.668779940447,-2536.441388784609,,,,1341.0,55.723
4976,2,1752,1834.668779940447,-2535.441388784609,,,,1341.0,55.708
4977,2,1753,1835.668779940447,-2534.441388784609,,,,1338.0,55.691
4978,2,1754,1836.668779940447,-2533.441388784609,,,,1335.0,55.675
4979,2,1755,1837.668779940447,-2532.441388784609,,,,1334.0,55.657
4980,2,1756,1838.668779940447,-2531.441388784609,,,,1330.0,55.639
4981,2,1757,1839.668779940447,-2530.441388784609,,,,1329.0,55.62
4982,2,1758,1840.668779940447,-2529.441388784609,,,,1329.0,55.602
4983,2,1759,1841.668779940447,-2528.441388784609,,,,1328.0,55.583
4984,2,1760,1842.668779940447,-2527.441388784609,,,,1328.0,55.564
4985,2,1761,1843.668779940447,-2526.441388784609,,,,1328.0,55.546
4986,2,1762,1844.668779940447,-2525.441388784609,,,,1328.0,55.527
4987,2,1763,1845.668779940447,-2524.441388784609,,,,1328.0,55.51
4988,2,1764,1846.668779940447,-2523.441388784609,,,,1328.0,55.493
4989,2,1765,1847.668779940447,-2522.441388784609,,,,1328.0,55.476
4990,2,1766,1848.668779940447,-2521.441388784609,,,,1325.0,55.459
4991,2,1767,1849.668779940447,-2520.441388784609,,,,1324.0,55.442
4992,2,1768,1850.668779940447,-2519.441388784609,,,,1325.0,55.425
4993,2,1769,1851.668779940447,-2518.441388784609,,,,1325.0,55.408
4994,2,1770,1852.668779940447,-2517.441388784609,,,,1323.0,55.391
4995,2,1771,1853.668779940447,-2516.441388784609,,,,1324.0,55.374
4996,2,1772,1854.668779940447,-2515.441388784609,,,,1322.0,55.359
4997,2,1773,1855.668779940447,-2514.441388784609,,,,1322.0,55.342
4998,2,1774,1856.668779940447,-2513.441388784609,,,,1320.0,55.325
4999,2,1775,1857.668779940447,-2512.441388784609,,,,1320.0,55.309
5000,2,1776,1858.668779940447,-2511.441388784609,,,,1318.0,55.292
5001,2,1777,1859.668779940447,-2510.441388784609,,,,1316.0,55.275
5002,2,1778,1860.668779940447,-2509.441388784609,,,,1315.0,55.258
5003,2,1779,1861.668779940447,-2508.441388784609,,,,1313.0,55.242
5004,2,1780,1862.668779940447,-2507.441388784609,,,,1312.0,55.225
5005,2,1781,1863.668779940447,-2506.441388784609,,,,1310.0,55.208
5006,2,1782,1864.668779940447,-2505.441388784609,,,,1308.0,55.191
5007,2,1783,1865.668779940447,-2504.441388784609,,,,1306.0,55.173
5008,2,1784,1866.668779940447,-2503.441388784609,,,,1304.0,55.156
5009,2,1785,1867.668779940447,-2502.441388784609,,,,1303.0,55.139
5010,2,1786,1868.668779940447,-2501.441388784609,,,,1303.0,55.122
5011,2,1787,1869.668779940447,-2500.441388784609,,,,1301.0,55.104
5012,2,1788,1870.668779940447,-2499.441388784609,,,,1299.0,55.086
5013,2,1789,1871.668779940447,-2498.441388784609,,,,1297.0,55.07
5014,2,1790,1872.668779940447,-2497.441388784609,,,,1296.0,55.052
5015,2,1791,1873.668779940447,-2496.441388784609,,,,1293.0,55.035
5016,2,1792,1874.668779940447,-2495.441388784609,,,,1291.0,55.019
5017,2,1793,1875.668779940447,-2494.441388784609,,,,1290.0,55.003
5018,2,1794,1876.668779940447,-2493.441388784609,,,,1290.0,54.987
5019,2,1795,1877.668779940447,-2492.441388784609,,,,1289.0,54.971
5020,2,1796,1878.668779940447,-2491.441388784609,,,,1288.0,54.955
5021,2,1797,1879.668779940447,-2490.441388784609,,,,1287.0,54.938
5022,2,1798,1880.668779940447,-2489.441388784609,,,,1286.0,54.921
5023,2,1799,1881.668779940447,-2488.441388784609,,,,1285.0,54.904
5024,2,1800,1882.668779940447,-2487.441388784609,,,,1282.0,54.887
5025,2,1801,1883.668779940447,-2486.441388784609,,,,1283.0,54.87
5026,2,1802,1884.668779940447,-2485.441388784609,,,,1282.0,54.853
5027,2,1803,1885.668779940447,-2484.441388784609,,,,1277.0,54.837
5028,2,1804,1886.668779940447,-2483.441388784609,,,,1277.0,54.819
5029,2,1805,1887.668779940447,-2482.441388784609,,,,1274.0,54.802
5030,2,1806,1888.668779940447,-2481.441388784609,,,,1274.0,54.785
5031,2,1807,1889.668779940447,-2480.441388784609,,,,1269.0,54.766
5032,2,1808,1890.668779940447,-2479.441388784609,,,,1269.0,54.749
5033,2,1809,1891.668779940447,-2478.441388784609,,,,1269.0,54.732
5034,2,1810,1892.668779940447,-2477.441388784609,,,,1267.0,54.714
5035,2,1811,1893.668779940447,-2476.441388784609,,,,1264.0,54.696
5036,2,1812,1894.668779940447,-2475.441388784609,,,,1262.0,54.679
5037,2,1813,1895.668779940447,-2474.441388784609,,,,1261.0,54.66
5038,2,1814,1896.668779940447,-2473.441388784609,,,,1257.0,54.642
5039,2,1815,1897.668779940447,-2472.441388784609,,,,1257.0,54.624
5040,2,1816,1898.668779940447,-2471.441388784609,,,,1255.0,54.606
5041,2,1817,1899.668779940447,-2470.441388784609,,,,1254.0,54.588
5042,2,1818,1900.668779940447,-2469.441388784609,,,,1252.0,54.571
5043,2,1819,1901.668779940447,-2468.441388784609,,,,1250.0,54.554
5044,2,1820,1902.668779940447,-2467.441388784609,,,,1250.0,54.537
5045,2,1821,1903.668779940447,-2466.441388784609,,,,1249.0,54.522
5046,2,1822,1904.668779940447,-2465.441388784609,,,,1244.0,54.507
5047,2,1823,1905.668779940447,-2464.441388784609,,,,1245.0,54.492
5048,2,1824,1906.668779940447,-2463.441388784609,,,,1243.0,54.478
5049,2,1825,1907.668779940447,-2462.441388784609,,,,1240.0,54.463
5050,2,1826,1908.668779940447,-2461.441388784609,,,,1238.0,54.447
5051,2,1827,1909.668779940447,-2460.441388784609,,,,1236.0,54.431
5052,2,1828,1910.668779940447,-2459.441388784609,,,,1234.0,54.412
5053,2,1829,1911.668779940447,-2458.441388784609,,,,1230.0,54.394
5054,2,1830,1912.668779940447,-2457.441388784609,,,,1229.0,54.377
5055,2,1831,1913.668779940447,-2456.441388784609,,,,1228.0,54.357
5056,2,1832,1914.668779940447,-2455.441388784609,,,,1226.0,54.339
5057,2,1833,1915.668779940447,-2454.441388784609,,,,1226.0,54.321
5058,2,1834,1916.668779940447,-2453.441388784609,,,,1224.0,54.304
5059,2,1835,1917.668779940447,-2452.441388784609,,,,1223.0,54.287
5060,2,1836,1918.668779940447,-2451.441388784609,,,,1223.0,54.27
5061,2,1837,1919.668779940447,-2450.441388784609,,,,1221.0,54.254
5062,2,1838,1920.668779940447,-2449.441388784609,,,,1218.0,54.236
5063,2,1839,1921.668779940447,-2448.441388784609,,,,1214.0,54.219
5064,2,1840,1922.668779940447,-2447.441388784609,,,,1214.0,54.201
5065,2,1841,1923.668779940447,-2446.441388784609,,,,1209.0,54.183
5066,2,1842,1924.668779940447,-2445.441388784609,,,,1208.0,54.166
5067,2,1843,1925.668779940447,-2444.441388784609,,,,1205.0,54.149
5068,2,1844,1926.668779940447,-2443.441388784609,,,,1203.0,54.131
5069,2,1845,1927.668779940447,-2442.441388784609,,,,1201.0,54.113
5070,2,1846,1928.668779940447,-2441.441388784609,,,,1200.0,54.097
5071,2,1847,1929.668779940447,-2440.441388784609,,,,1199.0,54.079
5072,2,1848,1930.668779940447,-2439.441388784609,,,,1198.0,54.062
5073,2,1849,1931.668779940447,-2438.441388784609,,,,1196.0,54.045
5074,2,1850,1932.668779940447,-2437.441388784609,,,,1195.0,54.027
5075,2,1851,1933.668779940447,-2436.441388784609,,,,1194.0,54.01
5076,2,1852,1934.668779940447,-2435.441388784609,,,,1193.0,53.992
5077,2,1853,1935.668779940447,-2434.441388784609,,,,1191.0,53.975
5078,2,1854,1936.668779940447,-2433.441388784609,,,,1190.0,53.96
5079,2,1855,1937.668779940447,-2432.441388784609,,,,1187.0,53.945
5080,2,1856,1938.668779940447,-2431.441388784609,,,,1185.0,53.931
5081,2,1857,1939.668779940447,-2430.441388784609,,,,1182.0,53.916
5082,2,1858,1940.668779940447,-2429.441388784609,,,,1180.0,53.902
5083,2,1859,1941.668779940447,-2428.441388784609,,,,1176.0,53.889
5084,2,1860,1942.668779940447,-2427.441388784609,,,,1174.0,53.876
5085,2,1861,1943.668779940447,-2426.441388784609,,,,1173.0,53.861
5086,2,1862,1944.668779940447,-2425.441388784609,,,,1173.0,53.848
5087,2,1863,1945.668779940447,-2424.441388784609,,,,1170.0,53.835
5088,2,1864,1946.668779940447,-2423.441388784609,,,,1167.0,53.822
5089,2,1865,1947.668779940447,-2422.441388784609,,,,1169.0,53.81
5090,2,1866,1948.668779940447,-2421.441388784609,,,,1166.0,53.798
5091,2,1867,1949.668779940447,-2420.441388784609,,,,1164.0,53.786
5092,2,1868,1950.668779940447,-2419.441388784609,,,,1162.0,53.774
5093,2,1869,1951.668779940447,-2418.441388784609,,,,1160.0,53.762
5094,2,1870,1952.668779940447,-2417.441388784609,,,,1159.0,53.751
5095,2,1871,1953.668779940447,-2416.441388784609,,,,1159.0,53.739
5096,2,1872,1954.668779940447,-2415.441388784609,,,,1157.0,53.726
5097,2,1873,1955.668779940447,-2414.441388784609,,,,1155.0,53.712
5098,2,1874,1956.668779940447,-2413.441388784609,,,,1153.0,53.698
5099,2,1875,1957.668779940447,-2412.441388784609,,,,1151.0,53.682
5100,2,1876,1958.668779940447,-2411.441388784609,,,,1149.0,53.666
5101,2,1877,1959.668779940447,-2410.441388784609,,,,1148.0,53.649
5102,2,1878,1960.668779940447,-2409.441388784609,,,,1147.0,53.634
5103,2,1879,1961.668779940447,-2408.441388784609,,,,1147.0,53.617
5104,2,1880,1962.668779940447,-2407.441388784609,,,,1144.0,53.601
5105,2,1881,1963.668779940447,-2406.441388784609,,,,1143.0,53.584
5106,2,1882,1964.668779940447,-2405.441388784609,,,,1140.0,53.567
5107,2,1883,1965.668779940447,-2404.441388784609,,,,1137.0,53.549
5108,2,1884,1966.668779940447,-2403.441388784609,,,,1135.0,53.531
5109,2,1885,1967.668779940447,-2402.441388784609,,,,1133.0,53.514
5110,2,1886,1968.668779940447,-2401.441388784609,,,,1132.0,53.496
5111,2,1887,1969.668779940447,-2400.441388784609,,,,1132.0,53.479
5112,2,1888,1970.668779940447,-2399.441388784609,,,,1131.0,53.463
5113,2,1889,1971.668779940447,-2398.441388784609,,,,1130.0,53.447
5114,2,1890,1972.668779940447,-2397.441388784609,,,,1129.0,53.432
5115,2,1891,1973.668779940447,-2396.441388784609,,,,1127.0,53.416
5116,2,1892,1974.668779940447,-2395.441388784609,,,,1126.0,53.401
5117,2,1893,1975.668779940447,-2394.441388784609,,,,1124.0,53.386
5118,2,1894,1976.668779940447,-2393.441388784609,,,,1122.0,53.371
5119,2,1895,1977.668779940447,-2392.441388784609,,,,1119.0,53.358
5120,2,1896,1978.668779940447,-2391.441388784609,,,,1117.0,53.345
5121,2,1897,1979.668779940447,-2390.441388784609,,,,1115.0,53.331
5122,2,1898,1980.668779940447,-2389.441388784609,,,,1113.0,53.319
5123,2,1899,1981.668779940447,-2388.441388784609,,,,1110.0,53.305
5124,2,1900,1982.668779940447,-2387.441388784609,,,,1108.0,53.29
5125,2,1901,1983.668779940447,-2386.441388784609,,,,1106.0,53.276
5126,2,1902,1984.668779940447,-2385.441388784609,,,,1104.0,53.261
5127,2,1903,1985.668779940447,-2384.441388784609,,,,1103.0,53.246
5128,2,1904,1986.668779940447,-2383.441388784609,,,,1100.0,53.229
5129,2,1905,1987.668779940447,-2382.441388784609,,,,1097.0,53.212
5130,2,1906,1988.668779940447,-2381.441388784609,,,,1096.0,53.195
5131,2,1907,1989.668779940447,-2380.441388784609,,,,1093.0,53.176
5132,2,1908,1990.668779940447,-2379.441388784609,,,,1090.0,53.156
5133,2,1909,1991.668779940447,-2378.441388784609,,,,1086.0,53.137
5134,2,1910,1992.668779940447,-2377.441388784609,,,,1084.0,53.116
5135,2,1911,1993.668779940447,-2376.441388784609,,,,1082.0,53.097
5136,2,1912,1994.668779940447,-2375.441388784609,,,,1082.0,53.076
5137,2,1913,1995.668779940447,-2374.441388784609,,,,1080.0,53.057
5138,2,1914,1996.668779940447,-2373.441388784609,,,,1079.0,53.036
5139,2,1915,1997.668779940447,-2372.441388784609,,,,1077.0,53.017
5140,2,1916,1998.668779940447,-2371.441388784609,,,,1076.0,52.999
5141,2,1917,1999.668779940447,-2370.441388784609,,,,1074.0,52.981
5142,2,1918,2000.668779940447,-2369.441388784609,,,,1073.0,52.962
5143,2,1919,2001.668779940447,-2368.441388784609,,,,1070.0,52.944
5144,2,1920,2002.668779940447,-2367.441388784609,,,,1070.0,52.927
5145,2,1921,2003.668779940447,-2366.441388784609,,,,1068.0,52.911
5146,2,1922,2004.668779940447,-2365.441388784609,,,,1068.0,52.896
5147,2,1923,2005.668779940447,-2364.441388784609,,,,1068.0,52.881
5148,2,1924,2006.668779940447,-2363.441388784609,,,,1068.0,52.868
5149,2,1925,2007.668779940447,-2362.441388784609,,,,1066.0,52.854
5150,2,1926,2008.668779940447,-2361.441388784609,,,,1065.0,52.841
5151,2,1927,2009.668779940447,-2360.441388784609,,,,1062.0,52.829
5152,2,1928,2010.668779940447,-2359.441388784609,,,,1061.0,52.816
5153,2,1929,2011.668779940447,-2358.441388784609,,,,1058.0,52.804
5154,2,1930,2012.668779940447,-2357.441388784609,,,,1056.0,52.795
5155,2,1931,2013.668779940447,-2356.441388784609,,,,1053.0,52.785
5156,2,1932,2014.668779940447,-2355.441388784609,,,,1052.0,52.775
5157,2,1933,2015.668779940447,-2354.441388784609,,,,1050.0,52.767
5158,2,1934,2016.668779940447,-2353.441388784609,,,,1049.0,52.758
5159,2,1935,2017.668779940447,-2352.441388784609,,,,1046.0,52.749
5160,2,1936,2018.668779940447,-2351.441388784609,,,,1045.0,52.739
5161,2,1937,2019.668779940447,-2350.441388784609,,,,1042.0,52.728
5162,2,1938,2020.668779940447,-2349.441388784609,,,,1040.0,52.718
5163,2,1939,2021.668779940447,-2348.441388784609,,,,1039.0,52.706
5164,2,1940,2022.668779940447,-2347.441388784609,,,,1037.0,52.694
5165,2,1941,2023.668779940447,-2346.441388784609,,,,1036.0,52.679
5166,2,1942,2024.668779940447,-2345.441388784609,,,,1034.0,52.665
5167,2,1943,2025.668779940447,-2344.441388784609,,,,1033.0,52.651
5168,2,1944,2026.668779940447,-2343.441388784609,,,,1032.0,52.637
5169,2,1945,2027.668779940447,-2342.441388784609,,,,1030.0,52.623
5170,2,1946,2028.668779940447,-2341.441388784609,,,,1029.0,52.61
5171,2,1947,2029.668779940447,-2340.441388784609,,,,1028.0,52.596
5172,2,1948,2030.668779940447,-2339.441388784609,,,,1026.0,52.58
5173,2,1949,2031.668779940447,-2338.441388784609,,,,1024.0,52.565
5174,2,1950,2032.668779940447,-2337.441388784609,,,,1021.0,52.55
5175,2,1951,2033.668779940447,-2336.441388784609,,,,1018.0,52.533
5176,2,1952,2034.668779940447,-2335.441388784609,,,,1017.0,52.519
5177,2,1953,2035.668779940447,-2334.441388784609,,,,1017.0,52.503
5178,2,1954,2036.668779940447,-2333.441388784609,,,,1014.0,52.487
5179,2,1955,2037.668779940447,-2332.441388784609,,,,1014.0,52.471
5180,2,1956,2038.668779940447,-2331.441388784609,,,,1012.0,52.456
5181,2,1957,2039.668779940447,-2330.441388784609,,,,1011.0,52.441
5182,2,1958,2040.668779940447,-2329.441388784609,,,,1011.0,52.428
5183,2,1959,2041.668779940447,-2328.441388784609,,,,1009.0,52.414
5184,2,1960,2042.668779940447,-2327.441388784609,,,,1011.0,52.401
5185,2,1961,2043.668779940447,-2326.441388784609,,,,1010.0,52.388
5186,2,1962,2044.668779940447,-2325.441388784609,,,,1009.0,52.374
5187,2,1963,2045.668779940447,-2324.441388784609,,,,1006.0,52.359
5188,2,1964,2046.668779940447,-2323.441388784609,,,,1003.0,52.345
5189,2,1965,2047.668779940447,-2322.441388784609,,,,1001.0,52.331
5190,2,1966,2048.668779940447,-2321.441388784609,,,,998.0,52.317
5191,2,1967,2049.668779940447,-2320.441388784609,,,,996.0,52.304
5192,2,1968,2050.668779940447,-2319.441388784609,,,,993.0,52.29
5193,2,1969,2051.668779940447,-2318.441388784609,,,,992.0,52.277
5194,2,1970,2052.668779940447,-2317.441388784609,,,,991.0,52.263
5195,2,1971,2053.668779940447,-2316.441388784609,,,,991.0,52.251
5196,2,1972,2054.668779940447,-2315.441388784609,,,,990.0,52.239
5197,2,1973,2055.668779940447,-2314.441388784609,,,,990.0,52.227
5198,2,1974,2056.668779940447,-2313.441388784609,,,,988.0,52.214
5199,2,1975,2057.668779940447,-2312.441388784609,,,,986.0,52.201
5200,2,1976,2058.668779940447,-2311.441388784609,,,,983.0,52.187
5201,2,1977,2059.668779940447,-2310.441388784609,,,,980.0,52.173
5202,2,1978,2060.668779940447,-2309.441388784609,,,,978.0,52.158
5203,2,1979,2061.668779940447,-2308.441388784609,,,,976.0,52.142
5204,2,1980,2062.668779940447,-2307.441388784609,,,,974.0,52.126
5205,2,1981,2063.668779940447,-2306.441388784609,,,,972.0,52.11
5206,2,1982,2064.668779940447,-2305.441388784609,,,,971.0,52.093
5207,2,1983,2065.668779940447,-2304.441388784609,,,,970.0,52.076
5208,2,1984,2066.668779940447,-2303.441388784609,,,,969.0,52.06
5209,2,1985,2067.668779940447,-2302.441388784609,,,,970.0,52.044
5210,2,1986,2068.668779940447,-2301.441388784609,,,,969.0,52.029
5211,2,1987,2069.668779940447,-2300.441388784609,,,,968.0,52.016
5212,2,1988,2070.668779940447,-2299.441388784609,,,,969.0,52.002
5213,2,1989,2071.668779940447,-2298.441388784609,,,,968.0,51.989
5214,2,1990,2072.668779940447,-2297.441388784609,,,,967.0,51.977
5215,2,1991,2073.668779940447,-2296.441388784609,,,,965.0,51.965
5216,2,1992,2074.668779940447,-2295.441388784609,,,,966.0,51.952
5217,2,1993,2075.668779940447,-2294.441388784609,,,,964.0,51.939
5218,2,1994,2076.668779940447,-2293.441388784609,,,,963.0,51.925
5219,2,1995,2077.668779940447,-2292.441388784609,,,,962.0,51.91
5220,2,1996,2078.668779940447,-2291.441388784609,,,,962.0,51.898
5221,2,1997,2079.668779940447,-2290.441388784609,,,,960.0,51.885
5222,2,1998,2080.668779940447,-2289.441388784609,,,,959.0,51.873
5223,2,1999,2081.668779940447,-2288.441388784609,,,,957.0,51.859
5224,2,2000,2082.668779940447,-2287.441388784609,,,,955.0,51.846
5225,2,2001,2083.668779940447,-2286.441388784609,,,,954.0,51.833
5226,2,2002,2084.668779940447,-2285.441388784609,,,,952.0,51.821
5227,2,2003,2085.668779940447,-2284.441388784609,,,,952.0,51.808
5228,2,2004,2086.668779940447,-2283.441388784609,,,,952.0,51.796
5229,2,2005,2087.668779940447,-2282.441388784609,,,,950.0,51.784
5230,2,2006,2088.668779940447,-2281.441388784609,,,,950.0,51.772
5231,2,2007,2089.668779940447,-2280.441388784609,,,,947.0,51.761
5232,2,2008,2090.668779940447,-2279.441388784609,,,,947.0,51.751
5233,2,2009,2091.668779940447,-2278.441388784609,,,,945.0,51.742
5234,2,2010,2092.668779940447,-2277.441388784609,,,,944.0,51.732
5235,2,2011,2093.668779940447,-2276.441388784609,,,,946.0,51.722
5236,2,2012,2094.668779940447,-2275.441388784609,,,,946.0,51.713
5237,2,2013,2095.668779940447,-2274.441388784609,,,,945.0,51.704
5238,2,2014,2096.668779940447,-2273.441388784609,,,,947.0,51.693
5239,2,2015,2097.668779940447,-2272.441388784609,,,,947.0,51.683
5240,2,2016,2098.668779940447,-2271.441388784609,,,,948.0,51.672
5241,2,2017,2099.668779940447,-2270.441388784609,,,,947.0,51.66
5242,2,2018,2100.668779940447,-2269.441388784609,,,,949.0,51.647
5243,2,2019,2101.668779940447,-2268.441388784609,,,,949.0,51.634
5244,2,2020,2102.668779940447,-2267.441388784609,,,,951.0,51.621
5245,2,2021,2103.668779940447,-2266.441388784609,,,,951.0,51.61
5246,2,2022,2104.668779940447,-2265.441388784609,,,,951.0,51.6
5247,2,2023,2105.668779940447,-2264.441388784609,,,,951.0,51.59
5248,2,2024,2106.668779940447,-2263.441388784609,,,,952.0,51.582
5249,2,2025,2107.668779940447,-2262.441388784609,,,,953.0,51.573
5250,2,2026,2108.668779940447,-2261.441388784609,,,,954.0,51.566
5251,2,2027,2109.668779940447,-2260.441388784609,,,,956.0,51.559
5252,2,2028,2110.668779940447,-2259.441388784609,,,,956.0,51.552
5253,2,2029,2111.668779940447,-2258.441388784609,,,,956.0,51.545
5254,2,2030,2112.668779940447,-2257.441388784609,,,,956.0,51.537
5255,2,2031,2113.668779940447,-2256.441388784609,,,,959.0,51.53
5256,2,2032,2114.668779940447,-2255.441388784609,,,,960.0,51.522
5257,2,2033,2115.668779940447,-2254.441388784609,,,,962.0,51.516
5258,2,2034,2116.668779940447,-2253.441388784609,,,,963.0,51.508
5259,2,2035,2117.668779940447,-2252.441388784609,,,,964.0,51.502
5260,2,2036,2118.668779940447,-2251.441388784609,,,,964.0,51.494
5261,2,2037,2119.668779940447,-2250.441388784609,,,,965.0,51.486
5262,2,2038,2120.668779940447,-2249.441388784609,,,,964.0,51.477
5263,2,2039,2121.668779940447,-2248.441388784609,,,,964.0,51.468
5264,2,2040,2122.668779940447,-2247.441388784609,,,,964.0,51.458
5265,2,2041,2123.668779940447,-2246.441388784609,,,,965.0,51.449
5266,2,2042,2124.668779940447,-2245.441388784609,,,,965.0,51.439
5267,2,2043,2125.668779940447,-2244.441388784609,,,,966.0,51.431
5268,2,2044,2126.668779940447,-2243.441388784609,,,,966.0,51.422
5269,2,2045,2127.668779940447,-2242.441388784609,,,,964.0,51.415
5270,2,2046,2128.668779940447,-2241.441388784609,,,,963.0,51.406
5271,2,2047,2129.668779940447,-2240.441388784609,,,,963.0,51.399
5272,2,2048,2130.668779940447,-2239.441388784609,,,,963.0,51.39
5273,2,2049,2131.668779940447,-2238.441388784609,,,,963.0,51.383
5274,2,2050,2132.668779940447,-2237.441388784609,,,,964.0,51.374
5275,2,2051,2133.668779940447,-2236.441388784609,,,,965.0,51.364
5276,2,2052,2134.668779940447,-2235.441388784609,,,,967.0,51.355
5277,2,2053,2135.668779940447,-2234.441388784609,,,,967.0,51.343
5278,2,2054,2136.668779940447,-2233.441388784609,,,,967.0,51.331
5279,2,2055,2137.668779940447,-2232.441388784609,,,,966.0,51.319
5280,2,2056,2138.668779940447,-2231.441388784609,,,,967.0,51.306
5281,2,2057,2139.668779940447,-2230.441388784609,,,,967.0,51.295
5282,2,2058,2140.668779940447,-2229.441388784609,,,,969.0,51.286
5283,2,2059,2141.668779940447,-2228.441388784609,,,,969.0,51.278
5284,2,2060,2142.668779940447,-2227.441388784609,,,,967.0,51.269
5285,2,2061,2143.668779940447,-2226.441388784609,,,,967.0,51.263
5286,2,2062,2144.668779940447,-2225.441388784609,,,,967.0,51.258
5287,2,2063,2145.668779940447,-2224.441388784609,,,,966.0,51.252
5288,2,2064,2146.668779940447,-2223.441388784609,,,,966.0,51.247
5289,2,2065,2147.668779940447,-2222.441388784609,,,,967.0,51.241
5290,2,2066,2148.668779940447,-2221.441388784609,,,,966.0,51.234
5291,2,2067,2149.668779940447,-2220.441388784609,,,,965.0,51.226
5292,2,2068,2150.668779940447,-2219.441388784609,,,,966.0,51.217
5293,2,2069,2151.668779940447,-2218.441388784609,,,,966.0,51.208
5294,2,2070,2152.668779940447,-2217.441388784609,,,,966.0,51.2
5295,2,2071,2153.668779940447,-2216.441388784609,,,,967.0,51.19
5296,2,2072,2154.668779940447,-2215.441388784609,,,,967.0,51.181
5297,2,2073,2155.668779940447,-2214.441388784609,,,,967.0,51.172
5298,2,2074,2156.668779940447,-2213.441388784609,,,,967.0,51.163
5299,2,2075,2157.668779940447,-2212.441388784609,,,,968.0,51.155
5300,2,2076,2158.668779940447,-2211.441388784609,,,,968.0,51.147
5301,2,2077,2159.668779940447,-2210.441388784609,,,,967.0,51.142
5302,2,2078,2160.668779940447,-2209.441388784609,,,,965.0,51.14
5649,2,2425,2507.668779940447,-1862.441388784609,,,,1097.0,51.132
5650,2,2426,2508.668779940447,-1861.441388784609,,,,1098.0,51.119
5651,2,2427,2509.668779940447,-1860.441388784609,,,,1095.0,51.108
5652,2,2428,2510.668779940447,-1859.441388784609,,,,1093.0,51.095
5653,2,2429,2511.668779940447,-1858.441388784609,,,,1091.0,51.083
5654,2,2430,2512.668779940447,-1857.441388784609,,,,1089.0,51.07
5655,2,2431,2513.668779940447,-1856.441388784609,,,,1086.0,51.055
5656,2,2432,2514.668779940447,-1855.441388784609,,,,1082.0,51.04
5657,2,2433,2515.668779940447,-1854.441388784609,,,,1078.0,51.024
5658,2,2434,2516.668779940447,-1853.441388784609,,,,1076.0,51.007
5659,2,2435,2517.668779940447,-1852.441388784609,,,,1071.0,50.99
5660,2,2436,2518.668779940447,-1851.441388784609,,,,1069.0,50.974
5661,2,2437,2519.668779940447,-1850.441388784609,,,,1067.0,50.958
5662,2,2438,2520.668779940447,-1849.441388784609,,,,1066.0,50.943
5663,2,2439,2521.668779940447,-1848.441388784609,,,,1064.0,50.927
5664,2,2440,2522.668779940447,-1847.441388784609,,,,1063.0,50.913
5665,2,2441,2523.668779940447,-1846.441388784609,,,,1060.0,50.901
5666,2,2442,2524.668779940447,-1845.441388784609,,,,1058.0,50.886
5667,2,2443,2525.668779940447,-1844.441388784609,,,,1054.0,50.872
5668,2,2444,2526.668779940447,-1843.441388784609,,,,1052.0,50.857
5669,2,2445,2527.668779940447,-1842.441388784609,,,,1048.0,50.842
5670,2,2446,2528.668779940447,-1841.441388784609,,,,1046.0,50.825
5671,2,2447,2529.668779940447,-1840.441388784609,,,,1042.0,50.809
5672,2,2448,2530.668779940447,-1839.441388784609,,,,1039.0,50.792
5673,2,2449,2531.668779940447,-1838.441388784609,,,,1037.0,50.775
5674,2,2450,2532.668779940447,-1837.441388784609,,,,1035.0,50.758
5675,2,2451,2533.668779940447,-1836.441388784609,,,,1034.0,50.741
5676,2,2452,2534.668779940447,-1835.441388784609,,,,1031.0,50.724
5677,2,2453,2535.668779940447,-1834.441388784609,,,,1029.0,50.707
5678,2,2454,2536.668779940447,-1833.441388784609,,,,1026.0,50.691
5679,2,2455,2537.668779940447,-1832.441388784609,,,,1026.0,50.675
5680,2,2456,2538.668779940447,-1831.441388784609,,,,1022.0,50.659
5681,2,2457,2539.668779940447,-1830.441388784609,,,,1019.0,50.642
5682,2,2458,2540.668779940447,-1829.441388784609,,,,1016.0,50.625
5683,2,2459,2541.668779940447,-1828.441388784609,,,,1013.0,50.609
5684,2,2460,2542.668779940447,-1827.441388784609,,,,1010.0,50.592
5685,2,2461,2543.668779940447,-1826.441388784609,,,,1007.0,50.574
5686,2,2462,2544.668779940447,-1825.441388784609,,,,1006.0,50.557
5687,2,2463,2545.668779940447,-1824.441388784609,,,,1004.0,50.54
5688,2,2464,2546.668779940447,-1823.441388784609,,,,1003.0,50.522
5689,2,2465,2547.668779940447,-1822.441388784609,,,,999.0,50.505
5690,2,2466,2548.668779940447,-1821.441388784609,,,,997.0,50.487
5691,2,2467,2549.668779940447,-1820.441388784609,,,,994.0,50.47
5692,2,2468,2550.668779940447,-1819.441388784609,,,,992.0,50.453
5693,2,2469,2551.668779940447,-1818.441388784609,,,,989.0,50.436
5694,2,2470,2552.668779940447,-1817.441388784609,,,,988.0,50.419
5695,2,2471,2553.668779940447,-1816.441388784609,,,,985.0,50.401
5696,2,2472,2554.668779940447,-1815.441388784609,,,,984.0,50.384
5697,2,2473,2555.668779940447,-1814.441388784609,,,,980.0,50.366
5698,2,2474,2556.668779940447,-1813.441388784609,,,,979.0,50.348
5699,2,2475,2557.668779940447,-1812.441388784609,,,,976.0,50.33
5700,2,2476,2558.668779940447,-1811.441388784609,,,,976.0,50.312
5701,2,2477,2559.668779940447,-1810.441388784609,,,,977.0,50.295
5702,2,2478,2560.668779940447,-1809.441388784609,,,,977.0,50.28
5703,2,2479,2561.668779940447,-1808.441388784609,,,,977.0,50.265
5704,2,2480,2562.668779940447,-1807.441388784609,,,,976.0,50.252
5705,2,2481,2563.668779940447,-1806.441388784609,,,,970.0,50.237
5706,2,2482,2564.668779940447,-1805.441388784609,,,,971.0,50.224
5707,2,2483,2565.668779940447,-1804.441388784609,,,,971.0,50.209
5708,2,2484,2566.668779940447,-1803.441388784609,,,,968.0,50.195
5709,2,2485,2567.668779940447,-1802.441388784609,,,,965.0,50.18
5710,2,2486,2568.668779940447,-1801.441388784609,,,,962.0,50.164
5711,2,2487,2569.668779940447,-1800.441388784609,,,,959.0,50.146
5712,2,2488,2570.668779940447,-1799.441388784609,,,,956.0,50.13
5713,2,2489,2571.668779940447,-1798.441388784609,,,,951.0,50.114
5714,2,2490,2572.668779940447,-1797.441388784609,,,,950.0,50.096
5715,2,2491,2573.668779940447,-1796.441388784609,,,,948.0,50.08
5716,2,2492,2574.668779940447,-1795.441388784609,,,,946.0,50.063
5717,2,2493,2575.668779940447,-1794.441388784609,,,,944.0,50.045
5718,2,2494,2576.668779940447,-1793.441388784609,,,,942.0,50.027
5719,2,2495,2577.668779940447,-1792.441388784609,,,,940.0,50.011
5720,2,2496,2578.668779940447,-1791.441388784609,,,,938.0,49.993
5721,2,2497,2579.668779940447,-1790.441388784609,,,,936.0,49.976
5722,2,2498,2580.668779940447,-1789.441388784609,,,,935.0,49.96
5723,2,2499,2581.668779940447,-1788.441388784609,,,,935.0,49.944
5724,2,2500,2582.668779940447,-1787.441388784609,,,,932.0,49.928
5725,2,2501,2583.668779940447,-1786.441388784609,,,,932.0,49.911
5726,2,2502,2584.668779940447,-1785.441388784609,,,,930.0,49.896
5727,2,2503,2585.668779940447,-1784.441388784609,,,,928.0,49.879
5728,2,2504,2586.668779940447,-1783.441388784609,,,,926.0,49.863
5729,2,2505,2587.668779940447,-1782.441388784609,,,,923.0,49.847
5730,2,2506,2588.668779940447,-1781.441388784609,,,,922.0,49.831
5731,2,2507,2589.668779940447,-1780.441388784609,,,,920.0,49.814
5732,2,2508,2590.668779940447,-1779.441388784609,,,,917.0,49.799
5733,2,2509,2591.668779940447,-1778.441388784609,,,,914.0,49.783
5734,2,2510,2592.668779940447,-1777.441388784609,,,,913.0,49.769
5735,2,2511,2593.668779940447,-1776.441388784609,,,,910.0,49.755
5736,2,2512,2594.668779940447,-1775.441388784609,,,,910.0,49.741
5737,2,2513,2595.668779940447,-1774.441388784609,,,,908.0,49.727
5738,2,2514,2596.668779940447,-1773.441388784609,,,,906.0,49.713
5739,2,2515,2597.668779940447,-1772.441388784609,,,,905.0,49.699
5740,2,2516,2598.668779940447,-1771.441388784609,,,,904.0,49.684
5741,2,2517,2599.668779940447,-1770.441388784609,,,,903.0,49.671
5742,2,2518,2600.668779940447,-1769.441388784609,,,,902.0,49.655
5743,2,2519,2601.668779940447,-1768.441388784609,,,,901.0,49.641
5744,2,2520,2602.668779940447,-1767.441388784609,,,,898.0,49.626
5745,2,2521,2603.668779940447,-1766.441388784609,,,,896.0,49.611
5746,2,2522,2604.668779940447,-1765.441388784609,,,,896.0,49.596
5747,2,2523,2605.668779940447,-1764.441388784609,,,,893.0,49.582
5748,2,2524,2606.668779940447,-1763.441388784609,,,,892.0,49.567
5749,2,2525,2607.668779940447,-1762.441388784609,,,,892.0,49.554
5750,2,2526,2608.668779940447,-1761.441388784609,,,,891.0,49.54
5751,2,2527,2609.668779940447,-1760.441388784609,,,,888.0,49.524
5752,2,2528,2610.668779940447,-1759.441388784609,,,,887.0,49.51
5753,2,2529,2611.668779940447,-1758.441388784609,,,,885.0,49.496
5754,2,2530,2612.668779940447,-1757.441388784609,,,,882.0,49.482
5755,2,2531,2613.668779940447,-1756.441388784609,,,,880.0,49.466
5756,2,2532,2614.668779940447,-1755.441388784609,,,,878.0,49.449
5757,2,2533,2615.668779940447,-1754.441388784609,,,,876.0,49.434
5758,2,2534,2616.668779940447,-1753.441388784609,,,,872.0,49.418
5759,2,2535,2617.668779940447,-1752.441388784609,,,,871.0,49.401
5760,2,2536,2618.668779940447,-1751.441388784609,,,,867.0,49.385
5761,2,2537,2619.668779940447,-1750.441388784609,,,,868.0,49.368
5762,2,2538,2620.668779940447,-1749.441388784609,,,,866.0,49.351
5763,2,2539,2621.668779940447,-1748.441388784609,,,,864.0,49.335
5764,2,2540,2622.668779940447,-1747.441388784609,,,,862.0,49.319
5765,2,2541,2623.668779940447,-1746.441388784609,,,,860.0,49.303
5766,2,2542,2624.668779940447,-1745.441388784609,,,,858.0,49.287
5767,2,2543,2625.668779940447,-1744.441388784609,,,,857.0,49.273
5768,2,2544,2626.668779940447,-1743.441388784609,,,,854.0,49.257
5769,2,2545,2627.668779940447,-1742.441388784609,,,,851.0,49.241
5770,2,2546,2628.668779940447,-1741.441388784609,,,,848.0,49.226
5771,2,2547,2629.668779940447,-1740.441388784609,,,,844.0,49.209
5772,2,2548,2630.668779940447,-1739.441388784609,,,,841.0,49.193
5773,2,2549,2631.668779940447,-1738.441388784609,,,,840.0,49.177
5774,2,2550,2632.668779940447,-1737.441388784609,,,,839.0,49.16
5775,2,2551,2633.668779940447,-1736.441388784609,,,,834.0,49.144
5776,2,2552,2634.668779940447,-1735.441388784609,,,,836.0,49.128
5777,2,2553,2635.668779940447,-1734.441388784609,,,,835.0,49.114
5778,2,2554,2636.668779940447,-1733.441388784609,,,,834.0,49.101
5779,2,2555,2637.668779940447,-1732.441388784609,,,,832.0,49.089
5780,2,2556,2638.668779940447,-1731.441388784609,,,,830.0,49.078
5781,2,2557,2639.668779940447,-1730.441388784609,,,,827.0,49.066
5782,2,2558,2640.668779940447,-1729.441388784609,,,,824.0,49.053
5783,2,2559,2641.668779940447,-1728.441388784609,,,,822.0,49.039
5784,2,2560,2642.668779940447,-1727.441388784609,,,,822.0,49.027
5785,2,2561,2643.668779940447,-1726.441388784609,,,,820.0,49.013
5786,2,2562,2644.668779940447,-1725.441388784609,,,,817.0,49.0
5787,2,2563,2645.668779940447,-1724.441388784609,,,,815.0,48.986
5788,2,2564,2646.668779940447,-1723.441388784609,,,,814.0,48.974
5789,2,2565,2647.668779940447,-1722.441388784609,,,,815.0,48.963
5790,2,2566,2648.668779940447,-1721.441388784609,,,,816.0,48.951
5791,2,2567,2649.668779940447,-1720.441388784609,,,,816.0,48.94
5792,2,2568,2650.668779940447,-1719.441388784609,,,,818.0,48.928
5793,2,2569,2651.668779940447,-1718.441388784609,,,,820.0,48.917
5794,2,2570,2652.668779940447,-1717.441388784609,,,,823.0,48.906
5795,2,2571,2653.668779940447,-1716.441388784609,,,,824.0,48.895
5796,2,2572,2654.668779940447,-1715.441388784609,,,,825.0,48.884
5797,2,2573,2655.668779940447,-1714.441388784609,,,,825.0,48.871
5798,2,2574,2656.668779940447,-1713.441388784609,,,,825.0,48.859
5799,2,2575,2657.668779940447,-1712.441388784609,,,,825.0,48.845
5800,2,2576,2658.668779940447,-1711.441388784609,,,,828.0,48.834
5801,2,2577,2659.668779940447,-1710.441388784609,,,,829.0,48.822
5802,2,2578,2660.668779940447,-1709.441388784609,,,,830.0,48.813
5803,2,2579,2661.668779940447,-1708.441388784609,,,,832.0,48.805
5804,2,2580,2662.668779940447,-1707.441388784609,,,,832.0,48.801
5805,2,2581,2663.668779940447,-1706.441388784609,,,,834.0,48.8
5901,2,2677,2759.668779940447,-1610.441388784609,,,,939.0,48.792
5902,2,2678,2760.668779940447,-1609.441388784609,,,,938.0,48.779
5903,2,2679,2761.668779940447,-1608.441388784609,,,,937.0,48.766
5904,2,2680,2762.668779940447,-1607.441388784609,,,,937.0,48.754
5905,2,2681,2763.668779940447,-1606.441388784609,,,,936.0,48.742
5906,2,2682,2764.668779940447,-1605.441388784609,,,,933.0,48.732
5907,2,2683,2765.668779940447,-1604.441388784609,,,,935.0,48.721
5908,2,2684,2766.668779940447,-1603.441388784609,,,,934.0,48.711
5909,2,2685,2767.668779940447,-1602.441388784609,,,,933.0,48.7
5910,2,2686,2768.668779940447,-1601.441388784609,,,,932.0,48.688
5911,2,2687,2769.668779940447,-1600.441388784609,,,,931.0,48.676
5912,2,2688,2770.668779940447,-1599.441388784609,,,,929.0,48.665
5913,2,2689,2771.668779940447,-1598.441388784609,,,,928.0,48.654
5914,2,2690,2772.668779940447,-1597.441388784609,,,,928.0,48.643
5915,2,2691,2773.668779940447,-1596.441388784609,,,,926.0,48.634
5916,2,2692,2774.668779940447,-1595.441388784609,,,,926.0,48.624
5917,2,2693,2775.668779940447,-1594.441388784609,,,,925.0,48.615
5918,2,2694,2776.668779940447,-1593.441388784609,,,,924.0,48.606
5919,2,2695,2777.668779940447,-1592.441388784609,,,,923.0,48.597
5920,2,2696,2778.668779940447,-1591.441388784609,,,,926.0,48.586
5921,2,2697,2779.668779940447,-1590.441388784609,,,,925.0,48.574
5922,2,2698,2780.668779940447,-1589.441388784609,,,,926.0,48.56
5923,2,2699,2781.668779940447,-1588.441388784609,,,,924.0,48.546
5924,2,2700,2782.668779940447,-1587.441388784609,,,,925.0,48.531
5925,2,2701,2783.668779940447,-1586.441388784609,,,,923.0,48.517
5926,2,2702,2784.668779940447,-1585.441388784609,,,,923.0,48.503
5927,2,2703,2785.668779940447,-1584.441388784609,,,,922.0,48.49
5928,2,2704,2786.668779940447,-1583.441388784609,,,,922.0,48.476
5929,2,2705,2787.668779940447,-1582.441388784609,,,,924.0,48.466
5930,2,2706,2788.668779940447,-1581.441388784609,,,,924.0,48.455
5931,2,2707,2789.668779940447,-1580.441388784609,,,,923.0,48.447
5932,2,2708,2790.668779940447,-1579.441388784609,,,,923.0,48.439
5933,2,2709,2791.668779940447,-1578.441388784609,,,,923.0,48.43
5934,2,2710,2792.668779940447,-1577.441388784609,,,,925.0,48.422
5935,2,2711,2793.668779940447,-1576.441388784609,,,,926.0,48.413
5936,2,2712,2794.668779940447,-1575.441388784609,,,,926.0,48.404
5937,2,2713,2795.668779940447,-1574.441388784609,,,,926.0,48.395
5938,2,2714,2796.668779940447,-1573.441388784609,,,,926.0,48.385
5939,2,2715,2797.668779940447,-1572.441388784609,,,,927.0,48.373
5940,2,2716,2798.668779940447,-1571.441388784609,,,,928.0,48.358
5941,2,2717,2799.668779940447,-1570.441388784609,,,,931.0,48.344
5942,2,2718,2800.668779940447,-1569.441388784609,,,,931.0,48.331
5943,2,2719,2801.668779940447,-1568.441388784609,,,,933.0,48.317
5944,2,2720,2802.668779940447,-1567.441388784609,,,,935.0,48.304
5945,2,2721,2803.668779940447,-1566.441388784609,,,,937.0,48.294
5946,2,2722,2804.668779940447,-1565.441388784609,,,,938.0,48.286
5947,2,2723,2805.668779940447,-1564.441388784609,,,,939.0,48.28
5963,2,2739,2821.668779940447,-1548.441388784609,,,,963.0,48.276
5964,2,2740,2822.668779940447,-1547.441388784609,,,,964.0,48.263
5965,2,2741,2823.668779940447,-1546.441388784609,,,,963.0,48.253
5966,2,2742,2824.668779940447,-1545.441388784609,,,,962.0,48.246
5967,2,2743,2825.668779940447,-1544.441388784609,,,,963.0,48.243
5986,2,2762,2844.668779940447,-1525.441388784609,,,,986.0,48.236
5987,2,2763,2845.668779940447,-1524.441388784609,,,,985.0,48.223
5988,2,2764,2846.668779940447,-1523.441388784609,,,,985.0,48.211
5989,2,2765,2847.668779940447,-1522.441388784609,,,,984.0,48.202
5990,2,2766,2848.668779940447,-1521.441388784609,,,,984.0,48.199
5991,2,2767,2849.668779940447,-1520.441388784609,,,,984.0,48.197
6016,2,2792,2874.668779940447,-1495.441388784609,,,,992.0,48.193
6017,2,2793,2875.668779940447,-1494.441388784609,,,,990.0,48.178
6018,2,2794,2876.668779940447,-1493.441388784609,,,,988.0,48.164
6019,2,2795,2877.668779940447,-1492.441388784609,,,,985.0,48.151
6020,2,2796,2878.668779940447,-1491.441388784609,,,,982.0,48.137
6021,2,2797,2879.668779940447,-1490.441388784609,,,,979.0,48.128
6022,2,2798,2880.668779940447,-1489.441388784609,,,,977.0,48.122
6023,2,2799,2881.668779940447,-1488.441388784609,,,,975.0,48.12
6024,2,2800,2882.668779940447,-1487.441388784609,,,,973.0,48.118
6186,2,2962,3044.668779940447,-1325.441388784609,,,,1021.0,48.106
6187,2,2963,3045.668779940447,-1324.441388784609,,,,1020.0,48.091
6188,2,2964,3046.668779940447,-1323.441388784609,,,,1020.0,48.078
6189,2,2965,3047.668779940447,-1322.441388784609,,,,1021.0,48.063
6190,2,2966,3048.668779940447,-1321.441388784609,,,,1020.0,48.05
6191,2,2967,3049.668779940447,-1320.441388784609,,,,1019.0,48.036
6192,2,2968,3050.668779940447,-1319.441388784609,,,,1016.0,48.021
6193,2,2969,3051.668779940447,-1318.441388784609,,,,1016.0,48.006
6194,2,2970,3052.668779940447,-1317.441388784609,,,,1016.0,47.991
6195,2,2971,3053.668779940447,-1316.441388784609,,,,1018.0,47.977
6196,2,2972,3054.668779940447,-1315.441388784609,,,,1018.0,47.964
6197,2,2973,3055.668779940447,-1314.441388784609,,,,1017.0,47.951
6198,2,2974,3056.668779940447,-1313.441388784609,,,,1016.0,47.939
6199,2,2975,3057.668779940447,-1312.441388784609,,,,1014.0,47.925
6200,2,2976,3058.668779940447,-1311.441388784609,,,,1012.0,47.912
6201,2,2977,3059.668779940447,-1310.441388784609,,,,1009.0,47.897
6202,2,2978,3060.668779940447,-1309.441388784609,,,,1005.0,47.881
6203,2,2979,3061.668779940447,-1308.441388784609,,,,1003.0,47.864
6204,2,2980,3062.668779940447,-1307.441388784609,,,,1000.0,47.847
6205,2,2981,3063.668779940447,-1306.441388784609,,,,998.0,47.831
6206,2,2982,3064.668779940447,-1305.441388784609,,,,995.0,47.816
6207,2,2983,3065.668779940447,-1304.441388784609,,,,993.0,47.8
6208,2,2984,3066.668779940447,-1303.441388784609,,,,991.0,47.784
6209,2,2985,3067.668779940447,-1302.441388784609,,,,990.0,47.768
6210,2,2986,3068.668779940447,-1301.441388784609,,,,984.0,47.754
6211,2,2987,3069.668779940447,-1300.441388784609,,,,984.0,47.739
6212,2,2988,3070.668779940447,-1299.441388784609,,,,982.0,47.722
6213,2,2989,3071.668779940447,-1298.441388784609,,,,980.0,47.707
6214,2,2990,3072.668779940447,-1297.441388784609,,,,978.0,47.69
6215,2,2991,3073.668779940447,-1296.441388784609,,,,977.0,47.675
6216,2,2992,3074.668779940447,-1295.441388784609,,,,974.0,47.661
6217,2,2993,3075.668779940447,-1294.441388784609,,,,971.0,47.646
6218,2,2994,3076.668779940447,-1293.441388784609,,,,969.0,47.631
6219,2,2995,3077.668779940447,-1292.441388784609,,,,968.0,47.615
6220,2,2996,3078.668779940447,-1291.441388784609,,,,966.0,47.598
6221,2,2997,3079.668779940447,-1290.441388784609,,,,965.0,47.583
6222,2,2998,3080.668779940447,-1289.441388784609,,,,964.0,47.568
6223,2,2999,3081.668779940447,-1288.441388784609,,,,964.0,47.554
6224,2,3000,3082.668779940447,-1287.441388784609,,,,964.0,47.539
6225,2,3001,3083.668779940447,-1286.441388784609,,,,963.0,47.525
6226,2,3002,3084.668779940447,-1285.441388784609,,,,963.0,47.511
6227,2,3003,3085.668779940447,-1284.441388784609,,,,962.0,47.497
6228,2,3004,3086.668779940447,-1283.441388784609,,,,959.0,47.482
6229,2,3005,3087.668779940447,-1282.441388784609,,,,958.0,47.468
6230,2,3006,3088.668779940447,-1281.441388784609,,,,958.0,47.453
6231,2,3007,3089.668779940447,-1280.441388784609,,,,958.0,47.438
6232,2,3008,3090.668779940447,-1279.441388784609,,,,957.0,47.422
6233,2,3009,3091.668779940447,-1278.441388784609,,,,956.0,47.407
6234,2,3010,3092.668779940447,-1277.441388784609,,,,955.0,47.39
6235,2,3011,3093.668779940447,-1276.441388784609,,,,955.0,47.372
6236,2,3012,3094.668779940447,-1275.441388784609,,,,956.0,47.354
6237,2,3013,3095.668779940447,-1274.441388784609,,,,955.0,47.339
6238,2,3014,3096.668779940447,-1273.441388784609,,,,956.0,47.322
6239,2,3015,3097.668779940447,-1272.441388784609,,,,957.0,47.305
6240,2,3016,3098.668779940447,-1271.441388784609,,,,956.0,47.288
6241,2,3017,3099.668779940447,-1270.441388784609,,,,955.0,47.271
6242,2,3018,3100.668779940447,-1269.441388784609,,,,955.0,47.253
6243,2,3019,3101.668779940447,-1268.441388784609,,,,956.0,47.236
6244,2,3020,3102.668779940447,-1267.441388784609,,,,956.0,47.22
6245,2,3021,3103.668779940447,-1266.441388784609,,,,956.0,47.204
6246,2,3022,3104.668779940447,-1265.441388784609,,,,956.0,47.188
6247,2,3023,3105.668779940447,-1264.441388784609,,,,957.0,47.174
6248,2,3024,3106.668779940447,-1263.441388784609,,,,958.0,47.159
6249,2,3025,3107.668779940447,-1262.441388784609,,,,954.0,47.146
6250,2,3026,3108.668779940447,-1261.441388784609,,,,959.0,47.131
6251,2,3027,3109.668779940447,-1260.441388784609,,,,959.0,47.118
6252,2,3028,3110.668779940447,-1259.441388784609,,,,957.0,47.102
6253,2,3029,3111.668779940447,-1258.441388784609,,,,956.0,47.088
6254,2,3030,3112.668779940447,-1257.441388784609,,,,954.0,47.071
6255,2,3031,3113.668779940447,-1256.441388784609,,,,953.0,47.054
6256,2,3032,3114.668779940447,-1255.441388784609,,,,950.0,47.038
6257,2,3033,3115.668779940447,-1254.441388784609,,,,948.0,47.021
6258,2,3034,3116.668779940447,-1253.441388784609,,,,949.0,47.005
6259,2,3035,3117.668779940447,-1252.441388784609,,,,948.0,46.989
6260,2,3036,3118.668779940447,-1251.441388784609,,,,948.0,46.973
6261,2,3037,3119.668779940447,-1250.441388784609,,,,945.0,46.956
6262,2,3038,3120.668779940447,-1249.441388784609,,,,942.0,46.938
6263,2,3039,3121.668779940447,-1248.441388784609,,,,942.0,46.92
6264,2,3040,3122.668779940447,-1247.441388784609,,,,940.0,46.901
6265,2,3041,3123.668779940447,-1246.441388784609,,,,938.0,46.882
6266,2,3042,3124.668779940447,-1245.441388784609,,,,936.0,46.865
6267,2,3043,3125.668779940447,-1244.441388784609,,,,935.0,46.846
6268,2,3044,3126.668779940447,-1243.441388784609,,,,934.0,46.83
6269,2,3045,3127.668779940447,-1242.441388784609,,,,932.0,46.812
6270,2,3046,3128.668779940447,-1241.441388784609,,,,932.0,46.796
6271,2,3047,3129.668779940447,-1240.441388784609,,,,929.0,46.78
6272,2,3048,3130.668779940447,-1239.441388784609,,,,928.0,46.763
6273,2,3049,3131.668779940447,-1238.441388784609,,,,927.0,46.747
6274,2,3050,3132.668779940447,-1237.441388784609,,,,926.0,46.731
6275,2,3051,3133.668779940447,-1236.441388784609,,,,924.0,46.716
6276,2,3052,3134.668779940447,-1235.441388784609,,,,924.0,46.7
6277,2,3053,3135.668779940447,-1234.441388784609,,,,923.0,46.683
6278,2,3054,3136.668779940447,-1233.441388784609,,,,922.0,46.667
6279,2,3055,3137.668779940447,-1232.441388784609,,,,920.0,46.652
6280,2,3056,3138.668779940447,-1231.441388784609,,,,919.0,46.636
6281,2,3057,3139.668779940447,-1230.441388784609,,,,918.0,46.621
6282,2,3058,3140.668779940447,-1229.441388784609,,,,916.0,46.604
6283,2,3059,3141.668779940447,-1228.441388784609,,,,915.0,46.588
6284,2,3060,3142.668779940447,-1227.441388784609,,,,913.0,46.572
6285,2,3061,3143.668779940447,-1226.441388784609,,,,911.0,46.556
6286,2,3062,3144.668779940447,-1225.441388784609,,,,909.0,46.538
6287,2,3063,3145.668779940447,-1224.441388784609,,,,909.0,46.522
6288,2,3064,3146.668779940447,-1223.441388784609,,,,908.0,46.506
6289,2,3065,3147.668779940447,-1222.441388784609,,,,908.0,46.49
6290,2,3066,3148.668779940447,-1221.441388784609,,,,908.0,46.474
6291,2,3067,3149.668779940447,-1220.441388784609,,,,908.0,46.457
6292,2,3068,3150.668779940447,-1219.441388784609,,,,907.0,46.442
6293,2,3069,3151.668779940447,-1218.441388784609,,,,906.0,46.425
6294,2,3070,3152.668779940447,-1217.441388784609,,,,905.0,46.408
6295,2,3071,3153.668779940447,-1216.441388784609,,,,904.0,46.392
6296,2,3072,3154.668779940447,-1215.441388784609,,,,903.0,46.375
6297,2,3073,3155.668779940447,-1214.441388784609,,,,901.0,46.36
6298,2,3074,3156.668779940447,-1213.441388784609,,,,899.0,46.343
6299,2,3075,3157.668779940447,-1212.441388784609,,,,898.0,46.327
6300,2,3076,3158.668779940447,-1211.441388784609,,,,897.0,46.312
6301,2,3077,3159.668779940447,-1210.441388784609,,,,897.0,46.296
6302,2,3078,3160.668779940447,-1209.441388784609,,,,896.0,46.281
6303,2,3079,3161.668779940447,-1208.441388784609,,,,895.0,46.265
6304,2,3080,3162.668779940447,-1207.441388784609,,,,894.0,46.25
6305,2,3081,3163.668779940447,-1206.441388784609,,,,891.0,46.233
6306,2,3082,3164.668779940447,-1205.441388784609,,,,892.0,46.218
6307,2,3083,3165.668779940447,-1204.441388784609,,,,890.0,46.202
6308,2,3084,3166.668779940447,-1203.441388784609,,,,887.0,46.186
6309,2,3085,3167.668779940447,-1202.441388784609,,,,887.0,46.17
6310,2,3086,3168.668779940447,-1201.441388784609,,,,886.0,46.153
6311,2,3087,3169.668779940447,-1200.441388784609,,,,883.0,46.136
6312,2,3088,3170.668779940447,-1199.441388784609,,,,882.0,46.12
6313,2,3089,3171.668779940447,-1198.441388784609,,,,881.0,46.103
6314,2,3090,3172.668779940447,-1197.441388784609,,,,880.0,46.085
6315,2,3091,3173.668779940447,-1196.441388784609,,,,879.0,46.068
6316,2,3092,3174.668779940447,-1195.441388784609,,,,878.0,46.051
6317,2,3093,3175.668779940447,-1194.441388784609,,,,877.0,46.035
6318,2,3094,3176.668779940447,-1193.441388784609,,,,875.0,46.018
6319,2,3095,3177.668779940447,-1192.441388784609,,,,874.0,46.0
6320,2,3096,3178.668779940447,-1191.441388784609,,,,872.0,45.983
6321,2,3097,3179.668779940447,-1190.441388784609,,,,872.0,45.966
6322,2,3098,3180.668779940447,-1189.441388784609,,,,871.0,45.949
6323,2,3099,3181.668779940447,-1188.441388784609,,,,867.0,45.932
6324,2,3100,3182.668779940447,-1187.441388784609,,,,865.0,45.914
6325,2,3101,3183.668779940447,-1186.441388784609,,,,864.0,45.898
6326,2,3102,3184.668779940447,-1185.441388784609,,,,862.0,45.881
6327,2,3103,3185.668779940447,-1184.441388784609,,,,859.0,45.865
6328,2,3104,3186.668779940447,-1183.441388784609,,,,858.0,45.849
6329,2,3105,3187.668779940447,-1182.441388784609,,,,855.0,45.833
6330,2,3106,3188.668779940447,-1181.441388784609,,,,854.0,45.817
6331,2,3107,3189.668779940447,-1180.441388784609,,,,852.0,45.8
6332,2,3108,3190.668779940447,-1179.441388784609,,,,851.0,45.785
6333,2,3109,3191.668779940447,-1178.441388784609,,,,848.0,45.768
6334,2,3110,3192.668779940447,-1177.441388784609,,,,846.0,45.75
6335,2,3111,3193.668779940447,-1176.441388784609,,,,845.0,45.734
6336,2,3112,3194.668779940447,-1175.441388784609,,,,846.0,45.718
6337,2,3113,3195.668779940447,-1174.441388784609,,,,845.0,45.703
6338,2,3114,3196.668779940447,-1173.441388784609,,,,847.0,45.688
6339,2,3115,3197.668779940447,-1172.441388784609,,,,846.0,45.675
6340,2,3116,3198.668779940447,-1171.441388784609,,,,846.0,45.662
6341,2,3117,3199.668779940447,-1170.441388784609,,,,844.0,45.648
6342,2,3118,3200.668779940447,-1169.441388784609,,,,841.0,45.633
6343,2,3119,3201.668779940447,-1168.441388784609,,,,841.0,45.618
6344,2,3120,3202.668779940447,-1167.441388784609,,,,838.0,45.601
6345,2,3121,3203.668779940447,-1166.441388784609,,,,835.0,45.585
6346,2,3122,3204.668779940447,-1165.441388784609,,,,833.0,45.568
6347,2,3123,3205.668779940447,-1164.441388784609,,,,834.0,45.551
6348,2,3124,3206.668779940447,-1163.441388784609,,,,833.0,45.535
6349,2,3125,3207.668779940447,-1162.441388784609,,,,832.0,45.52
6350,2,3126,3208.668779940447,-1161.441388784609,,,,831.0,45.505
6351,2,3127,3209.668779940447,-1160.441388784609,,,,832.0,45.489
6352,2,3128,3210.668779940447,-1159.441388784609,,,,832.0,45.473
6353,2,3129,3211.668779940447,-1158.441388784609,,,,831.0,45.456
6354,2,3130,3212.668779940447,-1157.441388784609,,,,831.0,45.441
6355,2,3131,3213.668779940447,-1156.441388784609,,,,832.0,45.423
6356,2,3132,3214.668779940447,-1155.441388784609,,,,830.0,45.405
6357,2,3133,3215.668779940447,-1154.441388784609,,,,831.0,45.388
6358,2,3134,3216.668779940447,-1153.441388784609,,,,830.0,45.369
6359,2,3135,3217.668779940447,-1152.441388784609,,,,830.0,45.353
6360,2,3136,3218.668779940447,-1151.441388784609,,,,831.0,45.336
6361,2,3137,3219.668779940447,-1150.441388784609,,,,833.0,45.321
6362,2,3138,3220.668779940447,-1149.441388784609,,,,834.0,45.305
6363,2,3139,3221.668779940447,-1148.441388784609,,,,835.0,45.291
6364,2,3140,3222.668779940447,-1147.441388784609,,,,836.0,45.277
6365,2,3141,3223.668779940447,-1146.441388784609,,,,837.0,45.263
6366,2,3142,3224.668779940447,-1145.441388784609,,,,835.0,45.249
6367,2,3143,3225.668779940447,-1144.441388784609,,,,836.0,45.235
6368,2,3144,3226.668779940447,-1143.441388784609,,,,836.0,45.22
6369,2,3145,3227.668779940447,-1142.441388784609,,,,836.0,45.206
6370,2,3146,3228.668779940447,-1141.441388784609,,,,836.0,45.191
6371,2,3147,3229.668779940447,-1140.441388784609,,,,835.0,45.176
6372,2,3148,3230.668779940447,-1139.441388784609,,,,834.0,45.162
6373,2,3149,3231.668779940447,-1138.441388784609,,,,834.0,45.146
6374,2,3150,3232.668779940447,-1137.441388784609,,,,833.0,45.131
6375,2,3151,3233.668779940447,-1136.441388784609,,,,833.0,45.116
6376,2,3152,3234.668779940447,-1135.441388784609,,,,832.0,45.102
6377,2,3153,3235.668779940447,-1134.441388784609,,,,831.0,45.085
6378,2,3154,3236.668779940447,-1133.441388784609,,,,830.0,45.071
6379,2,3155,3237.668779940447,-1132.441388784609,,,,830.0,45.056
6380,2,3156,3238.668779940447,-1131.441388784609,,,,829.0,45.041
6381,2,3157,3239.668779940447,-1130.441388784609,,,,828.0,45.025
6382,2,3158,3240.668779940447,-1129.441388784609,,,,827.0,45.009
6383,2,3159,3241.668779940447,-1128.441388784609,,,,826.0,44.992
6384,2,3160,3242.668779940447,-1127.441388784609,,,,825.0,44.977
6385,2,3161,3243.668779940447,-1126.441388784609,,,,826.0,44.96
6386,2,3162,3244.668779940447,-1125.441388784609,,,,825.0,44.945
6387,2,3163,3245.668779940447,-1124.441388784609,,,,825.0,44.928
6388,2,3164,3246.668779940447,-1123.441388784609,,,,823.0,44.913
6389,2,3165,3247.668779940447,-1122.441388784609,,,,824.0,44.898
6390,2,3166,3248.668779940447,-1121.441388784609,,,,821.0,44.881
6391,2,3167,3249.668779940447,-1120.441388784609,,,,821.0,44.866
6392,2,3168,3250.668779940447,-1119.441388784609,,,,820.0,44.848
6393,2,3169,3251.668779940447,-1118.441388784609,,,,817.0,44.831
6394,2,3170,3252.668779940447,-1117.441388784609,,,,816.0,44.814
6395,2,3171,3253.668779940447,-1116.441388784609,,,,815.0,44.798
6396,2,3172,3254.668779940447,-1115.441388784609,,,,814.0,44.78
6397,2,3173,3255.668779940447,-1114.441388784609,,,,814.0,44.763
6398,2,3174,3256.668779940447,-1113.441388784609,,,,814.0,44.747
6399,2,3175,3257.668779940447,-1112.441388784609,,,,814.0,44.733
6400,2,3176,3258.668779940447,-1111.441388784609,,,,809.0,44.718
6401,2,3177,3259.668779940447,-1110.441388784609,,,,811.0,44.703
6402,2,3178,3260.668779940447,-1109.441388784609,,,,809.0,44.688
6403,2,3179,3261.668779940447,-1108.441388784609,,,,811.0,44.675
6404,2,3180,3262.668779940447,-1107.441388784609,,,,810.0,44.657
6405,2,3181,3263.668779940447,-1106.441388784609,,,,808.0,44.641
6406,2,3182,3264.668779940447,-1105.441388784609,,,,805.0,44.623
6407,2,3183,3265.668779940447,-1104.441388784609,,,,803.0,44.607
6408,2,3184,3266.668779940447,-1103.441388784609,,,,802.0,44.59
6409,2,3185,3267.668779940447,-1102.441388784609,,,,803.0,44.575
6410,2,3186,3268.668779940447,-1101.441388784609,,,,803.0,44.56
6411,2,3187,3269.668779940447,-1100.441388784609,,,,804.0,44.549
6412,2,3188,3270.668779940447,-1099.441388784609,,,,806.0,44.536
6413,2,3189,3271.668779940447,-1098.441388784609,,,,808.0,44.525
6414,2,3190,3272.668779940447,-1097.441388784609,,,,808.0,44.515
6415,2,3191,3273.668779940447,-1096.441388784609,,,,808.0,44.505
6416,2,3192,3274.668779940447,-1095.441388784609,,,,809.0,44.494
6417,2,3193,3275.668779940447,-1094.441388784609,,,,807.0,44.484
6418,2,3194,3276.668779940447,-1093.441388784609,,,,805.0,44.472
6419,2,3195,3277.668779940447,-1092.441388784609,,,,805.0,44.461
6420,2,3196,3278.668779940447,-1091.441388784609,,,,804.0,44.446
6421,2,3197,3279.668779940447,-1090.441388784609,,,,804.0,44.432
6422,2,3198,3280.668779940447,-1089.441388784609,,,,804.0,44.42
6423,2,3199,3281.668779940447,-1088.441388784609,,,,806.0,44.406
6424,2,3200,3282.668779940447,-1087.441388784609,,,,806.0,44.394
6425,2,3201,3283.668779940447,-1086.441388784609,,,,805.0,44.381
6426,2,3202,3284.668779940447,-1085.441388784609,,,,805.0,44.369
6427,2,3203,3285.668779940447,-1084.441388784609,,,,804.0,44.355
6428,2,3204,3286.668779940447,-1083.441388784609,,,,803.0,44.342
6429,2,3205,3287.668779940447,-1082.441388784609,,,,803.0,44.329
6430,2,3206,3288.668779940447,-1081.441388784609,,,,803.0,44.316
6431,2,3207,3289.668779940447,-1080.441388784609,,,,803.0,44.305
6432,2,3208,3290.668779940447,-1079.441388784609,,,,803.0,44.292
6433,2,3209,3291.668779940447,-1078.441388784609,,,,802.0,44.282
6434,2,3210,3292.668779940447,-1077.441388784609,,,,801.0,44.269
6435,2,3211,3293.668779940447,-1076.441388784609,,,,801.0,44.257
6436,2,3212,3294.668779940447,-1075.441388784609,,,,800.0,44.244
6437,2,3213,3295.668779940447,-1074.441388784609,,,,800.0,44.232
6438,2,3214,3296.668779940447,-1073.441388784609,,,,801.0,44.218
6439,2,3215,3297.668779940447,-1072.441388784609,,,,801.0,44.205
6440,2,3216,3298.668779940447,-1071.441388784609,,,,801.0,44.193
6441,2,3217,3299.668779940447,-1070.441388784609,,,,801.0,44.181
6442,2,3218,3300.668779940447,-1069.441388784609,,,,802.0,44.168
6443,2,3219,3301.668779940447,-1068.441388784609,,,,804.0,44.155
6444,2,3220,3302.668779940447,-1067.441388784609,,,,802.0,44.141
6445,2,3221,3303.668779940447,-1066.441388784609,,,,803.0,44.128
6446,2,3222,3304.668779940447,-1065.441388784609,,,,805.0,44.115
6447,2,3223,3305.668779940447,-1064.441388784609,,,,804.0,44.103
6448,2,3224,3306.668779940447,-1063.441388784609,,,,804.0,44.091
6449,2,3225,3307.668779940447,-1062.441388784609,,,,804.0,44.078
6450,2,3226,3308.668779940447,-1061.441388784609,,,,802.0,44.067
6451,2,3227,3309.668779940447,-1060.441388784609,,,,802.0,44.055
6452,2,3228,3310.668779940447,-1059.441388784609,,,,802.0,44.044
6453,2,3229,3311.668779940447,-1058.441388784609,,,,802.0,44.034
6454,2,3230,3312.668779940447,-1057.441388784609,,,,803.0,44.026
6455,2,3231,3313.668779940447,-1056.441388784609,,,,805.0,44.017
6456,2,3232,3314.668779940447,-1055.441388784609,,,,805.0,44.011
6457,2,3233,3315.668779940447,-1054.441388784609,,,,807.0,44.005
6458,2,3234,3316.668779940447,-1053.441388784609,,,,807.0,44.0
6459,2,3235,3317.668779940447,-1052.441388784609,,,,807.0,43.993
6460,2,3236,3318.668779940447,-1051.441388784609,,,,804.0,43.986
6461,2,3237,3319.668779940447,-1050.441388784609,,,,807.0,43.977
6462,2,3238,3320.668779940447,-1049.441388784609,,,,808.0,43.966
6463,2,3239,3321.668779940447,-1048.441388784609,,,,807.0,43.954
6464,2,3240,3322.668779940447,-1047.441388784609,,,,805.0,43.941
6465,2,3241,3323.668779940447,-1046.441388784609,,,,808.0,43.929
6466,2,3242,3324.668779940447,-1045.441388784609,,,,807.0,43.921
6467,2,3243,3325.668779940447,-1044.441388784609,,,,807.0,43.916
6596,2,3372,3454.668779940447,-915.441388784609,,,,870.0,43.915
6597,2,3373,3455.668779940447,-914.441388784609,,,,871.0,43.912
6599,2,3375,3457.668779940447,-912.441388784609,,,,871.0,43.911
6621,2,3397,3479.668779940447,-890.441388784609,,,,877.0,43.91
6622,2,3398,3480.668779940447,-889.441388784609,,,,877.0,43.897
6623,2,3399,3481.668779940447,-888.441388784609,,,,876.0,43.886
6624,2,3400,3482.668779940447,-887.441388784609,,,,875.0,43.875
6625,2,3401,3483.668779940447,-886.441388784609,,,,875.0,43.864
6626,2,3402,3484.668779940447,-885.441388784609,,,,874.0,43.854
6627,2,3403,3485.668779940447,-884.441388784609,,,,872.0,43.844
6628,2,3404,3486.668779940447,-883.441388784609,,,,874.0,43.833
6629,2,3405,3487.668779940447,-882.441388784609,,,,871.0,43.822
6630,2,3406,3488.668779940447,-881.441388784609,,,,870.0,43.812
6631,2,3407,3489.668779940447,-880.441388784609,,,,870.0,43.802
6632,2,3408,3490.668779940447,-879.441388784609,,,,871.0,43.792
6633,2,3409,3491.668779940447,-878.441388784609,,,,871.0,43.782
6634,2,3410,3492.668779940447,-877.441388784609,,,,873.0,43.773
6635,2,3411,3493.668779940447,-876.441388784609,,,,873.0,43.764
6636,2,3412,3494.668779940447,-875.441388784609,,,,873.0,43.754
6637,2,3413,3495.668779940447,-874.441388784609,,,,874.0,43.744
6638,2,3414,3496.668779940447,-873.441388784609,,,,872.0,43.734
6639,2,3415,3497.668779940447,-872.441388784609,,,,871.0,43.722
6640,2,3416,3498.668779940447,-871.441388784609,,,,870.0,43.711
6641,2,3417,3499.668779940447,-870.441388784609,,,,870.0,43.701
6642,2,3418,3500.668779940447,-869.441388784609,,,,869.0,43.689
6643,2,3419,3501.668779940447,-868.441388784609,,,,867.0,43.677
6644,2,3420,3502.668779940447,-867.441388784609,,,,864.0,43.666
6645,2,3421,3503.668779940447,-866.441388784609,,,,863.0,43.656
6646,2,3422,3504.668779940447,-865.441388784609,,,,860.0,43.646
6647,2,3423,3505.668779940447,-864.441388784609,,,,861.0,43.636
6648,2,3424,3506.668779940447,-863.441388784609,,,,858.0,43.627
6649,2,3425,3507.668779940447,-862.441388784609,,,,859.0,43.618
6650,2,3426,3508.668779940447,-861.441388784609,,,,857.0,43.608
6651,2,3427,3509.668779940447,-860.441388784609,,,,856.0,43.599
6652,2,3428,3510.668779940447,-859.441388784609,,,,853.0,43.587
6653,2,3429,3511.668779940447,-858.441388784609,,,,851.0,43.575
6654,2,3430,3512.668779940447,-857.441388784609,,,,847.0,43.563
6655,2,3431,3513.668779940447,-856.441388784609,,,,844.0,43.55
6656,2,3432,3514.668779940447,-855.441388784609,,,,843.0,43.537
6657,2,3433,3515.668779940447,-854.441388784609,,,,843.0,43.524
6658,2,3434,3516.668779940447,-853.441388784609,,,,840.0,43.513
6659,2,3435,3517.668779940447,-852.441388784609,,,,837.0,43.502
6660,2,3436,3518.668779940447,-851.441388784609,,,,838.0,43.491
6661,2,3437,3519.668779940447,-850.441388784609,,,,835.0,43.479
6662,2,3438,3520.668779940447,-849.441388784609,,,,833.0,43.466
6663,2,3439,3521.668779940447,-848.441388784609,,,,831.0,43.454
6664,2,3440,3522.668779940447,-847.441388784609,,,,832.0,43.442
6665,2,3441,3523.668779940447,-846.441388784609,,,,830.0,43.431
6666,2,3442,3524.668779940447,-845.441388784609,,,,830.0,43.418
6667,2,3443,3525.668779940447,-844.441388784609,,,,831.0,43.41
6668,2,3444,3526.668779940447,-843.441388784609,,,,830.0,43.399
6669,2,3445,3527.668779940447,-842.441388784609,,,,829.0,43.388
6670,2,3446,3528.668779940447,-841.441388784609,,,,829.0,43.375
6671,2,3447,3529.668779940447,-840.441388784609,,,,828.0,43.362
6672,2,3448,3530.668779940447,-839.441388784609,,,,828.0,43.347
6673,2,3449,3531.668779940447,-838.441388784609,,,,829.0,43.335
6674,2,3450,3532.668779940447,-837.441388784609,,,,831.0,43.324
6675,2,3451,3533.668779940447,-836.441388784609,,,,833.0,43.314
6676,2,3452,3534.668779940447,-835.441388784609,,,,834.0,43.303
6677,2,3453,3535.668779940447,-834.441388784609,,,,834.0,43.296
6678,2,3454,3536.668779940447,-833.441388784609,,,,833.0,43.287
6679,2,3455,3537.668779940447,-832.441388784609,,,,831.0,43.279
6680,2,3456,3538.668779940447,-831.441388784609,,,,830.0,43.272
6681,2,3457,3539.668779940447,-830.441388784609,,,,830.0,43.267
6682,2,3458,3540.668779940447,-829.441388784609,,,,831.0,43.261
6683,2,3459,3541.668779940447,-828.441388784609,,,,833.0,43.256
6684,2,3460,3542.668779940447,-827.441388784609,,,,832.0,43.252
6685,2,3461,3543.668779940447,-826.441388784609,,,,835.0,43.247
6686,2,3462,3544.668779940447,-825.441388784609,,,,835.0,43.241
6687,2,3463,3545.668779940447,-824.441388784609,,,,836.0,43.234
6688,2,3464,3546.668779940447,-823.441388784609,,,,836.0,43.228
6689,2,3465,3547.668779940447,-822.441388784609,,,,836.0,43.22
6690,2,3466,3548.668779940447,-821.441388784609,,,,835.0,43.21
6691,2,3467,3549.668779940447,-820.441388784609,,,,833.0,43.199
6692,2,3468,3550.668779940447,-819.441388784609,,,,831.0,43.188
6693,2,3469,3551.668779940447,-818.441388784609,,,,831.0,43.178
6694,2,3470,3552.668779940447,-817.441388784609,,,,832.0,43.167
6695,2,3471,3553.668779940447,-816.441388784609,,,,832.0,43.157
6696,2,3472,3554.668779940447,-815.441388784609,,,,832.0,43.147
6697,2,3473,3555.668779940447,-814.441388784609,,,,831.0,43.136
6698,2,3474,3556.668779940447,-813.441388784609,,,,829.0,43.128
6699,2,3475,3557.668779940447,-812.441388784609,,,,829.0,43.117
6700,2,3476,3558.668779940447,-811.441388784609,,,,827.0,43.107
6701,2,3477,3559.668779940447,-810.441388784609,,,,827.0,43.096
6702,2,3478,3560.668779940447,-809.441388784609,,,,826.0,43.087
6703,2,3479,3561.668779940447,-808.441388784609,,,,826.0,43.079
6704,2,3480,3562.668779940447,-807.441388784609,,,,826.0,43.07
6705,2,3481,3563.668779940447,-806.441388784609,,,,825.0,43.061
6706,2,3482,3564.668779940447,-805.441388784609,,,,825.0,43.052
6707,2,3483,3565.668779940447,-804.441388784609,,,,825.0,43.043
6708,2,3484,3566.668779940447,-803.441388784609,,,,826.0,43.032
6709,2,3485,3567.668779940447,-802.441388784609,,,,826.0,43.021
6710,2,3486,3568.668779940447,-801.441388784609,,,,825.0,43.009
6711,2,3487,3569.668779940447,-800.441388784609,,,,824.0,42.997
6712,2,3488,3570.668779940447,-799.441388784609,,,,822.0,42.983
6713,2,3489,3571.668779940447,-798.441388784609,,,,821.0,42.97
6714,2,3490,3572.668779940447,-797.441388784609,,,,822.0,42.959
6715,2,3491,3573.668779940447,-796.441388784609,,,,821.0,42.947
6716,2,3492,3574.668779940447,-795.441388784609,,,,821.0,42.937
6717,2,3493,3575.668779940447,-794.441388784609,,,,821.0,42.928
6718,2,3494,3576.668779940447,-793.441388784609,,,,820.0,42.918
6719,2,3495,3577.668779940447,-792.441388784609,,,,821.0,42.909
6720,2,3496,3578.668779940447,-791.441388784609,,,,820.0,42.899
6721,2,3497,3579.668779940447,-790.441388784609,,,,816.0,42.889
6722,2,3498,3580.668779940447,-789.441388784609,,,,815.0,42.879
6723,2,3499,3581.668779940447,-788.441388784609,,,,814.0,42.867
6724,2,3500,3582.668779940447,-787.441388784609,,,,812.0,42.854
6725,2,3501,3583.668779940447,-786.441388784609,,,,811.0,42.842
6726,2,3502,3584.668779940447,-785.441388784609,,,,809.0,42.828
6727,2,3503,3585.668779940447,-784.441388784609,,,,806.0,42.812
6728,2,3504,3586.668779940447,-783.441388784609,,,,804.0,42.799
6729,2,3505,3587.668779940447,-782.441388784609,,,,804.0,42.782
6730,2,3506,3588.668779940447,-781.441388784609,,,,803.0,42.768
6731,2,3507,3589.668779940447,-780.441388784609,,,,802.0,42.755
6732,2,3508,3590.668779940447,-779.441388784609,,,,803.0,42.744
6733,2,3509,3591.668779940447,-778.441388784609,,,,803.0,42.732
6734,2,3510,3592.668779940447,-777.441388784609,,,,804.0,42.72
6735,2,3511,3593.668779940447,-776.441388784609,,,,803.0,42.706
6736,2,3512,3594.668779940447,-775.441388784609,,,,802.0,42.691
6737,2,3513,3595.668779940447,-774.441388784609,,,,801.0,42.676
6738,2,3514,3596.668779940447,-773.441388784609,,,,800.0,42.662
6739,2,3515,3597.668779940447,-772.441388784609,,,,802.0,42.647
6740,2,3516,3598.668779940447,-771.441388784609,,,,801.0,42.634
6741,2,3517,3599.668779940447,-770.441388784609,,,,802.0,42.621
6742,2,3518,3600.668779940447,-769.441388784609,,,,804.0,42.611
6743,2,3519,3601.668779940447,-768.441388784609,,,,803.0,42.6
6744,2,3520,3602.668779940447,-767.441388784609,,,,801.0,42.591
6745,2,3521,3603.668779940447,-766.441388784609,,,,800.0,42.583
6746,2,3522,3604.668779940447,-765.441388784609,,,,798.0,42.576
6747,2,3523,3605.668779940447,-764.441388784609,,,,797.0,42.573
6748,2,3524,3606.668779940447,-763.441388784609,,,,797.0,42.57
6749,2,3525,3607.668779940447,-762.441388784609,,,,797.0,42.568
6750,2,3526,3608.668779940447,-761.441388784609,,,,799.0,42.566
6751,2,3527,3609.668779940447,-760.441388784609,,,,801.0,42.563
6752,2,3528,3610.668779940447,-759.441388784609,,,,805.0,42.559
6753,2,3529,3611.668779940447,-758.441388784609,,,,807.0,42.554
6754,2,3530,3612.668779940447,-757.441388784609,,,,809.0,42.551
6755,2,3531,3613.668779940447,-756.441388784609,,,,810.0,42.547
6756,2,3532,3614.668779940447,-755.441388784609,,,,812.0,42.544
6757,2,3533,3615.668779940447,-754.441388784609,,,,813.0,42.543
7003,2,3779,3861.668779940447,-508.441388784609,,,,1350.0,42.54
7004,2,3780,3862.668779940447,-507.441388784609,,,,1351.0,42.535
7005,2,3781,3863.668779940447,-506.441388784609,,,,1355.0,42.531
7006,2,3782,3864.668779940447,-505.441388784609,,,,1360.0,42.525
7007,2,3783,3865.668779940447,-504.441388784609,,,,1357.0,42.523
7008,2,3784,3866.668779940447,-503.441388784609,,,,1360.0,42.522
7024,2,3800,3882.668779940447,-487.441388784609,,,,1383.0,42.512
7025,2,3801,3883.668779940447,-486.441388784609,,,,1383.0,42.5
7026,2,3802,3884.668779940447,-485.441388784609,,,,1384.0,42.486
7027,2,3803,3885.668779940447,-484.441388784609,,,,1384.0,42.473
7028,2,3804,3886.668779940447,-483.441388784609,,,,1385.0,42.461
7029,2,3805,3887.668779940447,-482.441388784609,,,,1386.0,42.451
7030,2,3806,3888.668779940447,-481.441388784609,,,,1386.0,42.444
7031,2,3807,3889.668779940447,-480.441388784609,,,,1386.0,42.437
7032,2,3808,3890.668779940447,-479.441388784609,,,,1385.0,42.432
7033,2,3809,3891.668779940447,-478.441388784609,,,,1386.0,42.43
7042,2,3818,3900.668779940447,-469.441388784609,,,,1377.0,42.423
7043,2,3819,3901.668779940447,-468.441388784609,,,,1375.0,42.411
7044,2,3820,3902.668779940447,-467.441388784609,,,,1374.0,42.4
7045,2,3821,3903.668779940447,-466.441388784609,,,,1372.0,42.388
7046,2,3822,3904.668779940447,-465.441388784609,,,,1367.0,42.375
7047,2,3823,3905.668779940447,-464.441388784609,,,,1367.0,42.362
7048,2,3824,3906.668779940447,-463.441388784609,,,,1366.0,42.35
7049,2,3825,3907.668779940447,-462.441388784609,,,,1361.0,42.337
7050,2,3826,3908.668779940447,-461.441388784609,,,,1361.0,42.325
7051,2,3827,3909.668779940447,-460.441388784609,,,,1358.0,42.31
7052,2,3828,3910.668779940447,-459.441388784609,,,,1356.0,42.295
7053,2,3829,3911.668779940447,-458.441388784609,,,,1353.0,42.279
7054,2,3830,3912.668779940447,-457.441388784609,,,,1351.0,42.263
7055,2,3831,3913.668779940447,-456.441388784609,,,,1347.0,42.249
7056,2,3832,3914.668779940447,-455.441388784609,,,,1345.0,42.234
7057,2,3833,3915.668779940447,-454.441388784609,,,,1343.0,42.22
7058,2,3834,3916.668779940447,-453.441388784609,,,,1341.0,42.205
7059,2,3835,3917.668779940447,-452.441388784609,,,,1338.0,42.189
7060,2,3836,3918.668779940447,-451.441388784609,,,,1334.0,42.174
7061,2,3837,3919.668779940447,-450.441388784609,,,,1332.0,42.158
7062,2,3838,3920.668779940447,-449.441388784609,,,,1331.0,42.143
7063,2,3839,3921.668779940447,-448.441388784609,,,,1330.0,42.128
7064,2,3840,3922.668779940447,-447.441388784609,,,,1328.0,42.113
7065,2,3841,3923.668779940447,-446.441388784609,,,,1327.0,42.099
7066,2,3842,3924.668779940447,-445.441388784609,,,,1326.0,42.085
7067,2,3843,3925.668779940447,-444.441388784609,,,,1323.0,42.072
7068,2,3844,3926.668779940447,-443.441388784609,,,,1324.0,42.058
7069,2,3845,3927.668779940447,-442.441388784609,,,,1322.0,42.044
7070,2,3846,3928.668779940447,-441.441388784609,,,,1321.0,42.03
7071,2,3847,3929.668779940447,-440.441388784609,,,,1320.0,42.016
7072,2,3848,3930.668779940447,-439.441388784609,,,,1319.0,42.004
7073,2,3849,3931.668779940447,-438.441388784609,,,,1318.0,41.992
7074,2,3850,3932.668779940447,-437.441388784609,,,,1319.0,41.983
7075,2,3851,3933.668779940447,-436.441388784609,,,,1317.0,41.973
7076,2,3852,3934.668779940447,-435.441388784609,,,,1318.0,41.964
7077,2,3853,3935.668779940447,-434.441388784609,,,,1317.0,41.956
7078,2,3854,3936.668779940447,-433.441388784609,,,,1315.0,41.948
7079,2,3855,3937.668779940447,-432.441388784609,,,,1315.0,41.939
7080,2,3856,3938.668779940447,-431.441388784609,,,,1312.0,41.929
7081,2,3857,3939.668779940447,-430.441388784609,,,,1311.0,41.916
7082,2,3858,3940.668779940447,-429.441388784609,,,,1309.0,41.902
7083,2,3859,3941.668779940447,-428.441388784609,,,,1309.0,41.889
7084,2,3860,3942.668779940447,-427.441388784609,,,,1307.0,41.874
7085,2,3861,3943.668779940447,-426.441388784609,,,,1307.0,41.86
7086,2,3862,3944.668779940447,-425.441388784609,,,,1306.0,41.843
7087,2,3863,3945.668779940447,-424.441388784609,,,,1304.0,41.828
7088,2,3864,3946.668779940447,-423.441388784609,,,,1302.0,41.811
7089,2,3865,3947.668779940447,-422.441388784609,,,,1300.0,41.795
7090,2,3866,3948.668779940447,-421.441388784609,,,,1298.0,41.778
7091,2,3867,3949.668779940447,-420.441388784609,,,,1297.0,41.762
7092,2,3868,3950.668779940447,-419.441388784609,,,,1295.0,41.746
7093,2,3869,3951.668779940447,-418.441388784609,,,,1292.0,41.73
7094,2,3870,3952.668779940447,-417.441388784609,,,,1291.0,41.716
7095,2,3871,3953.668779940447,-416.441388784609,,,,1290.0,41.703
7096,2,3872,3954.668779940447,-415.441388784609,,,,1289.0,41.689
7097,2,3873,3955.668779940447,-414.441388784609,,,,1290.0,41.677
7098,2,3874,3956.668779940447,-413.441388784609,,,,1288.0,41.665
7099,2,3875,3957.668779940447,-412.441388784609,,,,1286.0,41.652
7100,2,3876,3958.668779940447,-411.441388784609,,,,1283.0,41.639
7101,2,3877,3959.668779940447,-410.441388784609,,,,1279.0,41.625
7102,2,3878,3960.668779940447,-409.441388784609,,,,1277.0,41.609
7103,2,3879,3961.668779940447,-408.441388784609,,,,1274.0,41.593
7104,2,3880,3962.668779940447,-407.441388784609,,,,1272.0,41.577
7105,2,3881,3963.668779940447,-406.441388784609,,,,1270.0,41.56
7106,2,3882,3964.668779940447,-405.441388784609,,,,1270.0,41.544
7107,2,3883,3965.668779940447,-404.441388784609,,,,1270.0,41.528
7108,2,3884,3966.668779940447,-403.441388784609,,,,1269.0,41.515
7109,2,3885,3967.668779940447,-402.441388784609,,,,1269.0,41.5
7110,2,3886,3968.668779940447,-401.441388784609,,,,1268.0,41.484
7111,2,3887,3969.668779940447,-400.441388784609,,,,1265.0,41.467
7112,2,3888,3970.668779940447,-399.441388784609,,,,1262.0,41.452
7113,2,3889,3971.668779940447,-398.441388784609,,,,1262.0,41.435
7114,2,3890,3972.668779940447,-397.441388784609,,,,1261.0,41.42
7115,2,3891,3973.668779940447,-396.441388784609,,,,1260.0,41.406
7116,2,3892,3974.668779940447,-395.441388784609,,,,1259.0,41.392
7117,2,3893,3975.668779940447,-394.441388784609,,,,1259.0,41.377
7118,2,3894,3976.668779940447,-393.441388784609,,,,1258.0,41.365
7119,2,3895,3977.668779940447,-392.441388784609,,,,1258.0,41.352
7120,2,3896,3978.668779940447,-391.441388784609,,,,1257.0,41.34
7121,2,3897,3979.668779940447,-390.441388784609,,,,1257.0,41.327
7122,2,3898,3980.668779940447,-389.441388784609,,,,1257.0,41.316
7123,2,3899,3981.668779940447,-388.441388784609,,,,1259.0,41.305
7124,2,3900,3982.668779940447,-387.441388784609,,,,1260.0,41.293
7125,2,3901,3983.668779940447,-386.441388784609,,,,1260.0,41.283
7126,2,3902,3984.668779940447,-385.441388784609,,,,1260.0,41.273
7127,2,3903,3985.668779940447,-384.441388784609,,,,1259.0,41.263
7128,2,3904,3986.668779940447,-383.441388784609,,,,1260.0,41.252
7129,2,3905,3987.668779940447,-382.441388784609,,,,1260.0,41.239
7130,2,3906,3988.668779940447,-381.441388784609,,,,1261.0,41.227
7131,2,3907,3989.668779940447,-380.441388784609,,,,1260.0,41.214
7132,2,3908,3990.668779940447,-379.441388784609,,,,1260.0,41.199
7133,2,3909,3991.668779940447,-378.441388784609,,,,1259.0,41.185
7134,2,3910,3992.668779940447,-377.441388784609,,,,1258.0,41.172
7135,2,3911,3993.668779940447,-376.441388784609,,,,1257.0,41.158
7136,2,3912,3994.668779940447,-375.441388784609,,,,1254.0,41.142
7137,2,3913,3995.668779940447,-374.441388784609,,,,1253.0,41.127
7138,2,3914,3996.668779940447,-373.441388784609,,,,1250.0,41.111
7139,2,3915,3997.668779940447,-372.441388784609,,,,1249.0,41.096
7140,2,3916,3998.668779940447,-371.441388784609,,,,1247.0,41.079
7141,2,3917,3999.668779940447,-370.441388784609,,,,1246.0,41.064
7142,2,3918,4000.668779940447,-369.441388784609,,,,1244.0,41.048
7143,2,3919,4001.668779940447,-368.441388784609,,,,1245.0,41.034
7144,2,3920,4002.668779940447,-367.441388784609,,,,1246.0,41.019
7145,2,3921,4003.668779940447,-366.441388784609,,,,1247.0,41.007
7146,2,3922,4004.668779940447,-365.441388784609,,,,1249.0,40.992
7147,2,3923,4005.668779940447,-364.441388784609,,,,1250.0,40.981
7148,2,3924,4006.668779940447,-363.441388784609,,,,1252.0,40.969
7149,2,3925,4007.668779940447,-362.441388784609,,,,1253.0,40.957
7150,2,3926,4008.668779940447,-361.441388784609,,,,1254.0,40.946
7151,2,3927,4009.668779940447,-360.441388784609,,,,1256.0,40.933
7152,2,3928,4010.668779940447,-359.441388784609,,,,1257.0,40.921
7153,2,3929,4011.668779940447,-358.441388784609,,,,1258.0,40.909
7154,2,3930,4012.668779940447,-357.441388784609,,,,1259.0,40.895
7155,2,3931,4013.668779940447,-356.441388784609,,,,1261.0,40.883
7156,2,3932,4014.668779940447,-355.441388784609,,,,1261.0,40.871
7157,2,3933,4015.668779940447,-354.441388784609,,,,1263.0,40.859
7158,2,3934,4016.668779940447,-353.441388784609,,,,1265.0,40.846
7159,2,3935,4017.668779940447,-352.441388784609,,,,1264.0,40.834
7160,2,3936,4018.668779940447,-351.441388784609,,,,1264.0,40.821
7161,2,3937,4019.668779940447,-350.441388784609,,,,1264.0,40.809
7162,2,3938,4020.668779940447,-349.441388784609,,,,1263.0,40.797
7163,2,3939,4021.668779940447,-348.441388784609,,,,1263.0,40.786
7164,2,3940,4022.668779940447,-347.441388784609,,,,1267.0,40.777
7165,2,3941,4023.668779940447,-346.441388784609,,,,1268.0,40.768
7166,2,3942,4024.668779940447,-345.441388784609,,,,1271.0,40.76
7167,2,3943,4025.668779940447,-344.441388784609,,,,1271.0,40.751
7168,2,3944,4026.668779940447,-343.441388784609,,,,1272.0,40.741
7169,2,3945,4027.668779940447,-342.441388784609,,,,1271.0,40.733
7170,2,3946,4028.668779940447,-341.441388784609,,,,1275.0,40.721
7171,2,3947,4029.668779940447,-340.441388784609,,,,1277.0,40.709
7172,2,3948,4030.668779940447,-339.441388784609,,,,1279.0,40.695
7173,2,3949,4031.668779940447,-338.441388784609,,,,1281.0,40.68
7174,2,3950,4032.668779940447,-337.441388784609,,,,1283.0,40.665
7175,2,3951,4033.668779940447,-336.441388784609,,,,1287.0,40.651
7176,2,3952,4034.668779940447,-335.441388784609,,,,1287.0,40.64
7177,2,3953,4035.668779940447,-334.441388784609,,,,1287.0,40.634
7178,2,3954,4036.668779940447,-333.441388784609,,,,1288.0,40.633
7213,2,3989,4071.668779940447,-298.441388784609,,,,1329.0,40.626
7214,2,3990,4072.668779940447,-297.441388784609,,,,1331.0,40.613
7215,2,3991,4073.668779940447,-296.441388784609,,,,1332.0,40.601
7216,2,3992,4074.668779940447,-295.441388784609,,,,1334.0,40.59
7217,2,3993,4075.668779940447,-294.441388784609,,,,1333.0,40.581
7218,2,3994,4076.668779940447,-293.441388784609,,,,1333.0,40.572
7219,2,3995,4077.668779940447,-292.441388784609,,,,1333.0,40.564
7220,2,3996,4078.668779940447,-291.441388784609,,,,1332.0,40.555
7221,2,3997,4079.668779940447,-290.441388784609,,,,1331.0,40.544
7222,2,3998,4080.668779940447,-289.441388784609,,,,1331.0,40.534
7223,2,3999,4081.668779940447,-288.441388784609,,,,1330.0,40.521
7224,2,4000,4082.668779940447,-287.441388784609,,,,1330.0,40.507
7225,2,4001,4083.668779940447,-286.441388784609,,,,1331.0,40.493
7226,2,4002,4084.668779940447,-285.441388784609,,,,1333.0,40.481
7227,2,4003,4085.668779940447,-284.441388784609,,,,1335.0,40.469
7228,2,4004,4086.668779940447,-283.441388784609,,,,1337.0,40.458
7229,2,4005,4087.668779940447,-282.441388784609,,,,1340.0,40.449
7230,2,4006,4088.668779940447,-281.441388784609,,,,1341.0,40.439
7231,2,4007,4089.668779940447,-280.441388784609,,,,1343.0,40.43
7232,2,4008,4090.668779940447,-279.441388784609,,,,1344.0,40.42
7233,2,4009,4091.668779940447,-278.441388784609,,,,1347.0,40.411
7234,2,4010,4092.668779940447,-277.441388784609,,,,1350.0,40.399
7235,2,4011,4093.668779940447,-276.441388784609,,,,1353.0,40.386
7236,2,4012,4094.668779940447,-275.441388784609,,,,1356.0,40.375
7237,2,4013,4095.668779940447,-274.441388784609,,,,1357.0,40.368
7238,2,4014,4096.668779940447,-273.441388784609,,,,1359.0,40.362
7239,2,4015,4097.668779940447,-272.441388784609,,,,1361.0,40.36
7314,2,4090,4172.668779940447,-197.441388784609,,,,1474.0,40.357
7315,2,4091,4173.668779940447,-196.441388784609,,,,1475.0,40.344
7316,2,4092,4174.668779940447,-195.441388784609,,,,1475.0,40.33
7317,2,4093,4175.668779940447,-194.441388784609,,,,1475.0,40.317
7318,2,4094,4176.668779940447,-193.441388784609,,,,1475.0,40.304
7319,2,4095,4177.668779940447,-192.441388784609,,,,1476.0,40.291
7320,2,4096,4178.668779940447,-191.441388784609,,,,1477.0,40.279
7321,2,4097,4179.668779940447,-190.441388784609,,,,1477.0,40.266
7322,2,4098,4180.668779940447,-189.441388784609,,,,1478.0,40.253
7323,2,4099,4181.668779940447,-188.441388784609,,,,1478.0,40.239
7324,2,4100,4182.668779940447,-187.441388784609,,,,1479.0,40.226
7325,2,4101,4183.668779940447,-186.441388784609,,,,1477.0,40.213
7326,2,4102,4184.668779940447,-185.441388784609,,,,1476.0,40.2
7327,2,4103,4185.668779940447,-184.441388784609,,,,1475.0,40.186
7328,2,4104,4186.668779940447,-183.441388784609,,,,1475.0,40.174
7329,2,4105,4187.668779940447,-182.441388784609,,,,1475.0,40.162
7330,2,4106,4188.668779940447,-181.441388784609,,,,1475.0,40.149
7331,2,4107,4189.668779940447,-180.441388784609,,,,1476.0,40.136
7332,2,4108,4190.668779940447,-179.441388784609,,,,1477.0,40.124
7333,2,4109,4191.668779940447,-178.441388784609,,,,1476.0,40.112
7334,2,4110,4192.668779940447,-177.441388784609,,,,1477.0,40.098
7335,2,4111,4193.668779940447,-176.441388784609,,,,1475.0,40.086
7336,2,4112,4194.668779940447,-175.441388784609,,,,1476.0,40.072
7337,2,4113,4195.668779940447,-174.441388784609,,,,1476.0,40.059
7338,2,4114,4196.668779940447,-173.441388784609,,,,1473.0,40.048
7339,2,4115,4197.668779940447,-172.441388784609,,,,1475.0,40.036
7340,2,4116,4198.668779940447,-171.441388784609,,,,1474.0,40.023
7341,2,4117,4199.668779940447,-170.441388784609,,,,1473.0,40.01
7342,2,4118,4200.668779940447,-169.441388784609,,,,1472.0,39.997
7343,2,4119,4201.668779940447,-168.441388784609,,,,1470.0,39.983
7344,2,4120,4202.668779940447,-167.441388784609,,,,1469.0,39.969
7345,2,4121,4203.668779940447,-166.441388784609,,,,1468.0,39.954
7346,2,4122,4204.668779940447,-165.441388784609,,,,1467.0,39.94
7347,2,4123,4205.668779940447,-164.441388784609,,,,1466.0,39.927
7348,2,4124,4206.668779940447,-163.441388784609,,,,1464.0,39.911
7349,2,4125,4207.668779940447,-162.441388784609,,,,1463.0,39.897
7350,2,4126,4208.668779940447,-161.441388784609,,,,1461.0,39.882
7351,2,4127,4209.668779940447,-160.441388784609,,,,1461.0,39.868
7352,2,4128,4210.668779940447,-159.441388784609,,,,1460.0,39.853
7353,2,4129,4211.668779940447,-158.441388784609,,,,1458.0,39.84
7354,2,4130,4212.668779940447,-157.441388784609,,,,1454.0,39.826
7355,2,4131,4213.668779940447,-156.441388784609,,,,1454.0,39.811
7356,2,4132,4214.668779940447,-155.441388784609,,,,1451.0,39.797
7357,2,4133,4215.668779940447,-154.441388784609,,,,1449.0,39.781
7358,2,4134,4216.668779940447,-153.441388784609,,,,1446.0,39.765
7359,2,4135,4217.668779940447,-152.441388784609,,,,1444.0,39.749
7360,2,4136,4218.668779940447,-151.441388784609,,,,1440.0,39.732
7361,2,4137,4219.668779940447,-150.441388784609,,,,1438.0,39.715
7362,2,4138,4220.668779940447,-149.441388784609,,,,1436.0,39.698
7363,2,4139,4221.668779940447,-148.441388784609,,,,1433.0,39.683
7364,2,4140,4222.668779940447,-147.441388784609,,,,1430.0,39.666
7365,2,4141,4223.668779940447,-146.441388784609,,,,1427.0,39.649
7366,2,4142,4224.668779940447,-145.441388784609,,,,1425.0,39.633
7367,2,4143,4225.668779940447,-144.441388784609,,,,1421.0,39.615
7368,2,4144,4226.668779940447,-143.441388784609,,,,1421.0,39.599
7369,2,4145,4227.668779940447,-142.441388784609,,,,1420.0,39.583
7370,2,4146,4228.668779940447,-141.441388784609,,,,1418.0,39.566
7371,2,4147,4229.668779940447,-140.441388784609,,,,1415.0,39.55
7372,2,4148,4230.668779940447,-139.441388784609,,,,1415.0,39.534
7373,2,4149,4231.668779940447,-138.441388784609,,,,1410.0,39.517
7374,2,4150,4232.668779940447,-137.441388784609,,,,1408.0,39.499
7375,2,4151,4233.668779940447,-136.441388784609,,,,1404.0,39.483
7376,2,4152,4234.668779940447,-135.441388784609,,,,1403.0,39.466
7377,2,4153,4235.668779940447,-134.441388784609,,,,1402.0,39.451
7378,2,4154,4236.668779940447,-133.441388784609,,,,1401.0,39.435
7379,2,4155,4237.668779940447,-132.441388784609,,,,1399.0,39.42
7380,2,4156,4238.668779940447,-131.441388784609,,,,1398.0,39.405
7381,2,4157,4239.668779940447,-130.441388784609,,,,1396.0,39.388
7382,2,4158,4240.668779940447,-129.441388784609,,,,1392.0,39.373
7383,2,4159,4241.668779940447,-128.441388784609,,,,1390.0,39.355
7384,2,4160,4242.668779940447,-127.441388784609,,,,1387.0,39.339
7385,2,4161,4243.668779940447,-126.441388784609,,,,1386.0,39.322
7386,2,4162,4244.668779940447,-125.441388784609,,,,1384.0,39.305
7387,2,4163,4245.668779940447,-124.441388784609,,,,1381.0,39.287
7388,2,4164,4246.668779940447,-123.441388784609,,,,1378.0,39.271
7389,2,4165,4247.668779940447,-122.441388784609,,,,1376.0,39.254
7390,2,4166,4248.668779940447,-121.441388784609,,,,1373.0,39.238
7391,2,4167,4249.668779940447,-120.441388784609,,,,1371.0,39.222
7392,2,4168,4250.668779940447,-119.441388784609,,,,1369.0,39.204
7393,2,4169,4251.668779940447,-118.441388784609,,,,1365.0,39.188
7394,2,4170,4252.668779940447,-117.441388784609,,,,1363.0,39.172
7395,2,4171,4253.668779940447,-116.441388784609,,,,1361.0,39.154
7396,2,4172,4254.668779940447,-115.441388784609,,,,1358.0,39.137
7397,2,4173,4255.668779940447,-114.441388784609,,,,1355.0,39.121
7398,2,4174,4256.668779940447,-113.441388784609,,,,1354.0,39.103
7399,2,4175,4257.668779940447,-112.441388784609,,,,1354.0,39.087
7400,2,4176,4258.668779940447,-111.441388784609,,,,1353.0,39.072
7401,2,4177,4259.668779940447,-110.441388784609,,,,1351.0,39.055
7402,2,4178,4260.668779940447,-109.441388784609,,,,1350.0,39.04
7403,2,4179,4261.668779940447,-108.441388784609,,,,1348.0,39.025
7404,2,4180,4262.668779940447,-107.441388784609,,,,1347.0,39.01
7405,2,4181,4263.668779940447,-106.441388784609,,,,1345.0,38.994
7406,2,4182,4264.668779940447,-105.441388784609,,,,1343.0,38.981
7407,2,4183,4265.668779940447,-104.441388784609,,,,1342.0,38.969
7408,2,4184,4266.668779940447,-103.441388784609,,,,1342.0,38.957
7409,2,4185,4267.668779940447,-102.441388784609,,,,1341.0,38.946
7410,2,4186,4268.668779940447,-101.441388784609,,,,1339.0,38.933
7411,2,4187,4269.668779940447,-100.441388784609,,,,1338.0,38.92
7412,2,4188,4270.668779940447,-99.441388784609,,,,1336.0,38.905
7413,2,4189,4271.668779940447,-98.441388784609,,,,1335.0,38.891
7414,2,4190,4272.668779940447,-97.441388784609,,,,1334.0,38.876
7415,2,4191,4273.668779940447,-96.441388784609,,,,1333.0,38.86
7416,2,4192,4274.668779940447,-95.441388784609,,,,1331.0,38.844
7417,2,4193,4275.668779940447,-94.441388784609,,,,1330.0,38.828
7418,2,4194,4276.668779940447,-93.441388784609,,,,1329.0,38.813
7419,2,4195,4277.668779940447,-92.441388784609,,,,1327.0,38.798
7420,2,4196,4278.668779940447,-91.441388784609,,,,1326.0,38.783
7421,2,4197,4279.668779940447,-90.441388784609,,,,1325.0,38.768
7422,2,4198,4280.668779940447,-89.441388784609,,,,1324.0,38.753
7423,2,4199,4281.668779940447,-88.441388784609,,,,1322.0,38.737
7424,2,4200,4282.668779940447,-87.441388784609,,,,1322.0,38.723
7425,2,4201,4283.668779940447,-86.441388784609,,,,1321.0,38.708
7426,2,4202,4284.668779940447,-85.441388784609,,,,1320.0,38.692
7427,2,4203,4285.668779940447,-84.441388784609,,,,1319.0,38.677
7428,2,4204,4286.668779940447,-83.441388784609,,,,1316.0,38.659
7429,2,4205,4287.668779940447,-82.441388784609,,,,1316.0,38.643
7430,2,4206,4288.668779940447,-81.441388784609,,,,1314.0,38.625
7431,2,4207,4289.668779940447,-80.441388784609,,,,1314.0,38.608
7432,2,4208,4290.668779940447,-79.441388784609,,,,1312.0,38.591
7433,2,4209,4291.668779940447,-78.441388784609,,,,1311.0,38.574
7434,2,4210,4292.668779940447,-77.441388784609,,,,1311.0,38.557
7435,2,4211,4293.668779940447,-76.441388784609,,,,1310.0,38.542
7436,2,4212,4294.668779940447,-75.441388784609,,,,1311.0,38.527
7437,2,4213,4295.668779940447,-74.441388784609,,,,1310.0,38.512
7438,2,4214,4296.668779940447,-73.441388784609,,,,1307.0,38.497
7439,2,4215,4297.668779940447,-72.441388784609,,,,1307.0,38.481
7440,2,4216,4298.668779940447,-71.441388784609,,,,1305.0,38.466
7441,2,4217,4299.668779940447,-70.441388784609,,,,1304.0,38.45
7442,2,4218,4300.668779940447,-69.441388784609,,,,1303.0,38.435
7443,2,4219,4301.668779940447,-68.441388784609,,,,1301.0,38.419
7444,2,4220,4302.668779940447,-67.441388784609,,,,1300.0,38.404
7445,2,4221,4303.668779940447,-66.441388784609,,,,1299.0,38.39
7446,2,4222,4304.668779940447,-65.441388784609,,,,1298.0,38.375
7447,2,4223,4305.668779940447,-64.441388784609,,,,1296.0,38.361
7448,2,4224,4306.668779940447,-63.441388784609,,,,1294.0,38.346
7449,2,4225,4307.668779940447,-62.441388784609,,,,1292.0,38.332
7450,2,4226,4308.668779940447,-61.441388784609,,,,1292.0,38.317
7451,2,4227,4309.668779940447,-60.441388784609,,,,1290.0,38.303
7452,2,4228,4310.668779940447,-59.441388784609,,,,1287.0,38.287
7453,2,4229,4311.668779940447,-58.441388784609,,,,1286.0,38.271
7454,2,4230,4312.668779940447,-57.441388784609,,,,1284.0,38.255
7455,2,4231,4313.668779940447,-56.441388784609,,,,1283.0,38.237
7456,2,4232,4314.668779940447,-55.441388784609,,,,1282.0,38.221
7457,2,4233,4315.668779940447,-54.441388784609,,,,1282.0,38.206
7458,2,4234,4316.668779940447,-53.441388784609,,,,1281.0,38.19
7459,2,4235,4317.668779940447,-52.441388784609,,,,1280.0,38.175
7460,2,4236,4318.668779940447,-51.441388784609,,,,1279.0,38.163
7461,2,4237,4319.668779940447,-50.441388784609,,,,1277.0,38.149
7462,2,4238,4320.668779940447,-49.441388784609,,,,1276.0,38.134
7463,2,4239,4321.668779940447,-48.441388784609,,,,1274.0,38.122
7464,2,4240,4322.668779940447,-47.441388784609,,,,1272.0,38.108
7465,2,4241,4323.668779940447,-46.441388784609,,,,1273.0,38.096
7466,2,4242,4324.668779940447,-45.441388784609,,,,1272.0,38.082
7467,2,4243,4325.668779940447,-44.441388784609,,,,1272.0,38.069
7468,2,4244,4326.668779940447,-43.441388784609,,,,1271.0,38.056
7469,2,4245,4327.668779940447,-42.441388784609,,,,1271.0,38.041
7470,2,4246,4328.668779940447,-41.441388784609,,,,1269.0,38.027
7471,2,4247,4329.668779940447,-40.441388784609,,,,1268.0,38.012
7472,2,4248,4330.668779940447,-39.441388784609,,,,1266.0,37.995
7473,2,4249,4331.668779940447,-38.441388784609,,,,1267.0,37.978
7474,2,4250,4332.668779940447,-37.441388784609,,,,1266.0,37.962
7475,2,4251,4333.668779940447,-36.441388784609,,,,1265.0,37.946
7476,2,4252,4334.668779940447,-35.441388784609,,,,1263.0,37.928
7477,2,4253,4335.668779940447,-34.441388784609,,,,1262.0,37.913
7478,2,4254,4336.668779940447,-33.441388784609,,,,1260.0,37.897
7479,2,4255,4337.668779940447,-32.441388784609,,,,1258.0,37.878
7480,2,4256,4338.668779940447,-31.441388784609,,,,1256.0,37.861
7481,2,4257,4339.668779940447,-30.441388784609,,,,1253.0,37.842
7482,2,4258,4340.668779940447,-29.441388784609,,,,1253.0,37.823
7483,2,4259,4341.668779940447,-28.441388784609,,,,1252.0,37.806
7484,2,4260,4342.668779940447,-27.441388784609,,,,1251.0,37.789
7485,2,4261,4343.668779940447,-26.441388784609,,,,1250.0,37.772
7486,2,4262,4344.668779940447,-25.441388784609,,,,1249.0,37.755
7487,2,4263,4345.668779940447,-24.441388784609,,,,1249.0,37.738
7488,2,4264,4346.668779940447,-23.441388784609,,,,1248.0,37.722
7489,2,4265,4347.668779940447,-22.441388784609,,,,1246.0,37.706
7490,2,4266,4348.668779940447,-21.441388784609,,,,1246.0,37.69
7491,2,4267,4349.668779940447,-20.441388784609,,,,1246.0,37.676
7492,2,4268,4350.668779940447,-19.441388784609,,,,1242.0,37.661
7493,2,4269,4351.668779940447,-18.441388784609,,,,1242.0,37.644
7494,2,4270,4352.668779940447,-17.441388784609,,,,1239.0,37.627
7495,2,4271,4353.668779940447,-16.441388784609,,,,1238.0,37.611
7496,2,4272,4354.668779940447,-15.441388784609,,,,1236.0,37.595
7497,2,4273,4355.668779940447,-14.441388784609,,,,1234.0,37.579
7498,2,4274,4356.668779940447,-13.441388784609,,,,1233.0,37.564
7499,2,4275,4357.668779940447,-12.441388784609,,,,1232.0,37.549
7500,2,4276,4358.668779940447,-11.441388784609,,,,1231.0,37.534
7501,2,4277,4359.668779940447,-10.441388784609,,,,1229.0,37.52
7502,2,4278,4360.668779940447,-9.441388784609,,,,1228.0,37.506
7503,2,4279,4361.668779940447,-8.441388784609,,,,1228.0,37.491
7504,2,4280,4362.668779940447,-7.441388784609,,,,1228.0,37.477
7505,2,4281,4363.668779940447,-6.441388784609,,,,1228.0,37.463
7506,2,4282,4364.668779940447,-5.441388784609,,,,1227.0,37.448
7507,2,4283,4365.668779940447,-4.441388784609,,,,1226.0,37.433
7508,2,4284,4366.668779940447,-3.441388784609,,,,1226.0,37.417
7509,2,4285,4367.668779940447,-2.441388784609,,,,1225.0,37.402
7510,2,4286,4368.668779940447,-1.441388784609,,,,1226.0,37.385
7511,2,4287,4369.668779940447,-0.441388784609,,,,1226.0,37.369
7512,2,4288,4370.668779940447,0.558611215391,,,,1226.0,37.353
7513,2,4289,4371.668779940447,1.558611215391,,,,1224.0,37.338
7514,2,4290,4372.668779940447,2.558611215391,,,,1224.0,37.321
7515,2,4291,4373.668779940447,3.558611215391,,,,1222.0,37.306
7516,2,4292,4374.668779940447,4.558611215391,,,,1220.0,37.289
7517,2,4293,4375.668779940447,5.558611215391,,,,1219.0,37.273
7518,2,4294,4376.668779940447,6.558611215391,,,,1219.0,37.257
7519,2,4295,4377.668779940447,7.558611215391,,,,1218.0,37.241
7520,2,4296,4378.668779940447,8.558611215391,,,,1216.0,37.226
7521,2,4297,4379.668779940447,9.558611215391,,,,1214.0,37.209
7522,2,4298,4380.668779940447,10.558611215391,,,,1213.0,37.194
7523,2,4299,4381.668779940447,11.558611215391,,,,1211.0,37.179
7524,2,4300,4382.668779940447,12.558611215391,,,,1210.0,37.163
7525,2,4301,4383.668779940447,13.558611215391,,,,1208.0,37.149
7526,2,4302,4384.668779940447,14.558611215391,,,,1207.0,37.133
7527,2,4303,4385.668779940447,15.558611215391,,,,1206.0,37.118
7528,2,4304,4386.668779940447,16.558611215391,,,,1205.0,37.102
7529,2,4305,4387.668779940447,17.558611215391,,,,1203.0,37.086
7530,2,4306,4388.668779940447,18.558611215391,,,,1202.0,37.07
7531,2,4307,4389.668779940447,19.558611215391,,,,1200.0,37.052
7532,2,4308,4390.668779940447,20.558611215391,,,,1198.0,37.036
7533,2,4309,4391.668779940447,21.558611215391,,,,1197.0,37.018
7534,2,4310,4392.668779940447,22.558611215391,,,,1195.0,37.001
7535,2,4311,4393.668779940447,23.558611215391,,,,1193.0,36.981
7536,2,4312,4394.668779940447,24.558611215391,,,,1192.0,36.963
7537,2,4313,4395.668779940447,25.558611215391,,,,1193.0,36.943
7538,2,4314,4396.668779940447,26.558611215391,,,,1194.0,36.924
7539,2,4315,4397.668779940447,27.558611215391,,,,1194.0,36.905
7540,2,4316,4398.668779940447,28.558611215391,,,,1196.0,36.889
7541,2,4317,4399.668779940447,29.558611215391,,,,1197.0,36.872
7542,2,4318,4400.668779940447,30.558611215391,,,,1201.0,36.857
7543,2,4319,4401.668779940447,31.558611215391,,,,1205.0,36.842
7544,2,4320,4402.668779940447,32.558611215391,,,,1207.0,36.827
7545,2,4321,4403.668779940447,33.558611215391,,,,1208.0,36.813
7546,2,4322,4404.668779940447,34.558611215391,,,,1209.0,36.798
7547,2,4323,4405.668779940447,35.558611215391,,,,1209.0,36.783
7548,2,4324,4406.668779940447,36.558611215391,,,,1210.0,36.768
7549,2,4325,4407.668779940447,37.558611215391,,,,1210.0,36.758
7550,2,4326,4408.668779940447,38.558611215391,,,,1212.0,36.748
7551,2,4327,4409.668779940447,39.558611215391,,,,1211.0,36.741
7552,2,4328,4410.668779940447,40.558611215391,,,,1211.0,36.737
7572,2,4348,4430.668779940447,60.558611215391,,,,1212.0,36.732
7573,2,4349,4431.668779940447,61.558611215391,,,,1212.0,36.719
7574,2,4350,4432.668779940447,62.558611215391,,,,1212.0,36.705
7575,2,4351,4433.668779940447,63.558611215391,,,,1210.0,36.691
7576,2,4352,4434.668779940447,64.558611215391,,,,1209.0,36.674
7577,2,4353,4435.668779940447,65.558611215391,,,,1209.0,36.656
7578,2,4354,4436.668779940447,66.558611215391,,,,1209.0,36.64
7579,2,4355,4437.668779940447,67.558611215391,,,,1209.0,36.622
7580,2,4356,4438.668779940447,68.558611215391,,,,1208.0,36.606
7581,2,4357,4439.668779940447,69.558611215391,,,,1208.0,36.589
7582,2,4358,4440.668779940447,70.558611215391,,,,1211.0,36.573
7583,2,4359,4441.668779940447,71.558611215391,,,,1213.0,36.557
7584,2,4360,4442.668779940447,72.558611215391,,,,1213.0,36.545
7585,2,4361,4443.668779940447,73.558611215391,,,,1215.0,36.528
7586,2,4362,4444.668779940447,74.558611215391,,,,1215.0,36.513
7587,2,4363,4445.668779940447,75.558611215391,,,,1216.0,36.498
7588,2,4364,4446.668779940447,76.558611215391,,,,1217.0,36.484
7589,2,4365,4447.668779940447,77.558611215391,,,,1217.0,36.468
7590,2,4366,4448.668779940447,78.558611215391,,,,1217.0,36.455
7591,2,4367,4449.668779940447,79.558611215391,,,,1216.0,36.44
7592,2,4368,4450.668779940447,80.558611215391,,,,1216.0,36.425
7593,2,4369,4451.668779940447,81.558611215391,,,,1216.0,36.41
7594,2,4370,4452.668779940447,82.558611215391,,,,1216.0,36.395
7595,2,4371,4453.668779940447,83.558611215391,,,,1215.0,36.38
7596,2,4372,4454.668779940447,84.558611215391,,,,1215.0,36.365
7597,2,4373,4455.668779940447,85.558611215391,,,,1217.0,36.35
7598,2,4374,4456.668779940447,86.558611215391,,,,1220.0,36.337
7599,2,4375,4457.668779940447,87.558611215391,,,,1224.0,36.324
7600,2,4376,4458.668779940447,88.558611215391,,,,1226.0,36.313
7601,2,4377,4459.668779940447,89.558611215391,,,,1228.0,36.301
7602,2,4378,4460.668779940447,90.558611215391,,,,1232.0,36.291
7603,2,4379,4461.668779940447,91.558611215391,,,,1229.0,36.28
7604,2,4380,4462.668779940447,92.558611215391,,,,1234.0,36.272
7605,2,4381,4463.668779940447,93.558611215391,,,,1234.0,36.269
7657,2,4433,4515.668779940447,145.558611215391,,,,1290.0,36.268
7658,2,4434,4516.668779940447,146.558611215391,,,,1292.0,36.261
7659,2,4435,4517.668779940447,147.558611215391,,,,1294.0,36.258
7675,2,4451,4533.668779940447,163.558611215391,,,,1322.0,36.254
7694,2,4470,4552.668779940447,182.558611215391,,,,1357.0,36.25
7695,2,4471,4553.668779940447,183.558611215391,,,,1359.0,36.244
7696,2,4472,4554.668779940447,184.558611215391,,,,1360.0,36.242
7844,2,4620,4702.668779940447,332.558611215391,,,,1580.0,36.238
7845,2,4621,4703.668779940447,333.558611215391,,,,1584.0,36.226
7846,2,4622,4704.668779940447,334.558611215391,,,,1585.0,36.213
7847,2,4623,4705.668779940447,335.558611215391,,,,1587.0,36.2
7848,2,4624,4706.668779940447,336.558611215391,,,,1589.0,36.189
7849,2,4625,4707.668779940447,337.558611215391,,,,1590.0,36.178
7850,2,4626,4708.668779940447,338.558611215391,,,,1591.0,36.17
7851,2,4627,4709.668779940447,339.558611215391,,,,1592.0,36.164
7852,2,4628,4710.668779940447,340.558611215391,,,,1594.0,36.16
7853,2,4629,4711.668779940447,341.558611215391,,,,1595.0,36.158
7879,2,4655,4737.668779940447,367.558611215391,,,,1628.0,36.153
7880,2,4656,4738.668779940447,368.558611215391,,,,1628.0,36.141
7881,2,4657,4739.668779940447,369.558611215391,,,,1629.0,36.127
7882,2,4658,4740.668779940447,370.558611215391,,,,1632.0,36.115
7883,2,4659,4741.668779940447,371.558611215391,,,,1633.0,36.104
7884,2,4660,4742.668779940447,372.558611215391,,,,1634.0,36.091
7885,2,4661,4743.668779940447,373.558611215391,,,,1635.0,36.078
7886,2,4662,4744.668779940447,374.558611215391,,,,1638.0,36.066
7887,2,4663,4745.668779940447,375.558611215391,,,,1637.0,36.052
7888,2,4664,4746.668779940447,376.558611215391,,,,1637.0,36.039
7889,2,4665,4747.668779940447,377.558611215391,,,,1638.0,36.025
7890,2,4666,4748.668779940447,378.558611215391,,,,1638.0,36.013
7891,2,4667,4749.668779940447,379.558611215391,,,,1639.0,36.0
7892,2,4668,4750.668779940447,380.558611215391,,,,1640.0,35.987
7893,2,4669,4751.668779940447,381.558611215391,,,,1641.0,35.973
7894,2,4670,4752.668779940447,382.558611215391,,,,1642.0,35.96
7895,2,4671,4753.668779940447,383.558611215391,,,,1643.0,35.946
7896,2,4672,4754.668779940447,384.558611215391,,,,1643.0,35.933
7897,2,4673,4755.668779940447,385.558611215391,,,,1643.0,35.919
7898,2,4674,4756.668779940447,386.558611215391,,,,1643.0,35.904
7899,2,4675,4757.668779940447,387.558611215391,,,,1643.0,35.891
7900,2,4676,4758.668779940447,388.558611215391,,,,1641.0,35.876
7901,2,4677,4759.668779940447,389.558611215391,,,,1638.0,35.86
7902,2,4678,4760.668779940447,390.558611215391,,,,1637.0,35.847
7903,2,4679,4761.668779940447,391.558611215391,,,,1635.0,35.831
7904,2,4680,4762.668779940447,392.558611215391,,,,1636.0,35.818
7905,2,4681,4763.668779940447,393.558611215391,,,,1635.0,35.809
7906,2,4682,4764.668779940447,394.558611215391,,,,1636.0,35.799
7907,2,4683,4765.668779940447,395.558611215391,,,,1636.0,35.792
7908,2,4684,4766.668779940447,396.558611215391,,,,1633.0,35.784
7909,2,4685,4767.668779940447,397.558611215391,,,,1636.0,35.776
7910,2,4686,4768.668779940447,398.558611215391,,,,1636.0,35.766
7911,2,4687,4769.668779940447,399.558611215391,,,,1636.0,35.753
7912,2,4688,4770.668779940447,400.558611215391,,,,1637.0,35.737
7913,2,4689,4771.668779940447,401.558611215391,,,,1639.0,35.721
7914,2,4690,4772.668779940447,402.558611215391,,,,1639.0,35.705
7915,2,4691,4773.668779940447,403.558611215391,,,,1642.0,35.687
7916,2,4692,4774.668779940447,404.558611215391,,,,1645.0,35.671
7917,2,4693,4775.668779940447,405.558611215391,,,,1648.0,35.654
7918,2,4694,4776.668779940447,406.558611215391,,,,1649.0,35.641
7919,2,4695,4777.668779940447,407.558611215391,,,,1654.0,35.629
7920,2,4696,4778.668779940447,408.558611215391,,,,1656.0,35.617
7921,2,4697,4779.668779940447,409.558611215391,,,,1659.0,35.606
7922,2,4698,4780.668779940447,410.558611215391,,,,1662.0,35.597
7923,2,4699,4781.668779940447,411.558611215391,,,,1664.0,35.586
7924,2,4700,4782.668779940447,412.558611215391,,,,1663.0,35.575
7925,2,4701,4783.668779940447,413.558611215391,,,,1661.0,35.565
7926,2,4702,4784.668779940447,414.558611215391,,,,1658.0,35.551
7927,2,4703,4785.668779940447,415.558611215391,,,,1654.0,35.538
7928,2,4704,4786.668779940447,416.558611215391,,,,1653.0,35.524
7929,2,4705,4787.668779940447,417.558611215391,,,,1654.0,35.511
7930,2,4706,4788.668779940447,418.558611215391,,,,1656.0,35.498
7931,2,4707,4789.668779940447,419.558611215391,,,,1656.0,35.485
7932,2,4708,4790.668779940447,420.558611215391,,,,1658.0,35.471
7933,2,4709,4791.668779940447,421.558611215391,,,,1655.0,35.455
7934,2,4710,4792.668779940447,422.558611215391,,,,1654.0,35.439
7935,2,4711,4793.668779940447,423.558611215391,,,,1653.0,35.422
7936,2,4712,4794.668779940447,424.558611215391,,,,1650.0,35.405
7937,2,4713,4795.668779940447,425.558611215391,,,,1649.0,35.389
7938,2,4714,4796.668779940447,426.558611215391,,,,1649.0,35.377
7939,2,4715,4797.668779940447,427.558611215391,,,,1649.0,35.365
7940,2,4716,4798.668779940447,428.558611215391,,,,1652.0,35.353
7941,2,4717,4799.668779940447,429.558611215391,,,,1652.0,35.341
7942,2,4718,4800.668779940447,430.558611215391,,,,1652.0,35.33
7943,2,4719,4801.668779940447,431.558611215391,,,,1651.0,35.316
7944,2,4720,4802.668779940447,432.558611215391,,,,1649.0,35.301
7945,2,4721,4803.668779940447,433.558611215391,,,,1648.0,35.285
7946,2,4722,4804.668779940447,434.558611215391,,,,1647.0,35.271
7947,2,4723,4805.668779940447,435.558611215391,,,,1645.0,35.255
7948,2,4724,4806.668779940447,436.558611215391,,,,1642.0,35.241
7949,2,4725,4807.668779940447,437.558611215391,,,,1641.0,35.226
7950,2,4726,4808.668779940447,438.558611215391,,,,1639.0,35.212
7951,2,4727,4809.668779940447,439.558611215391,,,,1636.0,35.198
7952,2,4728,4810.668779940447,440.558611215391,,,,1633.0,35.185
7953,2,4729,4811.668779940447,441.558611215391,,,,1630.0,35.172
7954,2,4730,4812.668779940447,442.558611215391,,,,1628.0,35.159
7955,2,4731,4813.668779940447,443.558611215391,,,,1626.0,35.146
7956,2,4732,4814.668779940447,444.558611215391,,,,1624.0,35.133
7957,2,4733,4815.668779940447,445.558611215391,,,,1622.0,35.119
7958,2,4734,4816.668779940447,446.558611215391,,,,1621.0,35.105
7959,2,4735,4817.668779940447,447.558611215391,,,,1618.0,35.089
7960,2,4736,4818.668779940447,448.558611215391,,,,1615.0,35.071
7961,2,4737,4819.668779940447,449.558611215391,,,,1612.0,35.054
7962,2,4738,4820.668779940447,450.558611215391,,,,1611.0,35.036
7963,2,4739,4821.668779940447,451.558611215391,,,,1609.0,35.018
7964,2,4740,4822.668779940447,452.558611215391,,,,1608.0,35.0
7965,2,4741,4823.668779940447,453.558611215391,,,,1609.0,34.982
7966,2,4742,4824.668779940447,454.558611215391,,,,1609.0,34.965
7967,2,4743,4825.668779940447,455.558611215391,,,,1609.0,34.947
7968,2,4744,4826.668779940447,456.558611215391,,,,1609.0,34.929
7969,2,4745,4827.668779940447,457.558611215391,,,,1604.0,34.909
7970,2,4746,4828.668779940447,458.558611215391,,,,1603.0,34.89
7971,2,4747,4829.668779940447,459.558611215391,,,,1600.0,34.872
7972,2,4748,4830.668779940447,460.558611215391,,,,1598.0,34.852
7973,2,4749,4831.668779940447,461.558611215391,,,,1597.0,34.834
7974,2,4750,4832.668779940447,462.558611215391,,,,1597.0,34.816
7975,2,4751,4833.668779940447,463.558611215391,,,,1598.0,34.8
7976,2,4752,4834.668779940447,464.558611215391,,,,1599.0,34.782
7977,2,4753,4835.668779940447,465.558611215391,,,,1599.0,34.765
7978,2,4754,4836.668779940447,466.558611215391,,,,1599.0,34.748
7979,2,4755,4837.668779940447,467.558611215391,,,,1597.0,34.729
7980,2,4756,4838.668779940447,468.558611215391,,,,1595.0,34.71
7981,2,4757,4839.668779940447,469.558611215391,,,,1594.0,34.693
7982,2,4758,4840.668779940447,470.558611215391,,,,1593.0,34.673
7983,2,4759,4841.668779940447,471.558611215391,,,,1590.0,34.653
7984,2,4760,4842.668779940447,472.558611215391,,,,1590.0,34.637
7985,2,4761,4843.668779940447,473.558611215391,,,,1594.0,34.62
7986,2,4762,4844.668779940447,474.558611215391,,,,1594.0,34.606
7987,2,4763,4845.668779940447,475.558611215391,,,,1595.0,34.591
7988,2,4764,4846.668779940447,476.558611215391,,,,1594.0,34.576
7989,2,4765,4847.668779940447,477.558611215391,,,,1596.0,34.56
7990,2,4766,4848.668779940447,478.558611215391,,,,1595.0,34.543
7991,2,4767,4849.668779940447,479.558611215391,,,,1593.0,34.524
7992,2,4768,4850.668779940447,480.558611215391,,,,1593.0,34.507
7993,2,4769,4851.668779940447,481.558611215391,,,,1594.0,34.488
7994,2,4770,4852.668779940447,482.558611215391,,,,1597.0,34.472
7995,2,4771,4853.668779940447,483.558611215391,,,,1599.0,34.456
7996,2,4772,4854.668779940447,484.558611215391,,,,1602.0,34.438
7997,2,4773,4855.668779940447,485.558611215391,,,,1604.0,34.421
7998,2,4774,4856.668779940447,486.558611215391,,,,1602.0,34.402
7999,2,4775,4857.668779940447,487.558611215391,,,,1600.0,34.385
8000,2,4776,4858.668779940447,488.558611215391,,,,1600.0,34.367
8001,2,4777,4859.668779940447,489.558611215391,,,,1597.0,34.348
8002,2,4778,4860.668779940447,490.558611215391,,,,1593.0,34.328
8003,2,4779,4861.668779940447,491.558611215391,,,,1588.0,34.307
8004,2,4780,4862.668779940447,492.558611215391,,,,1587.0,34.286
8005,2,4781,4863.668779940447,493.558611215391,,,,1585.0,34.266
8006,2,4782,4864.668779940447,494.558611215391,,,,1582.0,34.245
8007,2,4783,4865.668779940447,495.558611215391,,,,1582.0,34.227
8008,2,4784,4866.668779940447,496.558611215391,,,,1580.0,34.209
8009,2,4785,4867.668779940447,497.558611215391,,,,1579.0,34.19
8010,2,4786,4868.668779940447,498.558611215391,,,,1577.0,34.171
8011,2,4787,4869.668779940447,499.558611215391,,,,1575.0,34.155
8012,2,4788,4870.668779940447,500.558611215391,,,,1571.0,34.137
8013,2,4789,4871.668779940447,501.558611215391,,,,1571.0,34.12
8014,2,4790,4872.668779940447,502.558611215391,,,,1569.0,34.105
8015,2,4791,4873.668779940447,503.558611215391,,,,1570.0,34.09
8016,2,4792,4874.668779940447,504.558611215391,,,,1570.0,34.075
8017,2,4793,4875.668779940447,505.558611215391,,,,1568.0,34.062
8018,2,4794,4876.668779940447,506.558611215391,,,,1566.0,34.049
8019,2,4795,4877.668779940447,507.558611215391,,,,1565.0,34.037
8020,2,4796,4878.668779940447,508.558611215391,,,,1563.0,34.023
8021,2,4797,4879.668779940447,509.558611215391,,,,1559.0,34.01
8022,2,4798,4880.668779940447,510.558611215391,,,,1557.0,33.994
8023,2,4799,4881.668779940447,511.558611215391,,,,1555.0,33.977
8024,2,4800,4882.668779940447,512.558611215391,,,,1550.0,33.961
8025,2,4801,4883.668779940447,513.558611215391,,,,1548.0,33.943
8026,2,4802,4884.668779940447,514.558611215391,,,,1546.0,33.924
8027,2,4803,4885.668779940447,515.558611215391,,,,1545.0,33.904
8028,2,4804,4886.668779940447,516.558611215391,,,,1544.0,33.886
8029,2,4805,4887.668779940447,517.558611215391,,,,1541.0,33.866
8030,2,4806,4888.668779940447,518.558611215391,,,,1541.0,33.848
8031,2,4807,4889.668779940447,519.558611215391,,,,1539.0,33.827
8032,2,4808,4890.668779940447,520.558611215391,,,,1536.0,33.808
8033,2,4809,4891.668779940447,521.558611215391,,,,1535.0,33.789
8034,2,4810,4892.668779940447,522.558611215391,,,,1533.0,33.77
8035,2,4811,4893.668779940447,523.558611215391,,,,1532.0,33.751
8036,2,4812,4894.668779940447,524.558611215391,,,,1531.0,33.733
8037,2,4813,4895.668779940447,525.558611215391,,,,1529.0,33.715
8038,2,4814,4896.668779940447,526.558611215391,,,,1528.0,33.697
8039,2,4815,4897.668779940447,527.558611215391,,,,1527.0,33.681
8040,2,4816,4898.668779940447,528.558611215391,,,,1525.0,33.666
8041,2,4817,4899.668779940447,529.558611215391,,,,1525.0,33.649
8042,2,4818,4900.668779940447,530.558611215391,,,,1523.0,33.635
8043,2,4819,4901.668779940447,531.558611215391,,,,1520.0,33.619
8044,2,4820,4902.668779940447,532.558611215391,,,,1520.0,33.604
8045,2,4821,4903.668779940447,533.558611215391,,,,1518.0,33.586
8046,2,4822,4904.668779940447,534.558611215391,,,,1516.0,33.571
8047,2,4823,4905.668779940447,535.558611215391,,,,1514.0,33.553
8048,2,4824,4906.668779940447,536.558611215391,,,,1513.0,33.536
8049,2,4825,4907.668779940447,537.558611215391,,,,1513.0,33.519
8050,2,4826,4908.668779940447,538.558611215391,,,,1512.0,33.502
8051,2,4827,4909.668779940447,539.558611215391,,,,1510.0,33.484
8052,2,4828,4910.668779940447,540.558611215391,,,,1510.0,33.468
8053,2,4829,4911.668779940447,541.558611215391,,,,1509.0,33.448
8054,2,4830,4912.668779940447,542.558611215391,,,,1508.0,33.431
8055,2,4831,4913.668779940447,543.558611215391,,,,1507.0,33.412
8056,2,4832,4914.668779940447,544.558611215391,,,,1505.0,33.393
8057,2,4833,4915.668779940447,545.558611215391,,,,1503.0,33.374
8058,2,4834,4916.668779940447,546.558611215391,,,,1502.0,33.355
8059,2,4835,4917.668779940447,547.558611215391,,,,1501.0,33.338
8060,2,4836,4918.668779940447,548.558611215391,,,,1499.0,33.322
8061,2,4837,4919.668779940447,549.558611215391,,,,1498.0,33.305
8062,2,4838,4920.668779940447,550.558611215391,,,,1497.0,33.292
8063,2,4839,4921.668779940447,551.558611215391,,,,1496.0,33.278
8064,2,4840,4922.668779940447,552.558611215391,,,,1495.0,33.267
8065,2,4841,4923.668779940447,553.558611215391,,,,1495.0,33.255
8066,2,4842,4924.668779940447,554.558611215391,,,,1494.0,33.243
8067,2,4843,4925.668779940447,555.558611215391,,,,1493.0,33.23
8068,2,4844,4926.668779940447,556.558611215391,,,,1491.0,33.22
8069,2,4845,4927.668779940447,557.558611215391,,,,1489.0,33.208
8070,2,4846,4928.668779940447,558.558611215391,,,,1488.0,33.198
8071,2,4847,4929.668779940447,559.558611215391,,,,1488.0,33.188
8072,2,4848,4930.668779940447,560.558611215391,,,,1486.0,33.18
8073,2,4849,4931.668779940447,561.558611215391,,,,1486.0,33.171
8074,2,4850,4932.668779940447,562.558611215391,,,,1486.0,33.161
8075,2,4851,4933.668779940447,563.558611215391,,,,1484.0,33.152
8076,2,4852,4934.668779940447,564.558611215391,,,,1481.0,33.142
8077,2,4853,4935.668779940447,565.558611215391,,,,1479.0,33.132
8078,2,4854,4936.668779940447,566.558611215391,,,,1478.0,33.125
8079,2,4855,4937.668779940447,567.558611215391,,,,1477.0,33.116
8080,2,4856,4938.668779940447,568.558611215391,,,,1477.0,33.109
8081,2,4857,4939.668779940447,569.558611215391,,,,1474.0,33.101
8082,2,4858,4940.668779940447,570.558611215391,,,,1473.0,33.094
8083,2,4859,4941.668779940447,571.558611215391,,,,1470.0,33.087
8084,2,4860,4942.668779940447,572.558611215391,,,,1470.0,33.08
8085,2,4861,4943.668779940447,573.558611215391,,,,1467.0,33.073
8086,2,4862,4944.668779940447,574.558611215391,,,,1465.0,33.067
8087,2,4863,4945.668779940447,575.558611215391,,,,1464.0,33.06
8088,2,4864,4946.668779940447,576.558611215391,,,,1462.0,33.054
8089,2,4865,4947.668779940447,577.558611215391,,,,1460.0,33.048
8090,2,4866,4948.668779940447,578.558611215391,,,,1459.0,33.042
8091,2,4867,4949.668779940447,579.558611215391,,,,1459.0,33.035
8092,2,4868,4950.668779940447,580.558611215391,,,,1458.0,33.029
8093,2,4869,4951.668779940447,581.558611215391,,,,1456.0,33.022
8094,2,4870,4952.668779940447,582.558611215391,,,,1454.0,33.015
8095,2,4871,4953.668779940447,583.558611215391,,,,1453.0,33.009
8096,2,4872,4954.668779940447,584.558611215391,,,,1451.0,33.003
8097,2,4873,4955.668779940447,585.558611215391,,,,1449.0,32.998
8098,2,4874,4956.668779940447,586.558611215391,,,,1447.0,32.992
8099,2,4875,4957.668779940447,587.558611215391,,,,1445.0,32.988
8100,2,4876,4958.668779940447,588.558611215391,,,,1442.0,32.983
8101,2,4877,4959.668779940447,589.558611215391,,,,1440.0,32.977
8102,2,4878,4960.668779940447,590.558611215391,,,,1440.0,32.973
8103,2,4879,4961.668779940447,591.558611215391,,,,1439.0,32.969
8104,2,4880,4962.668779940447,592.558611215391,,,,1436.0,32.965
8105,2,4881,4963.668779940447,593.558611215391,,,,1436.0,32.961
8106,2,4882,4964.668779940447,594.558611215391,,,,1434.0,32.959
8107,2,4883,4965.668779940447,595.558611215391,,,,1433.0,32.958
8349,2,5125,5207.668779940447,837.558611215391,,,,1734.0,32.945
8350,2,5126,5208.668779940447,838.558611215391,,,,1732.0,32.928
8351,2,5127,5209.668779940447,839.558611215391,,,,1731.0,32.914
8352,2,5128,5210.668779940447,840.558611215391,,,,1728.0,32.897
8353,2,5129,5211.668779940447,841.558611215391,,,,1727.0,32.881
8354,2,5130,5212.668779940447,842.558611215391,,,,1726.0,32.867
8355,2,5131,5213.668779940447,843.558611215391,,,,1725.0,32.85
8356,2,5132,5214.668779940447,844.558611215391,,,,1724.0,32.836
8357,2,5133,5215.668779940447,845.558611215391,,,,1723.0,32.819
8358,2,5134,5216.668779940447,846.558611215391,,,,1723.0,32.805
8359,2,5135,5217.668779940447,847.558611215391,,,,1722.0,32.79
8360,2,5136,5218.668779940447,848.558611215391,,,,1721.0,32.777
8361,2,5137,5219.668779940447,849.558611215391,,,,1720.0,32.762
8362,2,5138,5220.668779940447,850.558611215391,,,,1718.0,32.749
8363,2,5139,5221.668779940447,851.558611215391,,,,1717.0,32.734
8364,2,5140,5222.668779940447,852.558611215391,,,,1714.0,32.719
8365,2,5141,5223.668779940447,853.558611215391,,,,1712.0,32.706
8366,2,5142,5224.668779940447,854.558611215391,,,,1711.0,32.69
8367,2,5143,5225.668779940447,855.558611215391,,,,1709.0,32.675
8368,2,5144,5226.668779940447,856.558611215391,,,,1707.0,32.66
8369,2,5145,5227.668779940447,857.558611215391,,,,1705.0,32.646
8370,2,5146,5228.668779940447,858.558611215391,,,,1704.0,32.632
8371,2,5147,5229.668779940447,859.558611215391,,,,1702.0,32.617
8372,2,5148,5230.668779940447,860.558611215391,,,,1700.0,32.603
8373,2,5149,5231.668779940447,861.558611215391,,,,1698.0,32.589
8374,2,5150,5232.668779940447,862.558611215391,,,,1696.0,32.573
8375,2,5151,5233.668779940447,863.558611215391,,,,1694.0,32.559
8376,2,5152,5234.668779940447,864.558611215391,,,,1693.0,32.545
8377,2,5153,5235.668779940447,865.558611215391,,,,1691.0,32.529
8378,2,5154,5236.668779940447,866.558611215391,,,,1689.0,32.513
8379,2,5155,5237.668779940447,867.558611215391,,,,1688.0,32.497
8380,2,5156,5238.668779940447,868.558611215391,,,,1685.0,32.481
8381,2,5157,5239.668779940447,869.558611215391,,,,1683.0,32.464
8382,2,5158,5240.668779940447,870.558611215391,,,,1681.0,32.446
8383,2,5159,5241.668779940447,871.558611215391,,,,1680.0,32.43
8384,2,5160,5242.668779940447,872.558611215391,,,,1679.0,32.413
8385,2,5161,5243.668779940447,873.558611215391,,,,1677.0,32.399
8386,2,5162,5244.668779940447,874.558611215391,,,,1675.0,32.383
8387,2,5163,5245.668779940447,875.558611215391,,,,1672.0,32.368
8388,2,5164,5246.668779940447,876.558611215391,,,,1669.0,32.354
8389,2,5165,5247.668779940447,877.558611215391,,,,1667.0,32.339
8390,2,5166,5248.668779940447,878.558611215391,,,,1664.0,32.323
8391,2,5167,5249.668779940447,879.558611215391,,,,1661.0,32.306
8392,2,5168,5250.668779940447,880.558611215391,,,,1658.0,32.291
8393,2,5169,5251.668779940447,881.558611215391,,,,1655.0,32.274
8394,2,5170,5252.668779940447,882.558611215391,,,,1652.0,32.259
8395,2,5171,5253.668779940447,883.558611215391,,,,1651.0,32.244
8396,2,5172,5254.668779940447,884.558611215391,,,,1649.0,32.229
8397,2,5173,5255.668779940447,885.558611215391,,,,1648.0,32.213
8398,2,5174,5256.668779940447,886.558611215391,,,,1645.0,32.198
8399,2,5175,5257.668779940447,887.558611215391,,,,1641.0,32.183
8400,2,5176,5258.668779940447,888.558611215391,,,,1640.0,32.167
8401,2,5177,5259.668779940447,889.558611215391,,,,1638.0,32.153
8402,2,5178,5260.668779940447,890.558611215391,,,,1641.0,32.14
8403,2,5179,5261.668779940447,891.558611215391,,,,1646.0,32.128
8404,2,5180,5262.668779940447,892.558611215391,,,,1648.0,32.117
8405,2,5181,5263.668779940447,893.558611215391,,,,1651.0,32.108
8406,2,5182,5264.668779940447,894.558611215391,,,,1655.0,32.099
8407,2,5183,5265.668779940447,895.558611215391,,,,1657.0,32.088
8408,2,5184,5266.668779940447,896.558611215391,,,,1660.0,32.076
8409,2,5185,5267.668779940447,897.558611215391,,,,1661.0,32.061
8410,2,5186,5268.668779940447,898.558611215391,,,,1663.0,32.047
8411,2,5187,5269.668779940447,899.558611215391,,,,1665.0,32.034
8412,2,5188,5270.668779940447,900.558611215391,,,,1668.0,32.024
8413,2,5189,5271.668779940447,901.558611215391,,,,1673.0,32.016
8414,2,5190,5272.668779940447,902.558611215391,,,,1676.0,32.014
8455,2,5231,5313.668779940447,943.558611215391,,,,1724.0,32.003
8456,2,5232,5314.668779940447,944.558611215391,,,,1725.0,31.989
8457,2,5233,5315.668779940447,945.558611215391,,,,1726.0,31.976
8458,2,5234,5316.668779940447,946.558611215391,,,,1727.0,31.963
8459,2,5235,5317.668779940447,947.558611215391,,,,1730.0,31.95
8460,2,5236,5318.668779940447,948.558611215391,,,,1732.0,31.937
8461,2,5237,5319.668779940447,949.558611215391,,,,1733.0,31.926
8462,2,5238,5320.668779940447,950.558611215391,,,,1734.0,31.912
8463,2,5239,5321.668779940447,951.558611215391,,,,1734.0,31.899
8464,2,5240,5322.668779940447,952.558611215391,,,,1737.0,31.886
8465,2,5241,5323.668779940447,953.558611215391,,,,1739.0,31.873
8466,2,5242,5324.668779940447,954.558611215391,,,,1739.0,31.86
8467,2,5243,5325.668779940447,955.558611215391,,,,1740.0,31.844
8468,2,5244,5326.668779940447,956.558611215391,,,,1741.0,31.83
8469,2,5245,5327.668779940447,957.558611215391,,,,1740.0,31.816
8470,2,5246,5328.668779940447,958.558611215391,,,,1741.0,31.803
8471,2,5247,5329.668779940447,959.558611215391,,,,1744.0,31.791
8472,2,5248,5330.668779940447,960.558611215391,,,,1744.0,31.778
8473,2,5249,5331.668779940447,961.558611215391,,,,1746.0,31.764
8474,2,5250,5332.668779940447,962.558611215391,,,,1745.0,31.749
8475,2,5251,5333.668779940447,963.558611215391,,,,1747.0,31.735
8476,2,5252,5334.668779940447,964.558611215391,,,,1749.0,31.719
8477,2,5253,5335.668779940447,965.558611215391,,,,1748.0,31.703
8478,2,5254,5336.668779940447,966.558611215391,,,,1749.0,31.69
8479,2,5255,5337.668779940447,967.558611215391,,,,1751.0,31.674
8480,2,5256,5338.668779940447,968.558611215391,,,,1753.0,31.659
8481,2,5257,5339.668779940447,969.558611215391,,,,1755.0,31.646
8482,2,5258,5340.668779940447,970.558611215391,,,,1755.0,31.632
8483,2,5259,5341.668779940447,971.558611215391,,,,1756.0,31.617
8484,2,5260,5342.668779940447,972.558611215391,,,,1757.0,31.602
8485,2,5261,5343.668779940447,973.558611215391,,,,1757.0,31.585
8486,2,5262,5344.668779940447,974.558611215391,,,,1756.0,31.57
8487,2,5263,5345.668779940447,975.558611215391,,,,1757.0,31.552
8488,2,5264,5346.668779940447,976.558611215391,,,,1758.0,31.534
8489,2,5265,5347.668779940447,977.558611215391,,,,1759.0,31.516
8490,2,5266,5348.668779940447,978.558611215391,,,,1758.0,31.498
8491,2,5267,5349.668779940447,979.558611215391,,,,1756.0,31.48
8492,2,5268,5350.668779940447,980.558611215391,,,,1756.0,31.461
8493,2,5269,5351.668779940447,981.558611215391,,,,1756.0,31.445
8494,2,5270,5352.668779940447,982.558611215391,,,,1757.0,31.43
8495,2,5271,5353.668779940447,983.558611215391,,,,1755.0,31.416
8496,2,5272,5354.668779940447,984.558611215391,,,,1755.0,31.401
8497,2,5273,5355.668779940447,985.558611215391,,,,1752.0,31.387
8498,2,5274,5356.668779940447,986.558611215391,,,,1748.0,31.373
8499,2,5275,5357.668779940447,987.558611215391,,,,1745.0,31.358
8500,2,5276,5358.668779940447,988.558611215391,,,,1742.0,31.342
8501,2,5277,5359.668779940447,989.558611215391,,,,1741.0,31.326
8502,2,5278,5360.668779940447,990.558611215391,,,,1740.0,31.312
8503,2,5279,5361.668779940447,991.558611215391,,,,1736.0,31.297
8504,2,5280,5362.668779940447,992.558611215391,,,,1736.0,31.283
8505,2,5281,5363.668779940447,993.558611215391,,,,1735.0,31.268
8506,2,5282,5364.668779940447,994.558611215391,,,,1731.0,31.254
8507,2,5283,5365.668779940447,995.558611215391,,,,1727.0,31.237
8508,2,5284,5366.668779940447,996.558611215391,,,,1724.0,31.22
8509,2,5285,5367.668779940447,997.558611215391,,,,1721.0,31.204
8510,2,5286,5368.668779940447,998.558611215391,,,,1720.0,31.189
8511,2,5287,5369.668779940447,999.558611215391,,,,1717.0,31.174
8512,2,5288,5370.668779940447,1000.558611215391,,,,1714.0,31.158
8513,2,5289,5371.668779940447,1001.558611215391,,,,1710.0,31.142
8514,2,5290,5372.668779940447,1002.558611215391,,,,1708.0,31.125
8515,2,5291,5373.668779940447,1003.558611215391,,,,1705.0,31.109
8516,2,5292,5374.668779940447,1004.558611215391,,,,1702.0,31.091
8517,2,5293,5375.668779940447,1005.558611215391,,,,1698.0,31.075
8518,2,5294,5376.668779940447,1006.558611215391,,,,1695.0,31.057
8519,2,5295,5377.668779940447,1007.558611215391,,,,1693.0,31.04
8520,2,5296,5378.668779940447,1008.558611215391,,,,1691.0,31.025
8521,2,5297,5379.668779940447,1009.558611215391,,,,1690.0,31.009
8522,2,5298,5380.668779940447,1010.558611215391,,,,1686.0,30.995
8523,2,5299,5381.668779940447,1011.558611215391,,,,1687.0,30.98
8524,2,5300,5382.668779940447,1012.558611215391,,,,1686.0,30.966
8525,2,5301,5383.668779940447,1013.558611215391,,,,1685.0,30.953
8526,2,5302,5384.668779940447,1014.558611215391,,,,1685.0,30.937
8527,2,5303,5385.668779940447,1015.558611215391,,,,1684.0,30.924
8528,2,5304,5386.668779940447,1016.558611215391,,,,1683.0,30.907
8529,2,5305,5387.668779940447,1017.558611215391,,,,1681.0,30.89
8530,2,5306,5388.668779940447,1018.558611215391,,,,1679.0,30.874
8531,2,5307,5389.668779940447,1019.558611215391,,,,1678.0,30.855
8532,2,5308,5390.668779940447,1020.558611215391,,,,1677.0,30.839
8533,2,5309,5391.668779940447,1021.558611215391,,,,1675.0,30.822
8534,2,5310,5392.668779940447,1022.558611215391,,,,1674.0,30.804
8535,2,5311,5393.668779940447,1023.558611215391,,,,1673.0,30.787
8536,2,5312,5394.668779940447,1024.558611215391,,,,1670.0,30.77
8537,2,5313,5395.668779940447,1025.558611215391,,,,1670.0,30.754
8538,2,5314,5396.668779940447,1026.558611215391,,,,1669.0,30.737
8539,2,5315,5397.668779940447,1027.558611215391,,,,1669.0,30.719
8540,2,5316,5398.668779940447,1028.558611215391,,,,1667.0,30.702
8541,2,5317,5399.668779940447,1029.558611215391,,,,1665.0,30.684
8542,2,5318,5400.668779940447,1030.558611215391,,,,1662.0,30.666
8543,2,5319,5401.668779940447,1031.558611215391,,,,1660.0,30.648
8544,2,5320,5402.668779940447,1032.558611215391,,,,1657.0,30.629
8545,2,5321,5403.668779940447,1033.558611215391,,,,1656.0,30.611
8546,2,5322,5404.668779940447,1034.558611215391,,,,1654.0,30.593
8547,2,5323,5405.668779940447,1035.558611215391,,,,1654.0,30.575
8548,2,5324,5406.668779940447,1036.558611215391,,,,1653.0,30.559
8549,2,5325,5407.668779940447,1037.558611215391,,,,1652.0,30.542
8550,2,5326,5408.668779940447,1038.558611215391,,,,1651.0,30.525
8551,2,5327,5409.668779940447,1039.558611215391,,,,1649.0,30.506
8552,2,5328,5410.668779940447,1040.558611215391,,,,1646.0,30.488
8553,2,5329,5411.668779940447,1041.558611215391,,,,1644.0,30.471
8554,2,5330,5412.668779940447,1042.558611215391,,,,1642.0,30.451
8555,2,5331,5413.668779940447,1043.558611215391,,,,1640.0,30.433
8556,2,5332,5414.668779940447,1044.558611215391,,,,1639.0,30.416
8557,2,5333,5415.668779940447,1045.558611215391,,,,1637.0,30.398
8558,2,5334,5416.668779940447,1046.558611215391,,,,1636.0,30.382
8559,2,5335,5417.668779940447,1047.558611215391,,,,1636.0,30.367
8560,2,5336,5418.668779940447,1048.558611215391,,,,1636.0,30.353
8561,2,5337,5419.668779940447,1049.558611215391,,,,1634.0,30.339
8562,2,5338,5420.668779940447,1050.558611215391,,,,1634.0,30.325
8563,2,5339,5421.668779940447,1051.558611215391,,,,1633.0,30.308
8564,2,5340,5422.668779940447,1052.558611215391,,,,1631.0,30.293
8565,2,5341,5423.668779940447,1053.558611215391,,,,1632.0,30.276
8566,2,5342,5424.668779940447,1054.558611215391,,,,1629.0,30.261
8567,2,5343,5425.668779940447,1055.558611215391,,,,1626.0,30.247
8568,2,5344,5426.668779940447,1056.558611215391,,,,1623.0,30.231
8569,2,5345,5427.668779940447,1057.558611215391,,,,1621.0,30.219
8570,2,5346,5428.668779940447,1058.558611215391,,,,1621.0,30.205
8571,2,5347,5429.668779940447,1059.558611215391,,,,1619.0,30.194
8572,2,5348,5430.668779940447,1060.558611215391,,,,1618.0,30.184
8573,2,5349,5431.668779940447,1061.558611215391,,,,1616.0,30.174
8574,2,5350,5432.668779940447,1062.558611215391,,,,1615.0,30.166
8575,2,5351,5433.668779940447,1063.558611215391,,,,1612.0,30.159
8576,2,5352,5434.668779940447,1064.558611215391,,,,1611.0,30.153
8577,2,5353,5435.668779940447,1065.558611215391,,,,1609.0,30.147
8578,2,5354,5436.668779940447,1066.558611215391,,,,1607.0,30.142
8579,2,5355,5437.668779940447,1067.558611215391,,,,1606.0,30.138
8580,2,5356,5438.668779940447,1068.558611215391,,,,1605.0,30.134
8581,3,1,5439.668779940447,1069.558611215391,,,,1604.0,30.041
8593,3,13,5451.668779940447,1081.558611215391,,,,1590.0,30.031
8594,3,14,5452.668779940447,1082.558611215391,,,,1589.0,30.016
8595,3,15,5453.668779940447,1083.558611215391,,,,1587.0,30.001
8596,3,16,5454.668779940447,1084.558611215391,,,,1584.0,29.986
8597,3,17,5455.668779940447,1085.558611215391,,,,1582.0,29.971
8598,3,18,5456.668779940447,1086.558611215391,,,,1580.0,29.956
8599,3,19,5457.668779940447,1087.558611215391,,,,1576.0,29.941
8600,3,20,5458.668779940447,1088.558611215391,,,,1572.0,29.926
8601,3,21,5459.668779940447,1089.558611215391,,,,1569.0,29.91
8602,3,22,5460.668779940447,1090.558611215391,,,,1566.0,29.893
8603,3,23,5461.668779940447,1091.558611215391,,,,1563.0,29.876
8604,3,24,5462.668779940447,1092.558611215391,,,,1562.0,29.86
8605,3,25,5463.668779940447,1093.558611215391,,,,1561.0,29.845
8606,3,26,5464.668779940447,1094.558611215391,,,,1560.0,29.83
8607,3,27,5465.668779940447,1095.558611215391,,,,1558.0,29.816
8608,3,28,5466.668779940447,1096.558611215391,,,,1556.0,29.803
8609,3,29,5467.668779940447,1097.558611215391,,,,1554.0,29.789
8610,3,30,5468.668779940447,1098.558611215391,,,,1552.0,29.775
8611,3,31,5469.668779940447,1099.558611215391,,,,1549.0,29.759
8612,3,32,5470.668779940447,1100.558611215391,,,,1546.0,29.744
8613,3,33,5471.668779940447,1101.558611215391,,,,1544.0,29.729
8614,3,34,5472.668779940447,1102.558611215391,,,,1544.0,29.713
8615,3,35,5473.668779940447,1103.558611215391,,,,1544.0,29.698
8616,3,36,5474.668779940447,1104.558611215391,,,,1542.0,29.684
8617,3,37,5475.668779940447,1105.558611215391,,,,1541.0,29.668
8618,3,38,5476.668779940447,1106.558611215391,,,,1540.0,29.654
8619,3,39,5477.668779940447,1107.558611215391,,,,1538.0,29.639
8620,3,40,5478.668779940447,1108.558611215391,,,,1536.0,29.624
8621,3,41,5479.668779940447,1109.558611215391,,,,1533.0,29.608
8622,3,42,5480.668779940447,1110.558611215391,,,,1531.0,29.593
8623,3,43,5481.668779940447,1111.558611215391,,,,1530.0,29.577
8624,3,44,5482.668779940447,1112.558611215391,,,,1528.0,29.561
8625,3,45,5483.668779940447,1113.558611215391,,,,1528.0,29.545
8626,3,46,5484.668779940447,1114.558611215391,,,,1527.0,29.528
8627,3,47,5485.668779940447,1115.558611215391,,,,1526.0,29.512
8628,3,48,5486.668779940447,1116.558611215391,,,,1528.0,29.497
8629,3,49,5487.668779940447,1117.558611215391,,,,1529.0,29.482
8630,3,50,5488.668779940447,1118.558611215391,,,,1526.0,29.468
8631,3,51,5489.668779940447,1119.558611215391,,,,1530.0,29.456
8632,3,52,5490.668779940447,1120.558611215391,,,,1529.0,29.442
8633,3,53,5491.668779940447,1121.558611215391,,,,1528.0,29.427
8634,3,54,5492.668779940447,1122.558611215391,,,,1525.0,29.412
8635,3,55,5493.668779940447,1123.558611215391,,,,1525.0,29.397
8636,3,56,5494.668779940447,1124.558611215391,,,,1523.0,29.381
8637,3,57,5495.668779940447,1125.558611215391,,,,1521.0,29.364
8638,3,58,5496.668779940447,1126.558611215391,,,,1519.0,29.349
8639,3,59,5497.668779940447,1127.558611215391,,,,1518.0,29.332
8640,3,60,5498.668779940447,1128.558611215391,,,,1516.0,29.314
8641,3,61,5499.668779940447,1129.558611215391,,,,1516.0,29.297
8642,3,62,5500.668779940447,1130.558611215391,,,,1514.0,29.281
8643,3,63,5501.668779940447,1131.558611215391,,,,1513.0,29.264
8644,3,64,5502.668779940447,1132.558611215391,,,,1512.0,29.246
8645,3,65,5503.668779940447,1133.558611215391,,,,1510.0,29.23
8646,3,66,5504.668779940447,1134.558611215391,,,,1508.0,29.213
8647,3,67,5505.668779940447,1135.558611215391,,,,1508.0,29.196
8648,3,68,5506.668779940447,1136.558611215391,,,,1507.0,29.181
8649,3,69,5507.668779940447,1137.558611215391,,,,1506.0,29.166
8650,3,70,5508.668779940447,1138.558611215391,,,,1507.0,29.151
8651,3,71,5509.668779940447,1139.558611215391,,,,1504.0,29.136
8652,3,72,5510.668779940447,1140.558611215391,,,,1504.0,29.121
8653,3,73,5511.668779940447,1141.558611215391,,,,1501.0,29.106
8654,3,74,5512.668779940447,1142.558611215391,,,,1497.0,29.089
8655,3,75,5513.668779940447,1143.558611215391,,,,1496.0,29.072
8656,3,76,5514.668779940447,1144.558611215391,,,,1494.0,29.056
8657,3,77,5515.668779940447,1145.558611215391,,,,1494.0,29.04
8658,3,78,5516.668779940447,1146.558611215391,,,,1493.0,29.023
8659,3,79,5517.668779940447,1147.558611215391,,,,1491.0,29.006
8660,3,80,5518.668779940447,1148.558611215391,,,,1489.0,28.991
8661,3,81,5519.668779940447,1149.558611215391,,,,1488.0,28.973
8662,3,82,5520.668779940447,1150.558611215391,,,,1486.0,28.956
8663,3,83,5521.668779940447,1151.558611215391,,,,1484.0,28.939
8664,3,84,5522.668779940447,1152.558611215391,,,,1482.0,28.922
8665,3,85,5523.668779940447,1153.558611215391,,,,1480.0,28.904
8666,3,86,5524.668779940447,1154.558611215391,,,,1479.0,28.887
8667,3,87,5525.668779940447,1155.558611215391,,,,1478.0,28.87
8668,3,88,5526.668779940447,1156.558611215391,,,,1478.0,28.856
8669,3,89,5527.668779940447,1157.558611215391,,,,1480.0,28.84
8670,3,90,5528.668779940447,1158.558611215391,,,,1478.0,28.826
8671,3,91,5529.668779940447,1159.558611215391,,,,1479.0,28.81
8672,3,92,5530.668779940447,1160.558611215391,,,,1478.0,28.794
8673,3,93,5531.668779940447,1161.558611215391,,,,1477.0,28.778
8674,3,94,5532.668779940447,1162.558611215391,,,,1476.0,28.763
8675,3,95,5533.668779940447,1163.558611215391,,,,1474.0,28.747
8676,3,96,5534.668779940447,1164.558611215391,,,,1472.0,28.731
8677,3,97,5535.668779940447,1165.558611215391,,,,1469.0,28.715
8678,3,98,5536.668779940447,1166.558611215391,,,,1469.0,28.702
8679,3,99,5537.668779940447,1167.558611215391,,,,1468.0,28.688
8680,3,100,5538.668779940447,1168.558611215391,,,,1468.0,28.676
8681,3,101,5539.668779940447,1169.558611215391,,,,1466.0,28.666
8682,3,102,5540.668779940447,1170.558611215391,,,,1464.0,28.655
8683,3,103,5541.668779940447,1171.558611215391,,,,1462.0,28.646
8684,3,104,5542.668779940447,1172.558611215391,,,,1461.0,28.637
8685,3,105,5543.668779940447,1173.558611215391,,,,1459.0,28.628
8686,3,106,5544.668779940447,1174.558611215391,,,,1457.0,28.619
8687,3,107,5545.668779940447,1175.558611215391,,,,1455.0,28.61
8688,3,108,5546.668779940447,1176.558611215391,,,,1453.0,28.6
8689,3,109,5547.668779940447,1177.558611215391,,,,1450.0,28.589
8690,3,110,5548.668779940447,1178.558611215391,,,,1449.0,28.578
8691,3,111,5549.668779940447,1179.558611215391,,,,1447.0,28.568
8692,3,112,5550.668779940447,1180.558611215391,,,,1444.0,28.557
8693,3,113,5551.668779940447,1181.558611215391,,,,1442.0,28.546
8694,3,114,5552.668779940447,1182.558611215391,,,,1440.0,28.537
8695,3,115,5553.668779940447,1183.558611215391,,,,1439.0,28.528
8696,3,116,5554.668779940447,1184.558611215391,,,,1437.0,28.519
8697,3,117,5555.668779940447,1185.558611215391,,,,1434.0,28.513
8698,3,118,5556.668779940447,1186.558611215391,,,,1432.0,28.506
8699,3,119,5557.668779940447,1187.558611215391,,,,1428.0,28.498
8700,3,120,5558.668779940447,1188.558611215391,,,,1427.0,28.492
8701,3,121,5559.668779940447,1189.558611215391,,,,1424.0,28.486
8702,3,122,5560.668779940447,1190.558611215391,,,,1422.0,28.479
8703,3,123,5561.668779940447,1191.558611215391,,,,1421.0,28.472
8704,3,124,5562.668779940447,1192.558611215391,,,,1420.0,28.467
8705,3,125,5563.668779940447,1193.558611215391,,,,1418.0,28.46
8706,3,126,5564.668779940447,1194.558611215391,,,,1418.0,28.451
8707,3,127,5565.668779940447,1195.558611215391,,,,1416.0,28.445
8708,3,128,5566.668779940447,1196.558611215391,,,,1414.0,28.437
8709,3,129,5567.668779940447,1197.558611215391,,,,1410.0,28.429
8710,3,130,5568.668779940447,1198.558611215391,,,,1407.0,28.422
8711,3,131,5569.668779940447,1199.558611215391,,,,1403.0,28.416
8712,3,132,5570.668779940447,1200.558611215391,,,,1401.0,28.41
8713,3,133,5571.668779940447,1201.558611215391,,,,1397.0,28.403
8714,3,134,5572.668779940447,1202.558611215391,,,,1395.0,28.396
8715,3,135,5573.668779940447,1203.558611215391,,,,1392.0,28.388
8716,3,136,5574.668779940447,1204.558611215391,,,,1390.0,28.382
8717,3,137,5575.668779940447,1205.558611215391,,,,1387.0,28.373
8718,3,138,5576.668779940447,1206.558611215391,,,,1384.0,28.365
8719,3,139,5577.668779940447,1207.558611215391,,,,1382.0,28.357
8720,3,140,5578.668779940447,1208.558611215391,,,,1380.0,28.351
8721,3,141,5579.668779940447,1209.558611215391,,,,1378.0,28.342
8722,3,142,5580.668779940447,1210.558611215391,,,,1376.0,28.336
8723,3,143,5581.668779940447,1211.558611215391,,,,1374.0,28.329
8724,3,144,5582.668779940447,1212.558611215391,,,,1371.0,28.322
8725,3,145,5583.668779940447,1213.558611215391,,,,1368.0,28.316
8726,3,146,5584.668779940447,1214.558611215391,,,,1365.0,28.31
8727,3,147,5585.668779940447,1215.558611215391,,,,1364.0,28.305
8728,3,148,5586.668779940447,1216.558611215391,,,,1363.0,28.301
8729,3,149,5587.668779940447,1217.558611215391,,,,1365.0,28.297
8730,3,150,5588.668779940447,1218.558611215391,,,,1363.0,28.293
8731,3,151,5589.668779940447,1219.558611215391,,,,1365.0,28.29
8732,3,152,5590.668779940447,1220.558611215391,,,,1367.0,28.283
8733,3,153,5591.668779940447,1221.558611215391,,,,1368.0,28.274
8734,3,154,5592.668779940447,1222.558611215391,,,,1369.0,28.266
8735,3,155,5593.668779940447,1223.558611215391,,,,1371.0,28.258
8736,3,156,5594.668779940447,1224.558611215391,,,,1373.0,28.25
8737,3,157,5595.668779940447,1225.558611215391,,,,1372.0,28.245
8738,3,158,5596.668779940447,1226.558611215391,,,,1375.0,28.241
8739,3,159,5597.668779940447,1227.558611215391,,,,1377.0,28.24
8827,3,247,5685.668779940447,1315.558611215391,,,,1459.0,28.239
8828,3,248,5686.668779940447,1316.558611215391,,,,1457.0,28.228
8829,3,249,5687.668779940447,1317.558611215391,,,,1456.0,28.218
8830,3,250,5688.668779940447,1318.558611215391,,,,1456.0,28.206
8831,3,251,5689.668779940447,1319.558611215391,,,,1455.0,28.194
8832,3,252,5690.668779940447,1320.558611215391,,,,1451.0,28.182
8833,3,253,5691.668779940447,1321.558611215391,,,,1449.0,28.17
8834,3,254,5692.668779940447,1322.558611215391,,,,1446.0,28.157
8835,3,255,5693.668779940447,1323.558611215391,,,,1443.0,28.144
8836,3,256,5694.668779940447,1324.558611215391,,,,1441.0,28.13
8837,3,257,5695.668779940447,1325.558611215391,,,,1438.0,28.117
8838,3,258,5696.668779940447,1326.558611215391,,,,1436.0,28.103
8839,3,259,5697.668779940447,1327.558611215391,,,,1432.0,28.087
8840,3,260,5698.668779940447,1328.558611215391,,,,1428.0,28.071
8841,3,261,5699.668779940447,1329.558611215391,,,,1426.0,28.056
8842,3,262,5700.668779940447,1330.558611215391,,,,1422.0,28.041
8843,3,263,5701.668779940447,1331.558611215391,,,,1420.0,28.027
8844,3,264,5702.668779940447,1332.558611215391,,,,1416.0,28.013
8845,3,265,5703.668779940447,1333.558611215391,,,,1416.0,28.0
8846,3,266,5704.668779940447,1334.558611215391,,,,1416.0,27.989
8847,3,267,5705.668779940447,1335.558611215391,,,,1416.0,27.976
8848,3,268,5706.668779940447,1336.558611215391,,,,1414.0,27.963
8849,3,269,5707.668779940447,1337.558611215391,,,,1413.0,27.951
8850,3,270,5708.668779940447,1338.558611215391,,,,1411.0,27.937
8851,3,271,5709.668779940447,1339.558611215391,,,,1411.0,27.924
8852,3,272,5710.668779940447,1340.558611215391,,,,1411.0,27.909
8853,3,273,5711.668779940447,1341.558611215391,,,,1409.0,27.895
8854,3,274,5712.668779940447,1342.558611215391,,,,1407.0,27.88
8855,3,275,5713.668779940447,1343.558611215391,,,,1404.0,27.865
8856,3,276,5714.668779940447,1344.558611215391,,,,1401.0,27.848
8857,3,277,5715.668779940447,1345.558611215391,,,,1399.0,27.833
8858,3,278,5716.668779940447,1346.558611215391,,,,1398.0,27.817
8859,3,279,5717.668779940447,1347.558611215391,,,,1397.0,27.8
8860,3,280,5718.668779940447,1348.558611215391,,,,1396.0,27.784
8861,3,281,5719.668779940447,1349.558611215391,,,,1395.0,27.766
8862,3,282,5720.668779940447,1350.558611215391,,,,1392.0,27.749
8863,3,283,5721.668779940447,1351.558611215391,,,,1392.0,27.732
8864,3,284,5722.668779940447,1352.558611215391,,,,1394.0,27.714
8865,3,285,5723.668779940447,1353.558611215391,,,,1392.0,27.697
8866,3,286,5724.668779940447,1354.558611215391,,,,1391.0,27.681
8867,3,287,5725.668779940447,1355.558611215391,,,,1393.0,27.666
8868,3,288,5726.668779940447,1356.558611215391,,,,1395.0,27.652
8869,3,289,5727.668779940447,1357.558611215391,,,,1394.0,27.636
8870,3,290,5728.668779940447,1358.558611215391,,,,1392.0,27.62
8871,3,291,5729.668779940447,1359.558611215391,,,,1391.0,27.603
8872,3,292,5730.668779940447,1360.558611215391,,,,1388.0,27.587
8873,3,293,5731.668779940447,1361.558611215391,,,,1387.0,27.572
8874,3,294,5732.668779940447,1362.558611215391,,,,1385.0,27.556
8875,3,295,5733.668779940447,1363.558611215391,,,,1386.0,27.542
8876,3,296,5734.668779940447,1364.558611215391,,,,1388.0,27.531
8877,3,297,5735.668779940447,1365.558611215391,,,,1388.0,27.518
8878,3,298,5736.668779940447,1366.558611215391,,,,1388.0,27.504
8879,3,299,5737.668779940447,1367.558611215391,,,,1385.0,27.492
8880,3,300,5738.668779940447,1368.558611215391,,,,1384.0,27.478
8881,3,301,5739.668779940447,1369.558611215391,,,,1383.0,27.464
8882,3,302,5740.668779940447,1370.558611215391,,,,1386.0,27.453
8883,3,303,5741.668779940447,1371.558611215391,,,,1385.0,27.439
8884,3,304,5742.668779940447,1372.558611215391,,,,1387.0,27.427
8885,3,305,5743.668779940447,1373.558611215391,,,,1386.0,27.413
8886,3,306,5744.668779940447,1374.558611215391,,,,1386.0,27.4
8887,3,307,5745.668779940447,1375.558611215391,,,,1386.0,27.384
8888,3,308,5746.668779940447,1376.558611215391,,,,1385.0,27.37
8889,3,309,5747.668779940447,1377.558611215391,,,,1385.0,27.354
8890,3,310,5748.668779940447,1378.558611215391,,,,1385.0,27.338
8891,3,311,5749.668779940447,1379.558611215391,,,,1384.0,27.323
8892,3,312,5750.668779940447,1380.558611215391,,,,1387.0,27.309
8893,3,313,5751.668779940447,1381.558611215391,,,,1389.0,27.295
8894,3,314,5752.668779940447,1382.558611215391,,,,1390.0,27.284
8895,3,315,5753.668779940447,1383.558611215391,,,,1393.0,27.273
8896,3,316,5754.668779940447,1384.558611215391,,,,1394.0,27.263
8897,3,317,5755.668779940447,1385.558611215391,,,,1395.0,27.253
8898,3,318,5756.668779940447,1386.558611215391,,,,1393.0,27.244
8899,3,319,5757.668779940447,1387.558611215391,,,,1392.0,27.236
8900,3,320,5758.668779940447,1388.558611215391,,,,1391.0,27.229
8901,3,321,5759.668779940447,1389.558611215391,,,,1391.0,27.222
8902,3,322,5760.668779940447,1390.558611215391,,,,1393.0,27.215
8903,3,323,5761.668779940447,1391.558611215391,,,,1397.0,27.211
8904,3,324,5762.668779940447,1392.558611215391,,,,1399.0,27.209
8932,3,352,5790.668779940447,1420.558611215391,,,,1435.0,27.198
8933,3,353,5791.668779940447,1421.558611215391,,,,1435.0,27.185
8934,3,354,5792.668779940447,1422.558611215391,,,,1434.0,27.173
8935,3,355,5793.668779940447,1423.558611215391,,,,1434.0,27.16
8936,3,356,5794.668779940447,1424.558611215391,,,,1433.0,27.147
8937,3,357,5795.668779940447,1425.558611215391,,,,1433.0,27.133
8938,3,358,5796.668779940447,1426.558611215391,,,,1433.0,27.119
8939,3,359,5797.668779940447,1427.558611215391,,,,1436.0,27.104
8940,3,360,5798.668779940447,1428.558611215391,,,,1437.0,27.091
8941,3,361,5799.668779940447,1429.558611215391,,,,1439.0,27.079
8942,3,362,5800.668779940447,1430.558611215391,,,,1442.0,27.067
8943,3,363,5801.668779940447,1431.558611215391,,,,1442.0,27.056
8944,3,364,5802.668779940447,1432.558611215391,,,,1440.0,27.043
8945,3,365,5803.668779940447,1433.558611215391,,,,1438.0,27.03
8946,3,366,5804.668779940447,1434.558611215391,,,,1436.0,27.017
8947,3,367,5805.668779940447,1435.558611215391,,,,1434.0,27.003
8948,3,368,5806.668779940447,1436.558611215391,,,,1434.0,26.988
8949,3,369,5807.668779940447,1437.558611215391,,,,1432.0,26.974
8950,3,370,5808.668779940447,1438.558611215391,,,,1430.0,26.959
8951,3,371,5809.668779940447,1439.558611215391,,,,1430.0,26.943
8952,3,372,5810.668779940447,1440.558611215391,,,,1428.0,26.928
8953,3,373,5811.668779940447,1441.558611215391,,,,1427.0,26.915
8954,3,374,5812.668779940447,1442.558611215391,,,,1424.0,26.902
8955,3,375,5813.668779940447,1443.558611215391,,,,1422.0,26.887
8956,3,376,5814.668779940447,1444.558611215391,,,,1420.0,26.872
8957,3,377,5815.668779940447,1445.558611215391,,,,1418.0,26.857
8958,3,378,5816.668779940447,1446.558611215391,,,,1419.0,26.844
8959,3,379,5817.668779940447,1447.558611215391,,,,1420.0,26.832
8960,3,380,5818.668779940447,1448.558611215391,,,,1421.0,26.819
8961,3,381,5819.668779940447,1449.558611215391,,,,1421.0,26.808
8962,3,382,5820.668779940447,1450.558611215391,,,,1422.0,26.796
8963,3,383,5821.668779940447,1451.558611215391,,,,1422.0,26.783
8964,3,384,5822.668779940447,1452.558611215391,,,,1424.0,26.77
8965,3,385,5823.668779940447,1453.558611215391,,,,1425.0,26.756
8966,3,386,5824.668779940447,1454.558611215391,,,,1427.0,26.743
8967,3,387,5825.668779940447,1455.558611215391,,,,1430.0,26.732
8968,3,388,5826.668779940447,1456.558611215391,,,,1430.0,26.724
8969,3,389,5827.668779940447,1457.558611215391,,,,1433.0,26.717
8970,3,390,5828.668779940447,1458.558611215391,,,,1433.0,26.713
8971,3,391,5829.668779940447,1459.558611215391,,,,1434.0,26.709
8973,3,393,5831.668779940447,1461.558611215391,,,,1436.0,26.706
8974,3,394,5832.668779940447,1462.558611215391,,,,1437.0,26.702
8975,3,395,5833.668779940447,1463.558611215391,,,,1438.0,26.694
8976,3,396,5834.668779940447,1464.558611215391,,,,1441.0,26.683
8977,3,397,5835.668779940447,1465.558611215391,,,,1441.0,26.669
8978,3,398,5836.668779940447,1466.558611215391,,,,1444.0,26.654
8979,3,399,5837.668779940447,1467.558611215391,,,,1447.0,26.639
8980,3,400,5838.668779940447,1468.558611215391,,,,1451.0,26.629
8981,3,401,5839.668779940447,1469.558611215391,,,,1456.0,26.624
9174,3,594,6032.668779940447,1662.558611215391,,,,1841.0,26.615
9175,3,595,6033.668779940447,1663.558611215391,,,,1842.0,26.601
9176,3,596,6034.668779940447,1664.558611215391,,,,1840.0,26.588
9177,3,597,6035.668779940447,1665.558611215391,,,,1836.0,26.575
9178,3,598,6036.668779940447,1666.558611215391,,,,1837.0,26.562
9179,3,599,6037.668779940447,1667.558611215391,,,,1834.0,26.548
9180,3,600,6038.668779940447,1668.558611215391,,,,1832.0,26.535
9181,3,601,6039.668779940447,1669.558611215391,,,,1830.0,26.52
9182,3,602,6040.668779940447,1670.558611215391,,,,1829.0,26.504
9183,3,603,6041.668779940447,1671.558611215391,,,,1829.0,26.489
9184,3,604,6042.668779940447,1672.558611215391,,,,1827.0,26.475
9185,3,605,6043.668779940447,1673.558611215391,,,,1827.0,26.459
9186,3,606,6044.668779940447,1674.558611215391,,,,1826.0,26.444
9187,3,607,6045.668779940447,1675.558611215391,,,,1825.0,26.428
9188,3,608,6046.668779940447,1676.558611215391,,,,1822.0,26.409
9189,3,609,6047.668779940447,1677.558611215391,,,,1820.0,26.391
9190,3,610,6048.668779940447,1678.558611215391,,,,1817.0,26.374
9191,3,611,6049.668779940447,1679.558611215391,,,,1816.0,26.357
9192,3,612,6050.668779940447,1680.558611215391,,,,1816.0,26.341
9193,3,613,6051.668779940447,1681.558611215391,,,,1820.0,26.326
9194,3,614,6052.668779940447,1682.558611215391,,,,1817.0,26.312
9195,3,615,6053.668779940447,1683.558611215391,,,,1820.0,26.296
9196,3,616,6054.668779940447,1684.558611215391,,,,1818.0,26.282
9197,3,617,6055.668779940447,1685.558611215391,,,,1819.0,26.264
9198,3,618,6056.668779940447,1686.558611215391,,,,1814.0,26.246
9199,3,619,6057.668779940447,1687.558611215391,,,,1810.0,26.229
9200,3,620,6058.668779940447,1688.558611215391,,,,1810.0,26.212
9201,3,621,6059.668779940447,1689.558611215391,,,,1809.0,26.197
9202,3,622,6060.668779940447,1690.558611215391,,,,1809.0,26.183
9203,3,623,6061.668779940447,1691.558611215391,,,,1811.0,26.17
9204,3,624,6062.668779940447,1692.558611215391,,,,1810.0,26.157
9205,3,625,6063.668779940447,1693.558611215391,,,,1807.0,26.143
9206,3,626,6064.668779940447,1694.558611215391,,,,1805.0,26.127
9207,3,627,6065.668779940447,1695.558611215391,,,,1804.0,26.111
9208,3,628,6066.668779940447,1696.558611215391,,,,1802.0,26.094
9209,3,629,6067.668779940447,1697.558611215391,,,,1800.0,26.074
9210,3,630,6068.668779940447,1698.558611215391,,,,1799.0,26.056
9211,3,631,6069.668779940447,1699.558611215391,,,,1799.0,26.038
9212,3,632,6070.668779940447,1700.558611215391,,,,1797.0,26.02
9213,3,633,6071.668779940447,1701.558611215391,,,,1795.0,26.001
9214,3,634,6072.668779940447,1702.558611215391,,,,1794.0,25.984
9215,3,635,6073.668779940447,1703.558611215391,,,,1793.0,25.965
9216,3,636,6074.668779940447,1704.558611215391,,,,1792.0,25.947
9217,3,637,6075.668779940447,1705.558611215391,,,,1789.0,25.93
9218,3,638,6076.668779940447,1706.558611215391,,,,1788.0,25.913
9219,3,639,6077.668779940447,1707.558611215391,,,,1787.0,25.896
9220,3,640,6078.668779940447,1708.558611215391,,,,1787.0,25.879
9221,3,641,6079.668779940447,1709.558611215391,,,,1786.0,25.861
9222,3,642,6080.668779940447,1710.558611215391,,,,1785.0,25.845
9223,3,643,6081.668779940447,1711.558611215391,,,,1784.0,25.829
9224,3,644,6082.668779940447,1712.558611215391,,,,1785.0,25.812
9225,3,645,6083.668779940447,1713.558611215391,,,,1783.0,25.796
9226,3,646,6084.668779940447,1714.558611215391,,,,1783.0,25.779
9227,3,647,6085.668779940447,1715.558611215391,,,,1781.0,25.761
9228,3,648,6086.668779940447,1716.558611215391,,,,1778.0,25.744
9229,3,649,6087.668779940447,1717.558611215391,,,,1775.0,25.725
9230,3,650,6088.668779940447,1718.558611215391,,,,1772.0,25.708
9231,3,651,6089.668779940447,1719.558611215391,,,,1771.0,25.689
9232,3,652,6090.668779940447,1720.558611215391,,,,1770.0,25.672
9233,3,653,6091.668779940447,1721.558611215391,,,,1767.0,25.654
9234,3,654,6092.668779940447,1722.558611215391,,,,1767.0,25.639
9235,3,655,6093.668779940447,1723.558611215391,,,,1766.0,25.624
9236,3,656,6094.668779940447,1724.558611215391,,,,1763.0,25.609
9237,3,657,6095.668779940447,1725.558611215391,,,,1759.0,25.593
9238,3,658,6096.668779940447,1726.558611215391,,,,1758.0,25.577
9239,3,659,6097.668779940447,1727.558611215391,,,,1755.0,25.56
9240,3,660,6098.668779940447,1728.558611215391,,,,1751.0,25.544
9241,3,661,6099.668779940447,1729.558611215391,,,,1750.0,25.527
9242,3,662,6100.668779940447,1730.558611215391,,,,1747.0,25.508
9243,3,663,6101.668779940447,1731.558611215391,,,,1745.0,25.489
9244,3,664,6102.668779940447,1732.558611215391,,,,1744.0,25.473
9245,3,665,6103.668779940447,1733.558611215391,,,,1742.0,25.456
9246,3,666,6104.668779940447,1734.558611215391,,,,1741.0,25.439
9247,3,667,6105.668779940447,1735.558611215391,,,,1739.0,25.424
9248,3,668,6106.668779940447,1736.558611215391,,,,1738.0,25.408
9249,3,669,6107.668779940447,1737.558611215391,,,,1736.0,25.392
9250,3,670,6108.668779940447,1738.558611215391,,,,1734.0,25.376
9251,3,671,6109.668779940447,1739.558611215391,,,,1733.0,25.361
9252,3,672,6110.668779940447,1740.558611215391,,,,1731.0,25.345
9253,3,673,6111.668779940447,1741.558611215391,,,,1730.0,25.328
9254,3,674,6112.668779940447,1742.558611215391,,,,1729.0,25.311
9255,3,675,6113.668779940447,1743.558611215391,,,,1728.0,25.294
9256,3,676,6114.668779940447,1744.558611215391,,,,1725.0,25.276
9257,3,677,6115.668779940447,1745.558611215391,,,,1724.0,25.26
9258,3,678,6116.668779940447,1746.558611215391,,,,1723.0,25.244
9259,3,679,6117.668779940447,1747.558611215391,,,,1721.0,25.229
9260,3,680,6118.668779940447,1748.558611215391,,,,1720.0,25.213
9261,3,681,6119.668779940447,1749.558611215391,,,,1718.0,25.198
9262,3,682,6120.668779940447,1750.558611215391,,,,1716.0,25.183
9263,3,683,6121.668779940447,1751.558611215391,,,,1715.0,25.166
9264,3,684,6122.668779940447,1752.558611215391,,,,1715.0,25.151
9265,3,685,6123.668779940447,1753.558611215391,,,,1713.0,25.136
9266,3,686,6124.668779940447,1754.558611215391,,,,1711.0,25.122
9267,3,687,6125.668779940447,1755.558611215391,,,,1709.0,25.107
9268,3,688,6126.668779940447,1756.558611215391,,,,1706.0,25.09
9269,3,689,6127.668779940447,1757.558611215391,,,,1704.0,25.072
9270,3,690,6128.668779940447,1758.558611215391,,,,1701.0,25.054
9271,3,691,6129.668779940447,1759.558611215391,,,,1698.0,25.035
9272,3,692,6130.668779940447,1760.558611215391,,,,1696.0,25.016
9273,3,693,6131.668779940447,1761.558611215391,,,,1695.0,24.998
9274,3,694,6132.668779940447,1762.558611215391,,,,1692.0,24.982
9275,3,695,6133.668779940447,1763.558611215391,,,,1690.0,24.964
9276,3,696,6134.668779940447,1764.558611215391,,,,1687.0,24.946
9277,3,697,6135.668779940447,1765.558611215391,,,,1685.0,24.929
9278,3,698,6136.668779940447,1766.558611215391,,,,1683.0,24.911
9279,3,699,6137.668779940447,1767.558611215391,,,,1681.0,24.893
9280,3,700,6138.668779940447,1768.558611215391,,,,1679.0,24.875
9281,3,701,6139.668779940447,1769.558611215391,,,,1678.0,24.858
9282,3,702,6140.668779940447,1770.558611215391,,,,1677.0,24.841
9283,3,703,6141.668779940447,1771.558611215391,,,,1675.0,24.824
9284,3,704,6142.668779940447,1772.558611215391,,,,1673.0,24.808
9285,3,705,6143.668779940447,1773.558611215391,,,,1672.0,24.791
9286,3,706,6144.668779940447,1774.558611215391,,,,1668.0,24.773
9287,3,707,6145.668779940447,1775.558611215391,,,,1666.0,24.756
9288,3,708,6146.668779940447,1776.558611215391,,,,1663.0,24.738
9289,3,709,6147.668779940447,1777.558611215391,,,,1661.0,24.721
9290,3,710,6148.668779940447,1778.558611215391,,,,1659.0,24.704
9291,3,711,6149.668779940447,1779.558611215391,,,,1658.0,24.687
9292,3,712,6150.668779940447,1780.558611215391,,,,1658.0,24.671
9293,3,713,6151.668779940447,1781.558611215391,,,,1655.0,24.654
9294,3,714,6152.668779940447,1782.558611215391,,,,1653.0,24.639
9295,3,715,6153.668779940447,1783.558611215391,,,,1650.0,24.622
9296,3,716,6154.668779940447,1784.558611215391,,,,1648.0,24.605
9297,3,717,6155.668779940447,1785.558611215391,,,,1647.0,24.589
9298,3,718,6156.668779940447,1786.558611215391,,,,1646.0,24.573
9299,3,719,6157.668779940447,1787.558611215391,,,,1646.0,24.557
9300,3,720,6158.668779940447,1788.558611215391,,,,1644.0,24.539
9301,3,721,6159.668779940447,1789.558611215391,,,,1643.0,24.521
9302,3,722,6160.668779940447,1790.558611215391,,,,1640.0,24.502
9303,3,723,6161.668779940447,1791.558611215391,,,,1638.0,24.484
9304,3,724,6162.668779940447,1792.558611215391,,,,1636.0,24.465
9305,3,725,6163.668779940447,1793.558611215391,,,,1634.0,24.447
9306,3,726,6164.668779940447,1794.558611215391,,,,1633.0,24.43
9307,3,727,6165.668779940447,1795.558611215391,,,,1632.0,24.413
9308,3,728,6166.668779940447,1796.558611215391,,,,1631.0,24.398
9309,3,729,6167.668779940447,1797.558611215391,,,,1630.0,24.383
9310,3,730,6168.668779940447,1798.558611215391,,,,1630.0,24.369
9311,3,731,6169.668779940447,1799.558611215391,,,,1628.0,24.353
9312,3,732,6170.668779940447,1800.558611215391,,,,1626.0,24.336
9313,3,733,6171.668779940447,1801.558611215391,,,,1624.0,24.32
9314,3,734,6172.668779940447,1802.558611215391,,,,1622.0,24.304
9315,3,735,6173.668779940447,1803.558611215391,,,,1621.0,24.286
9316,3,736,6174.668779940447,1804.558611215391,,,,1620.0,24.269
9317,3,737,6175.668779940447,1805.558611215391,,,,1619.0,24.252
9318,3,738,6176.668779940447,1806.558611215391,,,,1620.0,24.235
9319,3,739,6177.668779940447,1807.558611215391,,,,1619.0,24.22
9320,3,740,6178.668779940447,1808.558611215391,,,,1620.0,24.205
9321,3,741,6179.668779940447,1809.558611215391,,,,1619.0,24.189
9322,3,742,6180.668779940447,1810.558611215391,,,,1618.0,24.172
9323,3,743,6181.668779940447,1811.558611215391,,,,1615.0,24.157
9324,3,744,6182.668779940447,1812.558611215391,,,,1613.0,24.14
9325,3,745,6183.668779940447,1813.558611215391,,,,1609.0,24.123
9326,3,746,6184.668779940447,1814.558611215391,,,,1609.0,24.107
9327,3,747,6185.668779940447,1815.558611215391,,,,1606.0,24.091
9328,3,748,6186.668779940447,1816.558611215391,,,,1604.0,24.074
9329,3,749,6187.668779940447,1817.558611215391,,,,1602.0,24.058
9330,3,750,6188.668779940447,1818.558611215391,,,,1599.0,24.042
9331,3,751,6189.668779940447,1819.558611215391,,,,1596.0,24.026
9332,3,752,6190.668779940447,1820.558611215391,,,,1594.0,24.008
9333,3,753,6191.668779940447,1821.558611215391,,,,1592.0,23.991
9334,3,754,6192.668779940447,1822.558611215391,,,,1590.0,23.975
9335,3,755,6193.668779940447,1823.558611215391,,,,1589.0,23.958
9336,3,756,6194.668779940447,1824.558611215391,,,,1587.0,23.941
9337,3,757,6195.668779940447,1825.558611215391,,,,1584.0,23.925
9338,3,758,6196.668779940447,1826.558611215391,,,,1581.0,23.909
9339,3,759,6197.668779940447,1827.558611215391,,,,1579.0,23.891
9340,3,760,6198.668779940447,1828.558611215391,,,,1576.0,23.874
9341,3,761,6199.668779940447,1829.558611215391,,,,1574.0,23.856
9342,3,762,6200.668779940447,1830.558611215391,,,,1570.0,23.839
9343,3,763,6201.668779940447,1831.558611215391,,,,1568.0,23.822
9344,3,764,6202.668779940447,1832.558611215391,,,,1566.0,23.806
9345,3,765,6203.668779940447,1833.558611215391,,,,1564.0,23.79
9346,3,766,6204.668779940447,1834.558611215391,,,,1562.0,23.773
9347,3,767,6205.668779940447,1835.558611215391,,,,1558.0,23.757
9348,3,768,6206.668779940447,1836.558611215391,,,,1554.0,23.739
9349,3,769,6207.668779940447,1837.558611215391,,,,1551.0,23.722
9350,3,770,6208.668779940447,1838.558611215391,,,,1549.0,23.704
9351,3,771,6209.668779940447,1839.558611215391,,,,1547.0,23.686
9352,3,772,6210.668779940447,1840.558611215391,,,,1544.0,23.667
9353,3,773,6211.668779940447,1841.558611215391,,,,1541.0,23.648
9354,3,774,6212.668779940447,1842.558611215391,,,,1538.0,23.63
9355,3,775,6213.668779940447,1843.558611215391,,,,1536.0,23.611
9356,3,776,6214.668779940447,1844.558611215391,,,,1531.0,23.595
9357,3,777,6215.668779940447,1845.558611215391,,,,1528.0,23.577
9358,3,778,6216.668779940447,1846.558611215391,,,,1527.0,23.559
9359,3,779,6217.668779940447,1847.558611215391,,,,1523.0,23.541
9360,3,780,6218.668779940447,1848.558611215391,,,,1521.0,23.523
9361,3,781,6219.668779940447,1849.558611215391,,,,1519.0,23.502
9362,3,782,6220.668779940447,1850.558611215391,,,,1515.0,23.482
9363,3,783,6221.668779940447,1851.558611215391,,,,1513.0,23.462
9364,3,784,6222.668779940447,1852.558611215391,,,,1510.0,23.442
9365,3,785,6223.668779940447,1853.558611215391,,,,1506.0,23.422
9366,3,786,6224.668779940447,1854.558611215391,,,,1504.0,23.403
9367,3,787,6225.668779940447,1855.558611215391,,,,1501.0,23.384
9368,3,788,6226.668779940447,1856.558611215391,,,,1499.0,23.367
9369,3,789,6227.668779940447,1857.558611215391,,,,1496.0,23.35
9370,3,790,6228.668779940447,1858.558611215391,,,,1493.0,23.332
9371,3,791,6229.668779940447,1859.558611215391,,,,1492.0,23.315
9372,3,792,6230.668779940447,1860.558611215391,,,,1490.0,23.296
9373,3,793,6231.668779940447,1861.558611215391,,,,1487.0,23.277
9374,3,794,6232.668779940447,1862.558611215391,,,,1484.0,23.259
9375,3,795,6233.668779940447,1863.558611215391,,,,1479.0,23.239
9376,3,796,6234.668779940447,1864.558611215391,,,,1478.0,23.22
9377,3,797,6235.668779940447,1865.558611215391,,,,1476.0,23.2
9378,3,798,6236.668779940447,1866.558611215391,,,,1476.0,23.182
9379,3,799,6237.668779940447,1867.558611215391,,,,1474.0,23.164
9380,3,800,6238.668779940447,1868.558611215391,,,,1474.0,23.148
9381,3,801,6239.668779940447,1869.558611215391,,,,1475.0,23.131
9382,3,802,6240.668779940447,1870.558611215391,,,,1475.0,23.115
9383,3,803,6241.668779940447,1871.558611215391,,,,1473.0,23.097
9384,3,804,6242.668779940447,1872.558611215391,,,,1471.0,23.079
9385,3,805,6243.668779940447,1873.558611215391,,,,1469.0,23.06
9386,3,806,6244.668779940447,1874.558611215391,,,,1466.0,23.042
9387,3,807,6245.668779940447,1875.558611215391,,,,1463.0,23.023
9388,3,808,6246.668779940447,1876.558611215391,,,,1460.0,23.004
9389,3,809,6247.668779940447,1877.558611215391,,,,1457.0,22.986
9390,3,810,6248.668779940447,1878.558611215391,,,,1452.0,22.965
9391,3,811,6249.668779940447,1879.558611215391,,,,1450.0,22.944
9392,3,812,6250.668779940447,1880.558611215391,,,,1447.0,22.923
9393,3,813,6251.668779940447,1881.558611215391,,,,1447.0,22.903
9394,3,814,6252.668779940447,1882.558611215391,,,,1445.0,22.884
9395,3,815,6253.668779940447,1883.558611215391,,,,1444.0,22.865
9396,3,816,6254.668779940447,1884.558611215391,,,,1442.0,22.847
9397,3,817,6255.668779940447,1885.558611215391,,,,1441.0,22.829
9398,3,818,6256.668779940447,1886.558611215391,,,,1439.0,22.811
9399,3,819,6257.668779940447,1887.558611215391,,,,1438.0,22.793
9400,3,820,6258.668779940447,1888.558611215391,,,,1437.0,22.776
9401,3,821,6259.668779940447,1889.558611215391,,,,1436.0,22.756
9402,3,822,6260.668779940447,1890.558611215391,,,,1436.0,22.738
9403,3,823,6261.668779940447,1891.558611215391,,,,1433.0,22.722
9404,3,824,6262.668779940447,1892.558611215391,,,,1431.0,22.704
9405,3,825,6263.668779940447,1893.558611215391,,,,1428.0,22.687
9406,3,826,6264.668779940447,1894.558611215391,,,,1424.0,22.67
9407,3,827,6265.668779940447,1895.558611215391,,,,1421.0,22.652
9408,3,828,6266.668779940447,1896.558611215391,,,,1420.0,22.636
9409,3,829,6267.668779940447,1897.558611215391,,,,1418.0,22.617
9410,3,830,6268.668779940447,1898.558611215391,,,,1417.0,22.601
9411,3,831,6269.668779940447,1899.558611215391,,,,1417.0,22.585
9412,3,832,6270.668779940447,1900.558611215391,,,,1418.0,22.569
9413,3,833,6271.668779940447,1901.558611215391,,,,1417.0,22.552
9414,3,834,6272.668779940447,1902.558611215391,,,,1418.0,22.537
9415,3,835,6273.668779940447,1903.558611215391,,,,1417.0,22.522
9416,3,836,6274.668779940447,1904.558611215391,,,,1415.0,22.507
9417,3,837,6275.668779940447,1905.558611215391,,,,1413.0,22.491
9418,3,838,6276.668779940447,1906.558611215391,,,,1412.0,22.474
9419,3,839,6277.668779940447,1907.558611215391,,,,1411.0,22.455
9420,3,840,6278.668779940447,1908.558611215391,,,,1409.0,22.436
9421,3,841,6279.668779940447,1909.558611215391,,,,1409.0,22.417
9422,3,842,6280.668779940447,1910.558611215391,,,,1407.0,22.397
9423,3,843,6281.668779940447,1911.558611215391,,,,1406.0,22.378
9424,3,844,6282.668779940447,1912.558611215391,,,,1405.0,22.362
9425,3,845,6283.668779940447,1913.558611215391,,,,1405.0,22.346
9426,3,846,6284.668779940447,1914.558611215391,,,,1402.0,22.329
9427,3,847,6285.668779940447,1915.558611215391,,,,1400.0,22.312
9428,3,848,6286.668779940447,1916.558611215391,,,,1397.0,22.295
9429,3,849,6287.668779940447,1917.558611215391,,,,1395.0,22.277
9430,3,850,6288.668779940447,1918.558611215391,,,,1394.0,22.259
9431,3,851,6289.668779940447,1919.558611215391,,,,1393.0,22.241
9432,3,852,6290.668779940447,1920.558611215391,,,,1390.0,22.223
9433,3,853,6291.668779940447,1921.558611215391,,,,1389.0,22.204
9434,3,854,6292.668779940447,1922.558611215391,,,,1386.0,22.185
9435,3,855,6293.668779940447,1923.558611215391,,,,1382.0,22.168
9436,3,856,6294.668779940447,1924.558611215391,,,,1380.0,22.148
9437,3,857,6295.668779940447,1925.558611215391,,,,1378.0,22.13
9438,3,858,6296.668779940447,1926.558611215391,,,,1377.0,22.11
9439,3,859,6297.668779940447,1927.558611215391,,,,1374.0,22.092
9440,3,860,6298.668779940447,1928.558611215391,,,,1371.0,22.075
9441,3,861,6299.668779940447,1929.558611215391,,,,1370.0,22.056
9442,3,862,6300.668779940447,1930.558611215391,,,,1369.0,22.038
9443,3,863,6301.668779940447,1931.558611215391,,,,1365.0,22.02
9444,3,864,6302.668779940447,1932.558611215391,,,,1363.0,22.001
9445,3,865,6303.668779940447,1933.558611215391,,,,1360.0,21.984
9446,3,866,6304.668779940447,1934.558611215391,,,,1358.0,21.965
9447,3,867,6305.668779940447,1935.558611215391,,,,1356.0,21.947
9448,3,868,6306.668779940447,1936.558611215391,,,,1354.0,21.927
9449,3,869,6307.668779940447,1937.558611215391,,,,1352.0,21.908
9450,3,870,6308.668779940447,1938.558611215391,,,,1349.0,21.888
9451,3,871,6309.668779940447,1939.558611215391,,,,1347.0,21.869
9452,3,872,6310.668779940447,1940.558611215391,,,,1345.0,21.848
9453,3,873,6311.668779940447,1941.558611215391,,,,1341.0,21.829
9454,3,874,6312.668779940447,1942.558611215391,,,,1337.0,21.81
9455,3,875,6313.668779940447,1943.558611215391,,,,1335.0,21.79
9456,3,876,6314.668779940447,1944.558611215391,,,,1332.0,21.771
9457,3,877,6315.668779940447,1945.558611215391,,,,1328.0,21.75
9458,3,878,6316.668779940447,1946.558611215391,,,,1324.0,21.731
9459,3,879,6317.668779940447,1947.558611215391,,,,1322.0,21.709
9460,3,880,6318.668779940447,1948.558611215391,,,,1318.0,21.687
9461,3,881,6319.668779940447,1949.558611215391,,,,1314.0,21.668
9462,3,882,6320.668779940447,1950.558611215391,,,,1310.0,21.647
9463,3,883,6321.668779940447,1951.558611215391,,,,1308.0,21.629
9464,3,884,6322.668779940447,1952.558611215391,,,,1305.0,21.608
9465,3,885,6323.668779940447,1953.558611215391,,,,1304.0,21.59
9466,3,886,6324.668779940447,1954.558611215391,,,,1301.0,21.57
9467,3,887,6325.668779940447,1955.558611215391,,,,1299.0,21.552
9468,3,888,6326.668779940447,1956.558611215391,,,,1298.0,21.532
9469,3,889,6327.668779940447,1957.558611215391,,,,1296.0,21.513
9470,3,890,6328.668779940447,1958.558611215391,,,,1291.0,21.493
9471,3,891,6329.668779940447,1959.558611215391,,,,1288.0,21.474
9472,3,892,6330.668779940447,1960.558611215391,,,,1285.0,21.455
9473,3,893,6331.668779940447,1961.558611215391,,,,1283.0,21.436
9474,3,894,6332.668779940447,1962.558611215391,,,,1281.0,21.418
9475,3,895,6333.668779940447,1963.558611215391,,,,1279.0,21.4
9476,3,896,6334.668779940447,1964.558611215391,,,,1279.0,21.383
9477,3,897,6335.668779940447,1965.558611215391,,,,1278.0,21.364
9478,3,898,6336.668779940447,1966.558611215391,,,,1278.0,21.345
9479,3,899,6337.668779940447,1967.558611215391,,,,1274.0,21.324
9480,3,900,6338.668779940447,1968.558611215391,,,,1271.0,21.302
9481,3,901,6339.668779940447,1969.558611215391,,,,1270.0,21.281
9482,3,902,6340.668779940447,1970.558611215391,,,,1268.0,21.259
9483,3,903,6341.668779940447,1971.558611215391,,,,1267.0,21.239
9484,3,904,6342.668779940447,1972.558611215391,,,,1266.0,21.218
9485,3,905,6343.668779940447,1973.558611215391,,,,1265.0,21.198
9486,3,906,6344.668779940447,1974.558611215391,,,,1262.0,21.178
9487,3,907,6345.668779940447,1975.558611215391,,,,1261.0,21.157
9488,3,908,6346.668779940447,1976.558611215391,,,,1260.0,21.14
9489,3,909,6347.668779940447,1977.558611215391,,,,1261.0,21.122
9490,3,910,6348.668779940447,1978.558611215391,,,,1263.0,21.108
9491,3,911,6349.668779940447,1979.558611215391,,,,1265.0,21.095
9492,3,912,6350.668779940447,1980.558611215391,,,,1266.0,21.081
9493,3,913,6351.668779940447,1981.558611215391,,,,1265.0,21.068
9494,3,914,6352.668779940447,1982.558611215391,,,,1265.0,21.053
9495,3,915,6353.668779940447,1983.558611215391,,,,1263.0,21.038
9496,3,916,6354.668779940447,1984.558611215391,,,,1261.0,21.021
9497,3,917,6355.668779940447,1985.558611215391,,,,1260.0,21.005
9498,3,918,6356.668779940447,1986.558611215391,,,,1260.0,20.988
9499,3,919,6357.668779940447,1987.558611215391,,,,1262.0,20.974
9500,3,920,6358.668779940447,1988.558611215391,,,,1262.0,20.958
9501,3,921,6359.668779940447,1989.558611215391,,,,1262.0,20.944
9502,3,922,6360.668779940447,1990.558611215391,,,,1263.0,20.929
9503,3,923,6361.668779940447,1991.558611215391,,,,1263.0,20.916
9504,3,924,6362.668779940447,1992.558611215391,,,,1262.0,20.902
9505,3,925,6363.668779940447,1993.558611215391,,,,1262.0,20.888
9506,3,926,6364.668779940447,1994.558611215391,,,,1261.0,20.874
9507,3,927,6365.668779940447,1995.558611215391,,,,1262.0,20.857
9508,3,928,6366.668779940447,1996.558611215391,,,,1262.0,20.84
9509,3,929,6367.668779940447,1997.558611215391,,,,1261.0,20.823
9510,3,930,6368.668779940447,1998.558611215391,,,,1260.0,20.804
9511,3,931,6369.668779940447,1999.558611215391,,,,1259.0,20.786
9512,3,932,6370.668779940447,2000.558611215391,,,,1260.0,20.769
9513,3,933,6371.668779940447,2001.558611215391,,,,1259.0,20.754
9514,3,934,6372.668779940447,2002.558611215391,,,,1261.0,20.74
9515,3,935,6373.668779940447,2003.558611215391,,,,1262.0,20.727
9516,3,936,6374.668779940447,2004.558611215391,,,,1264.0,20.714
9517,3,937,6375.668779940447,2005.558611215391,,,,1267.0,20.702
9518,3,938,6376.668779940447,2006.558611215391,,,,1269.0,20.689
9519,3,939,6377.668779940447,2007.558611215391,,,,1270.0,20.677
9520,3,940,6378.668779940447,2008.558611215391,,,,1271.0,20.665
9521,3,941,6379.668779940447,2009.558611215391,,,,1273.0,20.653
9522,3,942,6380.668779940447,2010.558611215391,,,,1273.0,20.644
9523,3,943,6381.668779940447,2011.558611215391,,,,1275.0,20.634
9524,3,944,6382.668779940447,2012.558611215391,,,,1278.0,20.626
9525,3,945,6383.668779940447,2013.558611215391,,,,1279.0,20.618
9526,3,946,6384.668779940447,2014.558611215391,,,,1279.0,20.611
9527,3,947,6385.668779940447,2015.558611215391,,,,1278.0,20.602
9528,3,948,6386.668779940447,2016.558611215391,,,,1279.0,20.591
9529,3,949,6387.668779940447,2017.558611215391,,,,1281.0,20.577
9530,3,950,6388.668779940447,2018.558611215391,,,,1283.0,20.563
9531,3,951,6389.668779940447,2019.558611215391,,,,1284.0,20.547
9532,3,952,6390.668779940447,2020.558611215391,,,,1286.0,20.531
9533,3,953,6391.668779940447,2021.558611215391,,,,1288.0,20.515
9534,3,954,6392.668779940447,2022.558611215391,,,,1291.0,20.501
9535,3,955,6393.668779940447,2023.558611215391,,,,1294.0,20.487
9536,3,956,6394.668779940447,2024.558611215391,,,,1296.0,20.473
9537,3,957,6395.668779940447,2025.558611215391,,,,1299.0,20.461
9538,3,958,6396.668779940447,2026.558611215391,,,,1300.0,20.447
9539,3,959,6397.668779940447,2027.558611215391,,,,1301.0,20.432
9540,3,960,6398.668779940447,2028.558611215391,,,,1301.0,20.419
9541,3,961,6399.668779940447,2029.558611215391,,,,1301.0,20.408
9542,3,962,6400.668779940447,2030.558611215391,,,,1303.0,20.396
9543,3,963,6401.668779940447,2031.558611215391,,,,1304.0,20.386
9544,3,964,6402.668779940447,2032.558611215391,,,,1306.0,20.375
9545,3,965,6403.668779940447,2033.558611215391,,,,1307.0,20.364
9546,3,966,6404.668779940447,2034.558611215391,,,,1309.0,20.354
9547,3,967,6405.668779940447,2035.558611215391,,,,1311.0,20.343
9548,3,968,6406.668779940447,2036.558611215391,,,,1312.0,20.332
9549,3,969,6407.668779940447,2037.558611215391,,,,1313.0,20.321
9550,3,970,6408.668779940447,2038.558611215391,,,,1314.0,20.312
9551,3,971,6409.668779940447,2039.558611215391,,,,1315.0,20.302
9552,3,972,6410.668779940447,2040.558611215391,,,,1315.0,20.292
9553,3,973,6411.668779940447,2041.558611215391,,,,1317.0,20.282
9554,3,974,6412.668779940447,2042.558611215391,,,,1318.0,20.273
9555,3,975,6413.668779940447,2043.558611215391,,,,1316.0,20.265
9556,3,976,6414.668779940447,2044.558611215391,,,,1320.0,20.26
9557,3,977,6415.668779940447,2045.558611215391,,,,1321.0,20.256
9558,3,978,6416.668779940447,2046.558611215391,,,,1322.0,20.255
9576,3,996,6434.668779940447,2064.558611215391,,,,1334.0,20.253
9577,3,997,6435.668779940447,2065.558611215391,,,,1334.0,20.239
9578,3,998,6436.668779940447,2066.558611215391,,,,1334.0,20.223
9579,3,999,6437.668779940447,2067.558611215391,,,,1335.0,20.209
9580,3,1000,6438.668779940447,2068.558611215391,,,,1335.0,20.194
9581,3,1001,6439.668779940447,2069.558611215391,,,,1334.0,20.177
9582,3,1002,6440.668779940447,2070.558611215391,,,,1334.0,20.161
9583,3,1003,6441.668779940447,2071.558611215391,,,,1335.0,20.144
9584,3,1004,6442.668779940447,2072.558611215391,,,,1336.0,20.129
9585,3,1005,6443.668779940447,2073.558611215391,,,,1336.0,20.112
9586,3,1006,6444.668779940447,2074.558611215391,,,,1337.0,20.096
9587,3,1007,6445.668779940447,2075.558611215391,,,,1341.0,20.078
9588,3,1008,6446.668779940447,2076.558611215391,,,,1342.0,20.06
9589,3,1009,6447.668779940447,2077.558611215391,,,,1345.0,20.046
9590,3,1010,6448.668779940447,2078.558611215391,,,,1348.0,20.031
9591,3,1011,6449.668779940447,2079.558611215391,,,,1351.0,20.016
9592,3,1012,6450.668779940447,2080.558611215391,,,,1352.0,20.001
9593,3,1013,6451.668779940447,2081.558611215391,,,,1353.0,19.986
9594,3,1014,6452.668779940447,2082.558611215391,,,,1353.0,19.971
9595,3,1015,6453.668779940447,2083.558611215391,,,,1354.0,19.956
9596,3,1016,6454.668779940447,2084.558611215391,,,,1355.0,19.941
9597,3,1017,6455.668779940447,2085.558611215391,,,,1358.0,19.928
9598,3,1018,6456.668779940447,2086.558611215391,,,,1359.0,19.918
9599,3,1019,6457.668779940447,2087.558611215391,,,,1361.0,19.908
9600,3,1020,6458.668779940447,2088.558611215391,,,,1363.0,19.902
9601,3,1021,6459.668779940447,2089.558611215391,,,,1365.0,19.9
9620,3,1040,6478.668779940447,2108.558611215391,,,,1398.0,19.885
9621,3,1041,6479.668779940447,2109.558611215391,,,,1400.0,19.871
9622,3,1042,6480.668779940447,2110.558611215391,,,,1401.0,19.861
9623,3,1043,6481.668779940447,2111.558611215391,,,,1402.0,19.851
9624,3,1044,6482.668779940447,2112.558611215391,,,,1403.0,19.846
9625,3,1045,6483.668779940447,2113.558611215391,,,,1405.0,19.844
9645,3,1065,6503.668779940447,2133.558611215391,,,,1436.0,19.838
9646,3,1066,6504.668779940447,2134.558611215391,,,,1437.0,19.828
9647,3,1067,6505.668779940447,2135.558611215391,,,,1439.0,19.82
9648,3,1068,6506.668779940447,2136.558611215391,,,,1442.0,19.815
9649,3,1069,6507.668779940447,2137.558611215391,,,,1443.0,19.811
9650,3,1070,6508.668779940447,2138.558611215391,,,,1446.0,19.81
9691,3,1111,6549.668779940447,2179.558611215391,,,,1494.0,19.807
9692,3,1112,6550.668779940447,2180.558611215391,,,,1494.0,19.797
9693,3,1113,6551.668779940447,2181.558611215391,,,,1495.0,19.789
9694,3,1114,6552.668779940447,2182.558611215391,,,,1495.0,19.782
9695,3,1115,6553.668779940447,2183.558611215391,,,,1497.0,19.777
9696,3,1116,6554.668779940447,2184.558611215391,,,,1498.0,19.774
9697,3,1117,6555.668779940447,2185.558611215391,,,,1499.0,19.773
9732,3,1152,6590.668779940447,2220.558611215391,,,,1533.0,19.765
9733,3,1153,6591.668779940447,2221.558611215391,,,,1533.0,19.756
9734,3,1154,6592.668779940447,2222.558611215391,,,,1533.0,19.748
9735,3,1155,6593.668779940447,2223.558611215391,,,,1534.0,19.742
9736,3,1156,6594.668779940447,2224.558611215391,,,,1535.0,19.739
9737,3,1157,6595.668779940447,2225.558611215391,,,,1534.0,19.736
9783,3,1203,6641.668779940447,2271.558611215391,,,,1568.0,19.723
9784,3,1204,6642.668779940447,2272.558611215391,,,,1568.0,19.707
9785,3,1205,6643.668779940447,2273.558611215391,,,,1569.0,19.691
9786,3,1206,6644.668779940447,2274.558611215391,,,,1568.0,19.674
9787,3,1207,6645.668779940447,2275.558611215391,,,,1569.0,19.657
9788,3,1208,6646.668779940447,2276.558611215391,,,,1569.0,19.64
9789,3,1209,6647.668779940447,2277.558611215391,,,,1568.0,19.622
9790,3,1210,6648.668779940447,2278.558611215391,,,,1568.0,19.605
9791,3,1211,6649.668779940447,2279.558611215391,,,,1570.0,19.588
9792,3,1212,6650.668779940447,2280.558611215391,,,,1568.0,19.571
9793,3,1213,6651.668779940447,2281.558611215391,,,,1566.0,19.554
9794,3,1214,6652.668779940447,2282.558611215391,,,,1564.0,19.537
9795,3,1215,6653.668779940447,2283.558611215391,,,,1562.0,19.518
9796,3,1216,6654.668779940447,2284.558611215391,,,,1558.0,19.499
9797,3,1217,6655.668779940447,2285.558611215391,,,,1556.0,19.479
9798,3,1218,6656.668779940447,2286.558611215391,,,,1553.0,19.459
9799,3,1219,6657.668779940447,2287.558611215391,,,,1552.0,19.438
9800,3,1220,6658.668779940447,2288.558611215391,,,,1551.0,19.42
9801,3,1221,6659.668779940447,2289.558611215391,,,,1550.0,19.4
9802,3,1222,6660.668779940447,2290.558611215391,,,,1549.0,19.38
9803,3,1223,6661.668779940447,2291.558611215391,,,,1549.0,19.361
9804,3,1224,6662.668779940447,2292.558611215391,,,,1547.0,19.342
9805,3,1225,6663.668779940447,2293.558611215391,,,,1548.0,19.324
9806,3,1226,6664.668779940447,2294.558611215391,,,,1547.0,19.304
9807,3,1227,6665.668779940447,2295.558611215391,,,,1546.0,19.286
9808,3,1228,6666.668779940447,2296.558611215391,,,,1546.0,19.266
9809,3,1229,6667.668779940447,2297.558611215391,,,,1546.0,19.247
9810,3,1230,6668.668779940447,2298.558611215391,,,,1545.0,19.229
9811,3,1231,6669.668779940447,2299.558611215391,,,,1545.0,19.21
9812,3,1232,6670.668779940447,2300.558611215391,,,,1544.0,19.192
9813,3,1233,6671.668779940447,2301.558611215391,,,,1545.0,19.175
9814,3,1234,6672.668779940447,2302.558611215391,,,,1541.0,19.155
9815,3,1235,6673.668779940447,2303.558611215391,,,,1539.0,19.137
9816,3,1236,6674.668779940447,2304.558611215391,,,,1538.0,19.118
9817,3,1237,6675.668779940447,2305.558611215391,,,,1536.0,19.099
9818,3,1238,6676.668779940447,2306.558611215391,,,,1532.0,19.08
9819,3,1239,6677.668779940447,2307.558611215391,,,,1530.0,19.061
9820,3,1240,6678.668779940447,2308.558611215391,,,,1527.0,19.043
9821,3,1241,6679.668779940447,2309.558611215391,,,,1525.0,19.026
9822,3,1242,6680.668779940447,2310.558611215391,,,,1521.0,19.008
9823,3,1243,6681.668779940447,2311.558611215391,,,,1520.0,18.99
9824,3,1244,6682.668779940447,2312.558611215391,,,,1517.0,18.972
9825,3,1245,6683.668779940447,2313.558611215391,,,,1515.0,18.955
9826,3,1246,6684.668779940447,2314.558611215391,,,,1513.0,18.936
9827,3,1247,6685.668779940447,2315.558611215391,,,,1511.0,18.917
9828,3,1248,6686.668779940447,2316.558611215391,,,,1508.0,18.898
9829,3,1249,6687.668779940447,2317.558611215391,,,,1506.0,18.879
9830,3,1250,6688.668779940447,2318.558611215391,,,,1505.0,18.859
9831,3,1251,6689.668779940447,2319.558611215391,,,,1504.0,18.84
9832,3,1252,6690.668779940447,2320.558611215391,,,,1505.0,18.822
9833,3,1253,6691.668779940447,2321.558611215391,,,,1504.0,18.804
9834,3,1254,6692.668779940447,2322.558611215391,,,,1504.0,18.786
9835,3,1255,6693.668779940447,2323.558611215391,,,,1503.0,18.769
9836,3,1256,6694.668779940447,2324.558611215391,,,,1502.0,18.752
9837,3,1257,6695.668779940447,2325.558611215391,,,,1502.0,18.734
9838,3,1258,6696.668779940447,2326.558611215391,,,,1500.0,18.716
9839,3,1259,6697.668779940447,2327.558611215391,,,,1500.0,18.698
9840,3,1260,6698.668779940447,2328.558611215391,,,,1499.0,18.68
9841,3,1261,6699.668779940447,2329.558611215391,,,,1499.0,18.661
9842,3,1262,6700.668779940447,2330.558611215391,,,,1496.0,18.642
9843,3,1263,6701.668779940447,2331.558611215391,,,,1495.0,18.622
9844,3,1264,6702.668779940447,2332.558611215391,,,,1494.0,18.603
9845,3,1265,6703.668779940447,2333.558611215391,,,,1494.0,18.585
9846,3,1266,6704.668779940447,2334.558611215391,,,,1493.0,18.566
9847,3,1267,6705.668779940447,2335.558611215391,,,,1493.0,18.549
9848,3,1268,6706.668779940447,2336.558611215391,,,,1491.0,18.531
9849,3,1269,6707.668779940447,2337.558611215391,,,,1491.0,18.516
9850,3,1270,6708.668779940447,2338.558611215391,,,,1490.0,18.501
9851,3,1271,6709.668779940447,2339.558611215391,,,,1488.0,18.483
9852,3,1272,6710.668779940447,2340.558611215391,,,,1486.0,18.467
9853,3,1273,6711.668779940447,2341.558611215391,,,,1484.0,18.45
9854,3,1274,6712.668779940447,2342.558611215391,,,,1484.0,18.432
9855,3,1275,6713.668779940447,2343.558611215391,,,,1483.0,18.414
9856,3,1276,6714.668779940447,2344.558611215391,,,,1483.0,18.395
9857,3,1277,6715.668779940447,2345.558611215391,,,,1483.0,18.376
9858,3,1278,6716.668779940447,2346.558611215391,,,,1483.0,18.359
9859,3,1279,6717.668779940447,2347.558611215391,,,,1482.0,18.341
9860,3,1280,6718.668779940447,2348.558611215391,,,,1481.0,18.325
9861,3,1281,6719.668779940447,2349.558611215391,,,,1481.0,18.309
9862,3,1282,6720.668779940447,2350.558611215391,,,,1481.0,18.294
9863,3,1283,6721.668779940447,2351.558611215391,,,,1481.0,18.279
9864,3,1284,6722.668779940447,2352.558611215391,,,,1482.0,18.266
9865,3,1285,6723.668779940447,2353.558611215391,,,,1484.0,18.253
9866,3,1286,6724.668779940447,2354.558611215391,,,,1485.0,18.238
9867,3,1287,6725.668779940447,2355.558611215391,,,,1486.0,18.223
9868,3,1288,6726.668779940447,2356.558611215391,,,,1487.0,18.208
9869,3,1289,6727.668779940447,2357.558611215391,,,,1488.0,18.195
9870,3,1290,6728.668779940447,2358.558611215391,,,,1489.0,18.182
9871,3,1291,6729.668779940447,2359.558611215391,,,,1492.0,18.169
9872,3,1292,6730.668779940447,2360.558611215391,,,,1493.0,18.159
9873,3,1293,6731.668779940447,2361.558611215391,,,,1493.0,18.153
9874,3,1294,6732.668779940447,2362.558611215391,,,,1494.0,18.149
9898,3,1318,6756.668779940447,2386.558611215391,,,,1512.0,18.142
9899,3,1319,6757.668779940447,2387.558611215391,,,,1513.0,18.126
9900,3,1320,6758.668779940447,2388.558611215391,,,,1514.0,18.111
9901,3,1321,6759.668779940447,2389.558611215391,,,,1514.0,18.096
9902,3,1322,6760.668779940447,2390.558611215391,,,,1513.0,18.081
9903,3,1323,6761.668779940447,2391.558611215391,,,,1515.0,18.067
9904,3,1324,6762.668779940447,2392.558611215391,,,,1511.0,18.053
9905,3,1325,6763.668779940447,2393.558611215391,,,,1509.0,18.036
9906,3,1326,6764.668779940447,2394.558611215391,,,,1509.0,18.022
9907,3,1327,6765.668779940447,2395.558611215391,,,,1506.0,18.006
9908,3,1328,6766.668779940447,2396.558611215391,,,,1504.0,17.991
9909,3,1329,6767.668779940447,2397.558611215391,,,,1503.0,17.974
9910,3,1330,6768.668779940447,2398.558611215391,,,,1502.0,17.958
9911,3,1331,6769.668779940447,2399.558611215391,,,,1499.0,17.94
9912,3,1332,6770.668779940447,2400.558611215391,,,,1496.0,17.923
9913,3,1333,6771.668779940447,2401.558611215391,,,,1494.0,17.905
9914,3,1334,6772.668779940447,2402.558611215391,,,,1491.0,17.886
9915,3,1335,6773.668779940447,2403.558611215391,,,,1490.0,17.868
9916,3,1336,6774.668779940447,2404.558611215391,,,,1486.0,17.848
9917,3,1337,6775.668779940447,2405.558611215391,,,,1484.0,17.829
9918,3,1338,6776.668779940447,2406.558611215391,,,,1482.0,17.808
9919,3,1339,6777.668779940447,2407.558611215391,,,,1479.0,17.787
9920,3,1340,6778.668779940447,2408.558611215391,,,,1478.0,17.766
9921,3,1341,6779.668779940447,2409.558611215391,,,,1475.0,17.746
9922,3,1342,6780.668779940447,2410.558611215391,,,,1475.0,17.725
9923,3,1343,6781.668779940447,2411.558611215391,,,,1473.0,17.703
9924,3,1344,6782.668779940447,2412.558611215391,,,,1472.0,17.684
9925,3,1345,6783.668779940447,2413.558611215391,,,,1473.0,17.664
9926,3,1346,6784.668779940447,2414.558611215391,,,,1473.0,17.645
9927,3,1347,6785.668779940447,2415.558611215391,,,,1471.0,17.628
9928,3,1348,6786.668779940447,2416.558611215391,,,,1470.0,17.608
9929,3,1349,6787.668779940447,2417.558611215391,,,,1468.0,17.587
9930,3,1350,6788.668779940447,2418.558611215391,,,,1463.0,17.566
9931,3,1351,6789.668779940447,2419.558611215391,,,,1463.0,17.544
9932,3,1352,6790.668779940447,2420.558611215391,,,,1460.0,17.523
9933,3,1353,6791.668779940447,2421.558611215391,,,,1457.0,17.501
9934,3,1354,6792.668779940447,2422.558611215391,,,,1456.0,17.478
9935,3,1355,6793.668779940447,2423.558611215391,,,,1455.0,17.458
9936,3,1356,6794.668779940447,2424.558611215391,,,,1453.0,17.438
9937,3,1357,6795.668779940447,2425.558611215391,,,,1453.0,17.416
9938,3,1358,6796.668779940447,2426.558611215391,,,,1452.0,17.395
9939,3,1359,6797.668779940447,2427.558611215391,,,,1450.0,17.374
9940,3,1360,6798.668779940447,2428.558611215391,,,,1450.0,17.354
9941,3,1361,6799.668779940447,2429.558611215391,,,,1450.0,17.333
9942,3,1362,6800.668779940447,2430.558611215391,,,,1449.0,17.312
9943,3,1363,6801.668779940447,2431.558611215391,,,,1448.0,17.291
9944,3,1364,6802.668779940447,2432.558611215391,,,,1447.0,17.27
9945,3,1365,6803.668779940447,2433.558611215391,,,,1446.0,17.248
9946,3,1366,6804.668779940447,2434.558611215391,,,,1444.0,17.228
9947,3,1367,6805.668779940447,2435.558611215391,,,,1444.0,17.206
9948,3,1368,6806.668779940447,2436.558611215391,,,,1442.0,17.185
9949,3,1369,6807.668779940447,2437.558611215391,,,,1442.0,17.164
9950,3,1370,6808.668779940447,2438.558611215391,,,,1442.0,17.144
9951,3,1371,6809.668779940447,2439.558611215391,,,,1439.0,17.124
9952,3,1372,6810.668779940447,2440.558611215391,,,,1436.0,17.102
9953,3,1373,6811.668779940447,2441.558611215391,,,,1434.0,17.08
9954,3,1374,6812.668779940447,2442.558611215391,,,,1433.0,17.06
9955,3,1375,6813.668779940447,2443.558611215391,,,,1430.0,17.039
9956,3,1376,6814.668779940447,2444.558611215391,,,,1428.0,17.018
9957,3,1377,6815.668779940447,2445.558611215391,,,,1426.0,16.996
9958,3,1378,6816.668779940447,2446.558611215391,,,,1424.0,16.976
9959,3,1379,6817.668779940447,2447.558611215391,,,,1422.0,16.955
9960,3,1380,6818.668779940447,2448.558611215391,,,,1420.0,16.934
9961,3,1381,6819.668779940447,2449.558611215391,,,,1417.0,16.913
9962,3,1382,6820.668779940447,2450.558611215391,,,,1415.0,16.893
9963,3,1383,6821.668779940447,2451.558611215391,,,,1413.0,16.871
9964,3,1384,6822.668779940447,2452.558611215391,,,,1409.0,16.85
9965,3,1385,6823.668779940447,2453.558611215391,,,,1407.0,16.827
9966,3,1386,6824.668779940447,2454.558611215391,,,,1405.0,16.805
9967,3,1387,6825.668779940447,2455.558611215391,,,,1403.0,16.784
9968,3,1388,6826.668779940447,2456.558611215391,,,,1400.0,16.761
9969,3,1389,6827.668779940447,2457.558611215391,,,,1398.0,16.739
9970,3,1390,6828.668779940447,2458.558611215391,,,,1396.0,16.718
9971,3,1391,6829.668779940447,2459.558611215391,,,,1394.0,16.696
9972,3,1392,6830.668779940447,2460.558611215391,,,,1392.0,16.676
9973,3,1393,6831.668779940447,2461.558611215391,,,,1390.0,16.657
9974,3,1394,6832.668779940447,2462.558611215391,,,,1386.0,16.637
9975,3,1395,6833.668779940447,2463.558611215391,,,,1384.0,16.617
9976,3,1396,6834.668779940447,2464.558611215391,,,,1381.0,16.597
9977,3,1397,6835.668779940447,2465.558611215391,,,,1377.0,16.577
9978,3,1398,6836.668779940447,2466.558611215391,,,,1374.0,16.555
9979,3,1399,6837.668779940447,2467.558611215391,,,,1373.0,16.536
9980,3,1400,6838.668779940447,2468.558611215391,,,,1371.0,16.515
9981,3,1401,6839.668779940447,2469.558611215391,,,,1369.0,16.497
9982,3,1402,6840.668779940447,2470.558611215391,,,,1368.0,16.478
9983,3,1403,6841.668779940447,2471.558611215391,,,,1368.0,16.46
9984,3,1404,6842.668779940447,2472.558611215391,,,,1367.0,16.442
9985,3,1405,6843.668779940447,2473.558611215391,,,,1364.0,16.424
9986,3,1406,6844.668779940447,2474.558611215391,,,,1362.0,16.405
9987,3,1407,6845.668779940447,2475.558611215391,,,,1359.0,16.385
9988,3,1408,6846.668779940447,2476.558611215391,,,,1354.0,16.365
9989,3,1409,6847.668779940447,2477.558611215391,,,,1353.0,16.345
9990,3,1410,6848.668779940447,2478.558611215391,,,,1350.0,16.325
9991,3,1411,6849.668779940447,2479.558611215391,,,,1348.0,16.305
9992,3,1412,6850.668779940447,2480.558611215391,,,,1346.0,16.285
9993,3,1413,6851.668779940447,2481.558611215391,,,,1345.0,16.265
9994,3,1414,6852.668779940447,2482.558611215391,,,,1343.0,16.246
9995,3,1415,6853.668779940447,2483.558611215391,,,,1341.0,16.227
9996,3,1416,6854.668779940447,2484.558611215391,,,,1338.0,16.207
9997,3,1417,6855.668779940447,2485.558611215391,,,,1335.0,16.187
9998,3,1418,6856.668779940447,2486.558611215391,,,,1331.0,16.167
9999,3,1419,6857.668779940447,2487.558611215391,,,,1330.0,16.147
10000,3,1420,6858.668779940447,2488.558611215391,,,,1327.0,16.129
10001,3,1421,6859.668779940447,2489.558611215391,,,,1324.0,16.107
10002,3,1422,6860.668779940447,2490.558611215391,,,,1320.0,16.088
10003,3,1423,6861.668779940447,2491.558611215391,,,,1316.0,16.068
10004,3,1424,6862.668779940447,2492.558611215391,,,,1314.0,16.048
10005,3,1425,6863.668779940447,2493.558611215391,,,,1311.0,16.029
10006,3,1426,6864.668779940447,2494.558611215391,,,,1308.0,16.01
10007,3,1427,6865.668779940447,2495.558611215391,,,,1304.0,15.991
10008,3,1428,6866.668779940447,2496.558611215391,,,,1304.0,15.972
10009,3,1429,6867.668779940447,2497.558611215391,,,,1305.0,15.955
10010,3,1430,6868.668779940447,2498.558611215391,,,,1304.0,15.937
10011,3,1431,6869.668779940447,2499.558611215391,,,,1303.0,15.919
10012,3,1432,6870.668779940447,2500.558611215391,,,,1301.0,15.9
10013,3,1433,6871.668779940447,2501.558611215391,,,,1298.0,15.88
10014,3,1434,6872.668779940447,2502.558611215391,,,,1297.0,15.861
10015,3,1435,6873.668779940447,2503.558611215391,,,,1295.0,15.839
10016,3,1436,6874.668779940447,2504.558611215391,,,,1294.0,15.82
10017,3,1437,6875.668779940447,2505.558611215391,,,,1293.0,15.798
10018,3,1438,6876.668779940447,2506.558611215391,,,,1291.0,15.78
10019,3,1439,6877.668779940447,2507.558611215391,,,,1291.0,15.76
10020,3,1440,6878.668779940447,2508.558611215391,,,,1292.0,15.741
10021,3,1441,6879.668779940447,2509.558611215391,,,,1293.0,15.724
10022,3,1442,6880.668779940447,2510.558611215391,,,,1294.0,15.707
10023,3,1443,6881.668779940447,2511.558611215391,,,,1296.0,15.689
10024,3,1444,6882.668779940447,2512.558611215391,,,,1296.0,15.673
10025,3,1445,6883.668779940447,2513.558611215391,,,,1294.0,15.654
10026,3,1446,6884.668779940447,2514.558611215391,,,,1293.0,15.636
10027,3,1447,6885.668779940447,2515.558611215391,,,,1291.0,15.616
10028,3,1448,6886.668779940447,2516.558611215391,,,,1287.0,15.596
10029,3,1449,6887.668779940447,2517.558611215391,,,,1286.0,15.575
10030,3,1450,6888.668779940447,2518.558611215391,,,,1282.0,15.555
10031,3,1451,6889.668779940447,2519.558611215391,,,,1283.0,15.535
10032,3,1452,6890.668779940447,2520.558611215391,,,,1282.0,15.516
10033,3,1453,6891.668779940447,2521.558611215391,,,,1279.0,15.496
10034,3,1454,6892.668779940447,2522.558611215391,,,,1275.0,15.476
10035,3,1455,6893.668779940447,2523.558611215391,,,,1273.0,15.457
10036,3,1456,6894.668779940447,2524.558611215391,,,,1274.0,15.438
10037,3,1457,6895.668779940447,2525.558611215391,,,,1277.0,15.421
10038,3,1458,6896.668779940447,2526.558611215391,,,,1277.0,15.405
10039,3,1459,6897.668779940447,2527.558611215391,,,,1277.0,15.388
10040,3,1460,6898.668779940447,2528.558611215391,,,,1276.0,15.372
10041,3,1461,6899.668779940447,2529.558611215391,,,,1274.0,15.355
10042,3,1462,6900.668779940447,2530.558611215391,,,,1272.0,15.339
10043,3,1463,6901.668779940447,2531.558611215391,,,,1270.0,15.322
10044,3,1464,6902.668779940447,2532.558611215391,,,,1269.0,15.304
10045,3,1465,6903.668779940447,2533.558611215391,,,,1268.0,15.285
10046,3,1466,6904.668779940447,2534.558611215391,,,,1267.0,15.268
10047,3,1467,6905.668779940447,2535.558611215391,,,,1266.0,15.249
10048,3,1468,6906.668779940447,2536.558611215391,,,,1264.0,15.233
10049,3,1469,6907.668779940447,2537.558611215391,,,,1266.0,15.217
10050,3,1470,6908.668779940447,2538.558611215391,,,,1266.0,15.201
10051,3,1471,6909.668779940447,2539.558611215391,,,,1267.0,15.185
10052,3,1472,6910.668779940447,2540.558611215391,,,,1266.0,15.169
10053,3,1473,6911.668779940447,2541.558611215391,,,,1264.0,15.152
10054,3,1474,6912.668779940447,2542.558611215391,,,,1262.0,15.134
10055,3,1475,6913.668779940447,2543.558611215391,,,,1262.0,15.117
10056,3,1476,6914.668779940447,2544.558611215391,,,,1261.0,15.098
10057,3,1477,6915.668779940447,2545.558611215391,,,,1259.0,15.081
10058,3,1478,6916.668779940447,2546.558611215391,,,,1258.0,15.062
10059,3,1479,6917.668779940447,2547.558611215391,,,,1256.0,15.042
10060,3,1480,6918.668779940447,2548.558611215391,,,,1255.0,15.024
10061,3,1481,6919.668779940447,2549.558611215391,,,,1254.0,15.005
10062,3,1482,6920.668779940447,2550.558611215391,,,,1253.0,14.986
10063,3,1483,6921.668779940447,2551.558611215391,,,,1250.0,14.968
10064,3,1484,6922.668779940447,2552.558611215391,,,,1249.0,14.949
10065,3,1485,6923.668779940447,2553.558611215391,,,,1248.0,14.93
10066,3,1486,6924.668779940447,2554.558611215391,,,,1248.0,14.911
10067,3,1487,6925.668779940447,2555.558611215391,,,,1247.0,14.892
10068,3,1488,6926.668779940447,2556.558611215391,,,,1245.0,14.873
10069,3,1489,6927.668779940447,2557.558611215391,,,,1243.0,14.855
10070,3,1490,6928.668779940447,2558.558611215391,,,,1241.0,14.837
10071,3,1491,6929.668779940447,2559.558611215391,,,,1239.0,14.819
10072,3,1492,6930.668779940447,2560.558611215391,,,,1238.0,14.8
10073,3,1493,6931.668779940447,2561.558611215391,,,,1237.0,14.781
10074,3,1494,6932.668779940447,2562.558611215391,,,,1235.0,14.762
10075,3,1495,6933.668779940447,2563.558611215391,,,,1233.0,14.742
10076,3,1496,6934.668779940447,2564.558611215391,,,,1233.0,14.723
10077,3,1497,6935.668779940447,2565.558611215391,,,,1232.0,14.704
10078,3,1498,6936.668779940447,2566.558611215391,,,,1231.0,14.686
10079,3,1499,6937.668779940447,2567.558611215391,,,,1231.0,14.67
10080,3,1500,6938.668779940447,2568.558611215391,,,,1230.0,14.651
10081,3,1501,6939.668779940447,2569.558611215391,,,,1228.0,14.632
10082,3,1502,6940.668779940447,2570.558611215391,,,,1226.0,14.612
10083,3,1503,6941.668779940447,2571.558611215391,,,,1224.0,14.595
10084,3,1504,6942.668779940447,2572.558611215391,,,,1222.0,14.574
10085,3,1505,6943.668779940447,2573.558611215391,,,,1221.0,14.555
10086,3,1506,6944.668779940447,2574.558611215391,,,,1221.0,14.535
10087,3,1507,6945.668779940447,2575.558611215391,,,,1221.0,14.517
10088,3,1508,6946.668779940447,2576.558611215391,,,,1222.0,14.501
10089,3,1509,6947.668779940447,2577.558611215391,,,,1223.0,14.484
10090,3,1510,6948.668779940447,2578.558611215391,,,,1222.0,14.467
10091,3,1511,6949.668779940447,2579.558611215391,,,,1222.0,14.45
10092,3,1512,6950.668779940447,2580.558611215391,,,,1222.0,14.432
10093,3,1513,6951.668779940447,2581.558611215391,,,,1221.0,14.414
10094,3,1514,6952.668779940447,2582.558611215391,,,,1219.0,14.397
10095,3,1515,6953.668779940447,2583.558611215391,,,,1218.0,14.378
10096,3,1516,6954.668779940447,2584.558611215391,,,,1218.0,14.361
10097,3,1517,6955.668779940447,2585.558611215391,,,,1218.0,14.342
10098,3,1518,6956.668779940447,2586.558611215391,,,,1217.0,14.324
10099,3,1519,6957.668779940447,2587.558611215391,,,,1215.0,14.305
10100,3,1520,6958.668779940447,2588.558611215391,,,,1213.0,14.287
10101,3,1521,6959.668779940447,2589.558611215391,,,,1210.0,14.27
10102,3,1522,6960.668779940447,2590.558611215391,,,,1209.0,14.251
10103,3,1523,6961.668779940447,2591.558611215391,,,,1206.0,14.232
10104,3,1524,6962.668779940447,2592.558611215391,,,,1204.0,14.215
10105,3,1525,6963.668779940447,2593.558611215391,,,,1205.0,14.197
10106,3,1526,6964.668779940447,2594.558611215391,,,,1202.0,14.179
10107,3,1527,6965.668779940447,2595.558611215391,,,,1200.0,14.162
10108,3,1528,6966.668779940447,2596.558611215391,,,,1198.0,14.143
10109,3,1529,6967.668779940447,2597.558611215391,,,,1196.0,14.124
10110,3,1530,6968.668779940447,2598.558611215391,,,,1196.0,14.107
10111,3,1531,6969.668779940447,2599.558611215391,,,,1196.0,14.088
10112,3,1532,6970.668779940447,2600.558611215391,,,,1194.0,14.071
10113,3,1533,6971.668779940447,2601.558611215391,,,,1193.0,14.052
10114,3,1534,6972.668779940447,2602.558611215391,,,,1190.0,14.033
10115,3,1535,6973.668779940447,2603.558611215391,,,,1186.0,14.015
10116,3,1536,6974.668779940447,2604.558611215391,,,,1182.0,13.996
10117,3,1537,6975.668779940447,2605.558611215391,,,,1179.0,13.977
10118,3,1538,6976.668779940447,2606.558611215391,,,,1177.0,13.957
10119,3,1539,6977.668779940447,2607.558611215391,,,,1173.0,13.936
10120,3,1540,6978.668779940447,2608.558611215391,,,,1172.0,13.917
10121,3,1541,6979.668779940447,2609.558611215391,,,,1169.0,13.896
10122,3,1542,6980.668779940447,2610.558611215391,,,,1167.0,13.877
10123,3,1543,6981.668779940447,2611.558611215391,,,,1163.0,13.855
10124,3,1544,6982.668779940447,2612.558611215391,,,,1160.0,13.835
10125,3,1545,6983.668779940447,2613.558611215391,,,,1159.0,13.815
10126,3,1546,6984.668779940447,2614.558611215391,,,,1155.0,13.796
10127,3,1547,6985.668779940447,2615.558611215391,,,,1153.0,13.777
10128,3,1548,6986.668779940447,2616.558611215391,,,,1150.0,13.759
10129,3,1549,6987.668779940447,2617.558611215391,,,,1148.0,13.739
10130,3,1550,6988.668779940447,2618.558611215391,,,,1144.0,13.719
10131,3,1551,6989.668779940447,2619.558611215391,,,,1141.0,13.7
10132,3,1552,6990.668779940447,2620.558611215391,,,,1138.0,13.681
10133,3,1553,6991.668779940447,2621.558611215391,,,,1135.0,13.662
10134,3,1554,6992.668779940447,2622.558611215391,,,,1133.0,13.642
10135,3,1555,6993.668779940447,2623.558611215391,,,,1133.0,13.622
10136,3,1556,6994.668779940447,2624.558611215391,,,,1133.0,13.604
10137,3,1557,6995.668779940447,2625.558611215391,,,,1132.0,13.586
10138,3,1558,6996.668779940447,2626.558611215391,,,,1132.0,13.568
10139,3,1559,6997.668779940447,2627.558611215391,,,,1134.0,13.551
10140,3,1560,6998.668779940447,2628.558611215391,,,,1138.0,13.535
10141,3,1561,6999.668779940447,2629.558611215391,,,,1140.0,13.518
10142,3,1562,7000.668779940447,2630.558611215391,,,,1142.0,13.502
10143,3,1563,7001.668779940447,2631.558611215391,,,,1143.0,13.487
10144,3,1564,7002.668779940447,2632.558611215391,,,,1142.0,13.471
10145,3,1565,7003.668779940447,2633.558611215391,,,,1139.0,13.452
10146,3,1566,7004.668779940447,2634.558611215391,,,,1138.0,13.436
10147,3,1567,7005.668779940447,2635.558611215391,,,,1136.0,13.418
10148,3,1568,7006.668779940447,2636.558611215391,,,,1136.0,13.398
10149,3,1569,7007.668779940447,2637.558611215391,,,,1136.0,13.379
10150,3,1570,7008.668779940447,2638.558611215391,,,,1138.0,13.36
10151,3,1571,7009.668779940447,2639.558611215391,,,,1139.0,13.342
10152,3,1572,7010.668779940447,2640.558611215391,,,,1141.0,13.325
10153,3,1573,7011.668779940447,2641.558611215391,,,,1143.0,13.308
10154,3,1574,7012.668779940447,2642.558611215391,,,,1143.0,13.291
10155,3,1575,7013.668779940447,2643.558611215391,,,,1144.0,13.275
10156,3,1576,7014.668779940447,2644.558611215391,,,,1143.0,13.259
10157,3,1577,7015.668779940447,2645.558611215391,,,,1142.0,13.243
10158,3,1578,7016.668779940447,2646.558611215391,,,,1141.0,13.227
10159,3,1579,7017.668779940447,2647.558611215391,,,,1140.0,13.212
10160,3,1580,7018.668779940447,2648.558611215391,,,,1141.0,13.194
10161,3,1581,7019.668779940447,2649.558611215391,,,,1137.0,13.178
10162,3,1582,7020.668779940447,2650.558611215391,,,,1134.0,13.159
10163,3,1583,7021.668779940447,2651.558611215391,,,,1131.0,13.14
10164,3,1584,7022.668779940447,2652.558611215391,,,,1128.0,13.12
10165,3,1585,7023.668779940447,2653.558611215391,,,,1124.0,13.099
10166,3,1586,7024.668779940447,2654.558611215391,,,,1121.0,13.079
10167,3,1587,7025.668779940447,2655.558611215391,,,,1119.0,13.059
10168,3,1588,7026.668779940447,2656.558611215391,,,,1119.0,13.042
10169,3,1589,7027.668779940447,2657.558611215391,,,,1119.0,13.024
10170,3,1590,7028.668779940447,2658.558611215391,,,,1118.0,13.008
10171,3,1591,7029.668779940447,2659.558611215391,,,,1119.0,12.993
10172,3,1592,7030.668779940447,2660.558611215391,,,,1121.0,12.979
10173,3,1593,7031.668779940447,2661.558611215391,,,,1119.0,12.964
10174,3,1594,7032.668779940447,2662.558611215391,,,,1121.0,12.95
10175,3,1595,7033.668779940447,2663.558611215391,,,,1121.0,12.934
10176,3,1596,7034.668779940447,2664.558611215391,,,,1119.0,12.918
10177,3,1597,7035.668779940447,2665.558611215391,,,,1118.0,12.902
10178,3,1598,7036.668779940447,2666.558611215391,,,,1114.0,12.881
10179,3,1599,7037.668779940447,2667.558611215391,,,,1109.0,12.861
10180,3,1600,7038.668779940447,2668.558611215391,,,,1108.0,12.841
10181,3,1601,7039.668779940447,2669.558611215391,,,,1105.0,12.82
10182,3,1602,7040.668779940447,2670.558611215391,,,,1103.0,12.801
10183,3,1603,7041.668779940447,2671.558611215391,,,,1102.0,12.781
10184,3,1604,7042.668779940447,2672.558611215391,,,,1102.0,12.763
10185,3,1605,7043.668779940447,2673.558611215391,,,,1101.0,12.745
10186,3,1606,7044.668779940447,2674.558611215391,,,,1104.0,12.728
10187,3,1607,7045.668779940447,2675.558611215391,,,,1105.0,12.711
10188,3,1608,7046.668779940447,2676.558611215391,,,,1105.0,12.695
10189,3,1609,7047.668779940447,2677.558611215391,,,,1104.0,12.679
10190,3,1610,7048.668779940447,2678.558611215391,,,,1104.0,12.66
10191,3,1611,7049.668779940447,2679.558611215391,,,,1103.0,12.643
10192,3,1612,7050.668779940447,2680.558611215391,,,,1101.0,12.623
10193,3,1613,7051.668779940447,2681.558611215391,,,,1099.0,12.605
10194,3,1614,7052.668779940447,2682.558611215391,,,,1099.0,12.588
10195,3,1615,7053.668779940447,2683.558611215391,,,,1100.0,12.569
10196,3,1616,7054.668779940447,2684.558611215391,,,,1102.0,12.554
10197,3,1617,7055.668779940447,2685.558611215391,,,,1104.0,12.539
10198,3,1618,7056.668779940447,2686.558611215391,,,,1103.0,12.523
10199,3,1619,7057.668779940447,2687.558611215391,,,,1104.0,12.507
10200,3,1620,7058.668779940447,2688.558611215391,,,,1102.0,12.491
10201,3,1621,7059.668779940447,2689.558611215391,,,,1100.0,12.475
10202,3,1622,7060.668779940447,2690.558611215391,,,,1098.0,12.458
10203,3,1623,7061.668779940447,2691.558611215391,,,,1097.0,12.441
10204,3,1624,7062.668779940447,2692.558611215391,,,,1096.0,12.423
10205,3,1625,7063.668779940447,2693.558611215391,,,,1095.0,12.405
10206,3,1626,7064.668779940447,2694.558611215391,,,,1094.0,12.387
10207,3,1627,7065.668779940447,2695.558611215391,,,,1095.0,12.369
10208,3,1628,7066.668779940447,2696.558611215391,,,,1094.0,12.35
10209,3,1629,7067.668779940447,2697.558611215391,,,,1093.0,12.331
10210,3,1630,7068.668779940447,2698.558611215391,,,,1091.0,12.311
10211,3,1631,7069.668779940447,2699.558611215391,,,,1089.0,12.292
10212,3,1632,7070.668779940447,2700.558611215391,,,,1087.0,12.274
10213,3,1633,7071.668779940447,2701.558611215391,,,,1085.0,12.255
10214,3,1634,7072.668779940447,2702.558611215391,,,,1085.0,12.237
10215,3,1635,7073.668779940447,2703.558611215391,,,,1083.0,12.219
10216,3,1636,7074.668779940447,2704.558611215391,,,,1082.0,12.201
10217,3,1637,7075.668779940447,2705.558611215391,,,,1082.0,12.184
10218,3,1638,7076.668779940447,2706.558611215391,,,,1082.0,12.168
10219,3,1639,7077.668779940447,2707.558611215391,,,,1081.0,12.151
10220,3,1640,7078.668779940447,2708.558611215391,,,,1081.0,12.133
10221,3,1641,7079.668779940447,2709.558611215391,,,,1080.0,12.117
10222,3,1642,7080.668779940447,2710.558611215391,,,,1080.0,12.1
10223,3,1643,7081.668779940447,2711.558611215391,,,,1081.0,12.084
10224,3,1644,7082.668779940447,2712.558611215391,,,,1084.0,12.071
10225,3,1645,7083.668779940447,2713.558611215391,,,,1086.0,12.058
10226,3,1646,7084.668779940447,2714.558611215391,,,,1085.0,12.045
10227,3,1647,7085.668779940447,2715.558611215391,,,,1090.0,12.032
10228,3,1648,7086.668779940447,2716.558611215391,,,,1089.0,12.018
10229,3,1649,7087.668779940447,2717.558611215391,,,,1088.0,12.004
10230,3,1650,7088.668779940447,2718.558611215391,,,,1086.0,11.986
10231,3,1651,7089.668779940447,2719.558611215391,,,,1085.0,11.969
10232,3,1652,7090.668779940447,2720.558611215391,,,,1086.0,11.951
10233,3,1653,7091.668779940447,2721.558611215391,,,,1088.0,11.933
10234,3,1654,7092.668779940447,2722.558611215391,,,,1089.0,11.917
10235,3,1655,7093.668779940447,2723.558611215391,,,,1092.0,11.902
10236,3,1656,7094.668779940447,2724.558611215391,,,,1093.0,11.886
10237,3,1657,7095.668779940447,2725.558611215391,,,,1097.0,11.871
10238,3,1658,7096.668779940447,2726.558611215391,,,,1099.0,11.855
10239,3,1659,7097.668779940447,2727.558611215391,,,,1102.0,11.841
10240,3,1660,7098.668779940447,2728.558611215391,,,,1102.0,11.826
10241,3,1661,7099.668779940447,2729.558611215391,,,,1102.0,11.811
10242,3,1662,7100.668779940447,2730.558611215391,,,,1104.0,11.798
10243,3,1663,7101.668779940447,2731.558611215391,,,,1104.0,11.783
10244,3,1664,7102.668779940447,2732.558611215391,,,,1105.0,11.771
10245,3,1665,7103.668779940447,2733.558611215391,,,,1106.0,11.759
10246,3,1666,7104.668779940447,2734.558611215391,,,,1108.0,11.749
10247,3,1667,7105.668779940447,2735.558611215391,,,,1110.0,11.74
10248,3,1668,7106.668779940447,2736.558611215391,,,,1113.0,11.734
10249,3,1669,7107.668779940447,2737.558611215391,,,,1117.0,11.73
10250,3,1670,7108.668779940447,2738.558611215391,,,,1118.0,11.727
10251,3,1671,7109.668779940447,2739.558611215391,,,,1119.0,11.72
10252,3,1672,7110.668779940447,2740.558611215391,,,,1121.0,11.713
10253,3,1673,7111.668779940447,2741.558611215391,,,,1122.0,11.704
10254,3,1674,7112.668779940447,2742.558611215391,,,,1126.0,11.693
10255,3,1675,7113.668779940447,2743.558611215391,,,,1130.0,11.68
10256,3,1676,7114.668779940447,2744.558611215391,,,,1139.0,11.666
10257,3,1677,7115.668779940447,2745.558611215391,,,,1135.0,11.651
10258,3,1678,7116.668779940447,2746.558611215391,,,,1139.0,11.637
10259,3,1679,7117.668779940447,2747.558611215391,,,,1141.0,11.627
10260,3,1680,7118.668779940447,2748.558611215391,,,,1141.0,11.621
10278,3,1698,7136.668779940447,2766.558611215391,,,,1170.0,11.619
10279,3,1699,7137.668779940447,2767.558611215391,,,,1169.0,11.617
10300,3,1720,7158.668779940447,2788.558611215391,,,,1196.0,11.613
10301,3,1721,7159.668779940447,2789.558611215391,,,,1198.0,11.609
10302,3,1722,7160.668779940447,2790.558611215391,,,,1200.0,11.608
10488,3,1908,7346.668779940447,2976.558611215391,,,,1522.0,11.597
10489,3,1909,7347.668779940447,2977.558611215391,,,,1523.0,11.583
10490,3,1910,7348.668779940447,2978.558611215391,,,,1525.0,11.57
10491,3,1911,7349.668779940447,2979.558611215391,,,,1527.0,11.555
10492,3,1912,7350.668779940447,2980.558611215391,,,,1529.0,11.542
10493,3,1913,7351.668779940447,2981.558611215391,,,,1531.0,11.532
10494,3,1914,7352.668779940447,2982.558611215391,,,,1532.0,11.521
10495,3,1915,7353.668779940447,2983.558611215391,,,,1533.0,11.51
10496,3,1916,7354.668779940447,2984.558611215391,,,,1532.0,11.498
10497,3,1917,7355.668779940447,2985.558611215391,,,,1533.0,11.486
10498,3,1918,7356.668779940447,2986.558611215391,,,,1533.0,11.475
10499,3,1919,7357.668779940447,2987.558611215391,,,,1535.0,11.463
10500,3,1920,7358.668779940447,2988.558611215391,,,,1537.0,11.451
10501,3,1921,7359.668779940447,2989.558611215391,,,,1539.0,11.436
10502,3,1922,7360.668779940447,2990.558611215391,,,,1541.0,11.424
10503,3,1923,7361.668779940447,2991.558611215391,,,,1544.0,11.41
10504,3,1924,7362.668779940447,2992.558611215391,,,,1543.0,11.395
10505,3,1925,7363.668779940447,2993.558611215391,,,,1542.0,11.38
10506,3,1926,7364.668779940447,2994.558611215391,,,,1544.0,11.364
10507,3,1927,7365.668779940447,2995.558611215391,,,,1541.0,11.349
10508,3,1928,7366.668779940447,2996.558611215391,,,,1541.0,11.332
10509,3,1929,7367.668779940447,2997.558611215391,,,,1541.0,11.315
10510,3,1930,7368.668779940447,2998.558611215391,,,,1541.0,11.296
10511,3,1931,7369.668779940447,2999.558611215391,,,,1542.0,11.281
10512,3,1932,7370.668779940447,3000.558611215391,,,,1544.0,11.267
10513,3,1933,7371.668779940447,3001.558611215391,,,,1549.0,11.254
10514,3,1934,7372.668779940447,3002.558611215391,,,,1546.0,11.242
10515,3,1935,7373.668779940447,3003.558611215391,,,,1550.0,11.23
10516,3,1936,7374.668779940447,3004.558611215391,,,,1550.0,11.216
10517,3,1937,7375.668779940447,3005.558611215391,,,,1550.0,11.201
10518,3,1938,7376.668779940447,3006.558611215391,,,,1549.0,11.183
10519,3,1939,7377.668779940447,3007.558611215391,,,,1549.0,11.166
10520,3,1940,7378.668779940447,3008.558611215391,,,,1549.0,11.147
10521,3,1941,7379.668779940447,3009.558611215391,,,,1550.0,11.129
10522,3,1942,7380.668779940447,3010.558611215391,,,,1551.0,11.11
10523,3,1943,7381.668779940447,3011.558611215391,,,,1550.0,11.091
10524,3,1944,7382.668779940447,3012.558611215391,,,,1552.0,11.071
10525,3,1945,7383.668779940447,3013.558611215391,,,,1550.0,11.053
10526,3,1946,7384.668779940447,3014.558611215391,,,,1549.0,11.032
10527,3,1947,7385.668779940447,3015.558611215391,,,,1548.0,11.012
10528,3,1948,7386.668779940447,3016.558611215391,,,,1546.0,10.99
10529,3,1949,7387.668779940447,3017.558611215391,,,,1544.0,10.969
10530,3,1950,7388.668779940447,3018.558611215391,,,,1544.0,10.948
10531,3,1951,7389.668779940447,3019.558611215391,,,,1544.0,10.927
10532,3,1952,7390.668779940447,3020.558611215391,,,,1547.0,10.908
10533,3,1953,7391.668779940447,3021.558611215391,,,,1547.0,10.887
10534,3,1954,7392.668779940447,3022.558611215391,,,,1547.0,10.869
10535,3,1955,7393.668779940447,3023.558611215391,,,,1547.0,10.849
10536,3,1956,7394.668779940447,3024.558611215391,,,,1548.0,10.83
10537,3,1957,7395.668779940447,3025.558611215391,,,,1548.0,10.81
10538,3,1958,7396.668779940447,3026.558611215391,,,,1549.0,10.792
10539,3,1959,7397.668779940447,3027.558611215391,,,,1547.0,10.773
10540,3,1960,7398.668779940447,3028.558611215391,,,,1546.0,10.753
10541,3,1961,7399.668779940447,3029.558611215391,,,,1545.0,10.735
10542,3,1962,7400.668779940447,3030.558611215391,,,,1543.0,10.715
10543,3,1963,7401.668779940447,3031.558611215391,,,,1542.0,10.695
10544,3,1964,7402.668779940447,3032.558611215391,,,,1539.0,10.675
10545,3,1965,7403.668779940447,3033.558611215391,,,,1538.0,10.654
10546,3,1966,7404.668779940447,3034.558611215391,,,,1535.0,10.633
10547,3,1967,7405.668779940447,3035.558611215391,,,,1535.0,10.613
10548,3,1968,7406.668779940447,3036.558611215391,,,,1532.0,10.594
10549,3,1969,7407.668779940447,3037.558611215391,,,,1529.0,10.574
10550,3,1970,7408.668779940447,3038.558611215391,,,,1524.0,10.554
10551,3,1971,7409.668779940447,3039.558611215391,,,,1522.0,10.534
10552,3,1972,7410.668779940447,3040.558611215391,,,,1520.0,10.514
10553,3,1973,7411.668779940447,3041.558611215391,,,,1513.0,10.494
10554,3,1974,7412.668779940447,3042.558611215391,,,,1510.0,10.476
10555,3,1975,7413.668779940447,3043.558611215391,,,,1510.0,10.456
10556,3,1976,7414.668779940447,3044.558611215391,,,,1507.0,10.438
10557,3,1977,7415.668779940447,3045.558611215391,,,,1503.0,10.418
10558,3,1978,7416.668779940447,3046.558611215391,,,,1496.0,10.397
10559,3,1979,7417.668779940447,3047.558611215391,,,,1492.0,10.376
10560,3,1980,7418.668779940447,3048.558611215391,,,,1487.0,10.355
10561,3,1981,7419.668779940447,3049.558611215391,,,,1484.0,10.334
10562,3,1982,7420.668779940447,3050.558611215391,,,,1481.0,10.312
10563,3,1983,7421.668779940447,3051.558611215391,,,,1478.0,10.292
10564,3,1984,7422.668779940447,3052.558611215391,,,,1476.0,10.27
10565,3,1985,7423.668779940447,3053.558611215391,,,,1473.0,10.249
10566,3,1986,7424.668779940447,3054.558611215391,,,,1470.0,10.227
10567,3,1987,7425.668779940447,3055.558611215391,,,,1467.0,10.205
10568,3,1988,7426.668779940447,3056.558611215391,,,,1465.0,10.185
10569,3,1989,7427.668779940447,3057.558611215391,,,,1464.0,10.165
10570,3,1990,7428.668779940447,3058.558611215391,,,,1461.0,10.145
10571,3,1991,7429.668779940447,3059.558611215391,,,,1460.0,10.126
10572,3,1992,7430.668779940447,3060.558611215391,,,,1456.0,10.106
10573,3,1993,7431.668779940447,3061.558611215391,,,,1455.0,10.085
10574,3,1994,7432.668779940447,3062.558611215391,,,,1453.0,10.065
10575,3,1995,7433.668779940447,3063.558611215391,,,,1452.0,10.044
10576,3,1996,7434.668779940447,3064.558611215391,,,,1450.0,10.024
10577,3,1997,7435.668779940447,3065.558611215391,,,,1448.0,10.003
10578,3,1998,7436.668779940447,3066.558611215391,,,,1445.0,9.983
10579,3,1999,7437.668779940447,3067.558611215391,,,,1443.0,9.963
10580,3,2000,7438.668779940447,3068.558611215391,,,,1441.0,9.944
10581,3,2001,7439.668779940447,3069.558611215391,,,,1439.0,9.924
10582,3,2002,7440.668779940447,3070.558611215391,,,,1437.0,9.904
10583,3,2003,7441.668779940447,3071.558611215391,,,,1434.0,9.884
10584,3,2004,7442.668779940447,3072.558611215391,,,,1432.0,9.864
10585,3,2005,7443.668779940447,3073.558611215391,,,,1431.0,9.845
10586,3,2006,7444.668779940447,3074.558611215391,,,,1427.0,9.825
10587,3,2007,7445.668779940447,3075.558611215391,,,,1426.0,9.806
10588,3,2008,7446.668779940447,3076.558611215391,,,,1423.0,9.785
10589,3,2009,7447.668779940447,3077.558611215391,,,,1422.0,9.766
10590,3,2010,7448.668779940447,3078.558611215391,,,,1419.0,9.746
10591,3,2011,7449.668779940447,3079.558611215391,,,,1419.0,9.727
10592,3,2012,7450.668779940447,3080.558611215391,,,,1415.0,9.709
10593,3,2013,7451.668779940447,3081.558611215391,,,,1411.0,9.691
10594,3,2014,7452.668779940447,3082.558611215391,,,,1408.0,9.672
10595,3,2015,7453.668779940447,3083.558611215391,,,,1407.0,9.655
10596,3,2016,7454.668779940447,3084.558611215391,,,,1406.0,9.638
10597,3,2017,7455.668779940447,3085.558611215391,,,,1403.0,9.622
10598,3,2018,7456.668779940447,3086.558611215391,,,,1403.0,9.606
10599,3,2019,7457.668779940447,3087.558611215391,,,,1400.0,9.59
10600,3,2020,7458.668779940447,3088.558611215391,,,,1396.0,9.573
10601,3,2021,7459.668779940447,3089.558611215391,,,,1394.0,9.554
10602,3,2022,7460.668779940447,3090.558611215391,,,,1388.0,9.534
10603,3,2023,7461.668779940447,3091.558611215391,,,,1385.0,9.513
10604,3,2024,7462.668779940447,3092.558611215391,,,,1382.0,9.491
10605,3,2025,7463.668779940447,3093.558611215391,,,,1379.0,9.471
10606,3,2026,7464.668779940447,3094.558611215391,,,,1375.0,9.449
10607,3,2027,7465.668779940447,3095.558611215391,,,,1373.0,9.427
10608,3,2028,7466.668779940447,3096.558611215391,,,,1372.0,9.406
10609,3,2029,7467.668779940447,3097.558611215391,,,,1371.0,9.385
10610,3,2030,7468.668779940447,3098.558611215391,,,,1370.0,9.365
10611,3,2031,7469.668779940447,3099.558611215391,,,,1368.0,9.345
10612,3,2032,7470.668779940447,3100.558611215391,,,,1367.0,9.324
10613,3,2033,7471.668779940447,3101.558611215391,,,,1365.0,9.304
10614,3,2034,7472.668779940447,3102.558611215391,,,,1364.0,9.284
10615,3,2035,7473.668779940447,3103.558611215391,,,,1362.0,9.263
10616,3,2036,7474.668779940447,3104.558611215391,,,,1360.0,9.243
10617,3,2037,7475.668779940447,3105.558611215391,,,,1357.0,9.222
10618,3,2038,7476.668779940447,3106.558611215391,,,,1357.0,9.201
10619,3,2039,7477.668779940447,3107.558611215391,,,,1353.0,9.18
10620,3,2040,7478.668779940447,3108.558611215391,,,,1352.0,9.16
10621,3,2041,7479.668779940447,3109.558611215391,,,,1351.0,9.14
10622,3,2042,7480.668779940447,3110.558611215391,,,,1350.0,9.121
10623,3,2043,7481.668779940447,3111.558611215391,,,,1352.0,9.102
10624,3,2044,7482.668779940447,3112.558611215391,,,,1353.0,9.086
10625,3,2045,7483.668779940447,3113.558611215391,,,,1354.0,9.068
10626,3,2046,7484.668779940447,3114.558611215391,,,,1355.0,9.053
10627,3,2047,7485.668779940447,3115.558611215391,,,,1357.0,9.037
10628,3,2048,7486.668779940447,3116.558611215391,,,,1357.0,9.021
10629,3,2049,7487.668779940447,3117.558611215391,,,,1355.0,9.005
10630,3,2050,7488.668779940447,3118.558611215391,,,,1352.0,8.987
10631,3,2051,7489.668779940447,3119.558611215391,,,,1349.0,8.97
10632,3,2052,7490.668779940447,3120.558611215391,,,,1345.0,8.95
10633,3,2053,7491.668779940447,3121.558611215391,,,,1344.0,8.932
10634,3,2054,7492.668779940447,3122.558611215391,,,,1344.0,8.913
10635,3,2055,7493.668779940447,3123.558611215391,,,,1344.0,8.893
10636,3,2056,7494.668779940447,3124.558611215391,,,,1344.0,8.875
10637,3,2057,7495.668779940447,3125.558611215391,,,,1343.0,8.856
10638,3,2058,7496.668779940447,3126.558611215391,,,,1343.0,8.838
10639,3,2059,7497.668779940447,3127.558611215391,,,,1342.0,8.82
10640,3,2060,7498.668779940447,3128.558611215391,,,,1341.0,8.803
10641,3,2061,7499.668779940447,3129.558611215391,,,,1341.0,8.786
10642,3,2062,7500.668779940447,3130.558611215391,,,,1340.0,8.769
10643,3,2063,7501.668779940447,3131.558611215391,,,,1338.0,8.753
10644,3,2064,7502.668779940447,3132.558611215391,,,,1337.0,8.735
10645,3,2065,7503.668779940447,3133.558611215391,,,,1335.0,8.716
10646,3,2066,7504.668779940447,3134.558611215391,,,,1332.0,8.699
10647,3,2067,7505.668779940447,3135.558611215391,,,,1330.0,8.679
10648,3,2068,7506.668779940447,3136.558611215391,,,,1327.0,8.662
10649,3,2069,7507.668779940447,3137.558611215391,,,,1324.0,8.644
10650,3,2070,7508.668779940447,3138.558611215391,,,,1322.0,8.626
10651,3,2071,7509.668779940447,3139.558611215391,,,,1317.0,8.607
10652,3,2072,7510.668779940447,3140.558611215391,,,,1314.0,8.587
10653,3,2073,7511.668779940447,3141.558611215391,,,,1310.0,8.568
10654,3,2074,7512.668779940447,3142.558611215391,,,,1308.0,8.547
10655,3,2075,7513.668779940447,3143.558611215391,,,,1306.0,8.527
10656,3,2076,7514.668779940447,3144.558611215391,,,,1304.0,8.507
10657,3,2077,7515.668779940447,3145.558611215391,,,,1301.0,8.488
10658,3,2078,7516.668779940447,3146.558611215391,,,,1300.0,8.469
10659,3,2079,7517.668779940447,3147.558611215391,,,,1299.0,8.45
10660,3,2080,7518.668779940447,3148.558611215391,,,,1297.0,8.431
10661,3,2081,7519.668779940447,3149.558611215391,,,,1293.0,8.412
10662,3,2082,7520.668779940447,3150.558611215391,,,,1288.0,8.39
10663,3,2083,7521.668779940447,3151.558611215391,,,,1286.0,8.369
10664,3,2084,7522.668779940447,3152.558611215391,,,,1283.0,8.348
10665,3,2085,7523.668779940447,3153.558611215391,,,,1280.0,8.325
10666,3,2086,7524.668779940447,3154.558611215391,,,,1278.0,8.304
10667,3,2087,7525.668779940447,3155.558611215391,,,,1279.0,8.284
10668,3,2088,7526.668779940447,3156.558611215391,,,,1279.0,8.264
10669,3,2089,7527.668779940447,3157.558611215391,,,,1280.0,8.245
10670,3,2090,7528.668779940447,3158.558611215391,,,,1282.0,8.227
10671,3,2091,7529.668779940447,3159.558611215391,,,,1281.0,8.208
10672,3,2092,7530.668779940447,3160.558611215391,,,,1281.0,8.189
10673,3,2093,7531.668779940447,3161.558611215391,,,,1280.0,8.171
10674,3,2094,7532.668779940447,3162.558611215391,,,,1281.0,8.152
10675,3,2095,7533.668779940447,3163.558611215391,,,,1280.0,8.132
10676,3,2096,7534.668779940447,3164.558611215391,,,,1282.0,8.113
10677,3,2097,7535.668779940447,3165.558611215391,,,,1283.0,8.095
10678,3,2098,7536.668779940447,3166.558611215391,,,,1283.0,8.075
10679,3,2099,7537.668779940447,3167.558611215391,,,,1283.0,8.057
10680,3,2100,7538.668779940447,3168.558611215391,,,,1284.0,8.038
10681,3,2101,7539.668779940447,3169.558611215391,,,,1282.0,8.02
10682,3,2102,7540.668779940447,3170.558611215391,,,,1282.0,8.003
10683,3,2103,7541.668779940447,3171.558611215391,,,,1281.0,7.984
10684,3,2104,7542.668779940447,3172.558611215391,,,,1281.0,7.965
10685,3,2105,7543.668779940447,3173.558611215391,,,,1282.0,7.948
10686,3,2106,7544.668779940447,3174.558611215391,,,,1283.0,7.929
10687,3,2107,7545.668779940447,3175.558611215391,,,,1283.0,7.91
10688,3,2108,7546.668779940447,3176.558611215391,,,,1285.0,7.89
10689,3,2109,7547.668779940447,3177.558611215391,,,,1287.0,7.871
10690,3,2110,7548.668779940447,3178.558611215391,,,,1289.0,7.851
10691,3,2111,7549.668779940447,3179.558611215391,,,,1290.0,7.832
10692,3,2112,7550.668779940447,3180.558611215391,,,,1292.0,7.812
10693,3,2113,7551.668779940447,3181.558611215391,,,,1294.0,7.793
10694,3,2114,7552.668779940447,3182.558611215391,,,,1294.0,7.775
10695,3,2115,7553.668779940447,3183.558611215391,,,,1295.0,7.758
10696,3,2116,7554.668779940447,3184.558611215391,,,,1296.0,7.742
10697,3,2117,7555.668779940447,3185.558611215391,,,,1298.0,7.726
10698,3,2118,7556.668779940447,3186.558611215391,,,,1300.0,7.71
10699,3,2119,7557.668779940447,3187.558611215391,,,,1303.0,7.694
10700,3,2120,7558.668779940447,3188.558611215391,,,,1305.0,7.68
10701,3,2121,7559.668779940447,3189.558611215391,,,,1308.0,7.665
10702,3,2122,7560.668779940447,3190.558611215391,,,,1308.0,7.651
10703,3,2123,7561.668779940447,3191.558611215391,,,,1308.0,7.636
10704,3,2124,7562.668779940447,3192.558611215391,,,,1308.0,7.619
10705,3,2125,7563.668779940447,3193.558611215391,,,,1311.0,7.601
10706,3,2126,7564.668779940447,3194.558611215391,,,,1312.0,7.583
10707,3,2127,7565.668779940447,3195.558611215391,,,,1312.0,7.563
10708,3,2128,7566.668779940447,3196.558611215391,,,,1315.0,7.545
10709,3,2129,7567.668779940447,3197.558611215391,,,,1318.0,7.527
10710,3,2130,7568.668779940447,3198.558611215391,,,,1320.0,7.51
10711,3,2131,7569.668779940447,3199.558611215391,,,,1321.0,7.493
10712,3,2132,7570.668779940447,3200.558611215391,,,,1323.0,7.476
10713,3,2133,7571.668779940447,3201.558611215391,,,,1326.0,7.461
10714,3,2134,7572.668779940447,3202.558611215391,,,,1329.0,7.445
10715,3,2135,7573.668779940447,3203.558611215391,,,,1330.0,7.429
10716,3,2136,7574.668779940447,3204.558611215391,,,,1330.0,7.411
10717,3,2137,7575.668779940447,3205.558611215391,,,,1331.0,7.393
10718,3,2138,7576.668779940447,3206.558611215391,,,,1330.0,7.374
10719,3,2139,7577.668779940447,3207.558611215391,,,,1325.0,7.356
10720,3,2140,7578.668779940447,3208.558611215391,,,,1324.0,7.337
10721,3,2141,7579.668779940447,3209.558611215391,,,,1323.0,7.318
10722,3,2142,7580.668779940447,3210.558611215391,,,,1324.0,7.299
10723,3,2143,7581.668779940447,3211.558611215391,,,,1323.0,7.278
10724,3,2144,7582.668779940447,3212.558611215391,,,,1321.0,7.258
10725,3,2145,7583.668779940447,3213.558611215391,,,,1322.0,7.237
10726,3,2146,7584.668779940447,3214.558611215391,,,,1324.0,7.217
10727,3,2147,7585.668779940447,3215.558611215391,,,,1322.0,7.197
10728,3,2148,7586.668779940447,3216.558611215391,,,,1322.0,7.179
10729,3,2149,7587.668779940447,3217.558611215391,,,,1321.0,7.161
10730,3,2150,7588.668779940447,3218.558611215391,,,,1320.0,7.142
10731,3,2151,7589.668779940447,3219.558611215391,,,,1316.0,7.124
10732,3,2152,7590.668779940447,3220.558611215391,,,,1314.0,7.105
10733,3,2153,7591.668779940447,3221.558611215391,,,,1313.0,7.087
10734,3,2154,7592.668779940447,3222.558611215391,,,,1311.0,7.067
10735,3,2155,7593.668779940447,3223.558611215391,,,,1309.0,7.048
10736,3,2156,7594.668779940447,3224.558611215391,,,,1307.0,7.029
10737,3,2157,7595.668779940447,3225.558611215391,,,,1304.0,7.01
10738,3,2158,7596.668779940447,3226.558611215391,,,,1302.0,6.99
10739,3,2159,7597.668779940447,3227.558611215391,,,,1300.0,6.971
10740,3,2160,7598.668779940447,3228.558611215391,,,,1298.0,6.951
10741,3,2161,7599.668779940447,3229.558611215391,,,,1292.0,6.929
10742,3,2162,7600.668779940447,3230.558611215391,,,,1289.0,6.91
10743,3,2163,7601.668779940447,3231.558611215391,,,,1287.0,6.89
10744,3,2164,7602.668779940447,3232.558611215391,,,,1285.0,6.872
10745,3,2165,7603.668779940447,3233.558611215391,,,,1285.0,6.854
10746,3,2166,7604.668779940447,3234.558611215391,,,,1284.0,6.837
10747,3,2167,7605.668779940447,3235.558611215391,,,,1282.0,6.82
10748,3,2168,7606.668779940447,3236.558611215391,,,,1282.0,6.803
10749,3,2169,7607.668779940447,3237.558611215391,,,,1280.0,6.783
10750,3,2170,7608.668779940447,3238.558611215391,,,,1281.0,6.765
10751,3,2171,7609.668779940447,3239.558611215391,,,,1282.0,6.747
10752,3,2172,7610.668779940447,3240.558611215391,,,,1284.0,6.729
10753,3,2173,7611.668779940447,3241.558611215391,,,,1284.0,6.711
10754,3,2174,7612.668779940447,3242.558611215391,,,,1284.0,6.695
10755,3,2175,7613.668779940447,3243.558611215391,,,,1284.0,6.677
10756,3,2176,7614.668779940447,3244.558611215391,,,,1282.0,6.659
10757,3,2177,7615.668779940447,3245.558611215391,,,,1278.0,6.641
10758,3,2178,7616.668779940447,3246.558611215391,,,,1278.0,6.621
10759,3,2179,7617.668779940447,3247.558611215391,,,,1278.0,6.601
10760,3,2180,7618.668779940447,3248.558611215391,,,,1277.0,6.581
10761,3,2181,7619.668779940447,3249.558611215391,,,,1276.0,6.561
10762,3,2182,7620.668779940447,3250.558611215391,,,,1274.0,6.54
10763,3,2183,7621.668779940447,3251.558611215391,,,,1272.0,6.52
10764,3,2184,7622.668779940447,3252.558611215391,,,,1271.0,6.499
10765,3,2185,7623.668779940447,3253.558611215391,,,,1268.0,6.478
10766,3,2186,7624.668779940447,3254.558611215391,,,,1266.0,6.457
10767,3,2187,7625.668779940447,3255.558611215391,,,,1265.0,6.435
10768,3,2188,7626.668779940447,3256.558611215391,,,,1263.0,6.415
10769,3,2189,7627.668779940447,3257.558611215391,,,,1262.0,6.394
10770,3,2190,7628.668779940447,3258.558611215391,,,,1260.0,6.372
10771,3,2191,7629.668779940447,3259.558611215391,,,,1260.0,6.351
10772,3,2192,7630.668779940447,3260.558611215391,,,,1261.0,6.331
10773,3,2193,7631.668779940447,3261.558611215391,,,,1257.0,6.312
10774,3,2194,7632.668779940447,3262.558611215391,,,,1256.0,6.292
10775,3,2195,7633.668779940447,3263.558611215391,,,,1253.0,6.271
10776,3,2196,7634.668779940447,3264.558611215391,,,,1252.0,6.251
10777,3,2197,7635.668779940447,3265.558611215391,,,,1251.0,6.23
10778,3,2198,7636.668779940447,3266.558611215391,,,,1252.0,6.21
10779,3,2199,7637.668779940447,3267.558611215391,,,,1251.0,6.19
10780,3,2200,7638.668779940447,3268.558611215391,,,,1250.0,6.171
10781,3,2201,7639.668779940447,3269.558611215391,,,,1248.0,6.15
10782,3,2202,7640.668779940447,3270.558611215391,,,,1248.0,6.131
10783,3,2203,7641.668779940447,3271.558611215391,,,,1248.0,6.111
10784,3,2204,7642.668779940447,3272.558611215391,,,,1245.0,6.092
10785,3,2205,7643.668779940447,3273.558611215391,,,,1243.0,6.072
10786,3,2206,7644.668779940447,3274.558611215391,,,,1240.0,6.051
10787,3,2207,7645.668779940447,3275.558611215391,,,,1238.0,6.03
10788,3,2208,7646.668779940447,3276.558611215391,,,,1234.0,6.01
10789,3,2209,7647.668779940447,3277.558611215391,,,,1233.0,5.989
10790,3,2210,7648.668779940447,3278.558611215391,,,,1232.0,5.969
10791,3,2211,7649.668779940447,3279.558611215391,,,,1231.0,5.948
10792,3,2212,7650.668779940447,3280.558611215391,,,,1230.0,5.927
10793,3,2213,7651.668779940447,3281.558611215391,,,,1229.0,5.907
10794,3,2214,7652.668779940447,3282.558611215391,,,,1228.0,5.887
10795,3,2215,7653.668779940447,3283.558611215391,,,,1226.0,5.867
10796,3,2216,7654.668779940447,3284.558611215391,,,,1225.0,5.846
10797,3,2217,7655.668779940447,3285.558611215391,,,,1223.0,5.824
10798,3,2218,7656.668779940447,3286.558611215391,,,,1222.0,5.802
10799,3,2219,7657.668779940447,3287.558611215391,,,,1218.0,5.78
10800,3,2220,7658.668779940447,3288.558611215391,,,,1216.0,5.757
10801,3,2221,7659.668779940447,3289.558611215391,,,,1212.0,5.735
10802,3,2222,7660.668779940447,3290.558611215391,,,,1210.0,5.711
10803,3,2223,7661.668779940447,3291.558611215391,,,,1208.0,5.689
10804,3,2224,7662.668779940447,3292.558611215391,,,,1205.0,5.666
10805,3,2225,7663.668779940447,3293.558611215391,,,,1202.0,5.642
10806,3,2226,7664.668779940447,3294.558611215391,,,,1199.0,5.619
10807,3,2227,7665.668779940447,3295.558611215391,,,,1197.0,5.596
10808,3,2228,7666.668779940447,3296.558611215391,,,,1195.0,5.571
10809,3,2229,7667.668779940447,3297.558611215391,,,,1193.0,5.548
10810,3,2230,7668.668779940447,3298.558611215391,,,,1191.0,5.524
10811,3,2231,7669.668779940447,3299.558611215391,,,,1190.0,5.499
10812,3,2232,7670.668779940447,3300.558611215391,,,,1186.0,5.476
10813,3,2233,7671.668779940447,3301.558611215391,,,,1184.0,5.452
10814,3,2234,7672.668779940447,3302.558611215391,,,,1182.0,5.429
10815,3,2235,7673.668779940447,3303.558611215391,,,,1179.0,5.404
10816,3,2236,7674.668779940447,3304.558611215391,,,,1179.0,5.38
10817,3,2237,7675.668779940447,3305.558611215391,,,,1178.0,5.357
10818,3,2238,7676.668779940447,3306.558611215391,,,,1175.0,5.334
10819,3,2239,7677.668779940447,3307.558611215391,,,,1174.0,5.311
10820,3,2240,7678.668779940447,3308.558611215391,,,,1174.0,5.287
10821,3,2241,7679.668779940447,3309.558611215391,,,,1172.0,5.265
10822,3,2242,7680.668779940447,3310.558611215391,,,,1171.0,5.241
10823,3,2243,7681.668779940447,3311.558611215391,,,,1171.0,5.218
10824,3,2244,7682.668779940447,3312.558611215391,,,,1172.0,5.195
10825,3,2245,7683.668779940447,3313.558611215391,,,,1173.0,5.172
10826,3,2246,7684.668779940447,3314.558611215391,,,,1174.0,5.149
10827,3,2247,7685.668779940447,3315.558611215391,,,,1175.0,5.126
10828,3,2248,7686.668779940447,3316.558611215391,,,,1176.0,5.105
10829,3,2249,7687.668779940447,3317.558611215391,,,,1178.0,5.082
10830,3,2250,7688.668779940447,3318.558611215391,,,,1182.0,5.059
10831,3,2251,7689.668779940447,3319.558611215391,,,,1185.0,5.037
10832,3,2252,7690.668779940447,3320.558611215391,,,,1186.0,5.013
10833,3,2253,7691.668779940447,3321.558611215391,,,,1188.0,4.991
10834,3,2254,7692.668779940447,3322.558611215391,,,,1190.0,4.968
10835,3,2255,7693.668779940447,3323.558611215391,,,,1191.0,4.947
10836,3,2256,7694.668779940447,3324.558611215391,,,,1192.0,4.925
10837,3,2257,7695.668779940447,3325.558611215391,,,,1192.0,4.902
10838,3,2258,7696.668779940447,3326.558611215391,,,,1194.0,4.88
10839,3,2259,7697.668779940447,3327.558611215391,,,,1195.0,4.857
10840,3,2260,7698.668779940447,3328.558611215391,,,,1195.0,4.835
10841,3,2261,7699.668779940447,3329.558611215391,,,,1195.0,4.812
10842,3,2262,7700.668779940447,3330.558611215391,,,,1193.0,4.788
10843,3,2263,7701.668779940447,3331.558611215391,,,,1192.0,4.765
10844,3,2264,7702.668779940447,3332.558611215391,,,,1190.0,4.742
10845,3,2265,7703.668779940447,3333.558611215391,,,,1187.0,4.719
10846,3,2266,7704.668779940447,3334.558611215391,,,,1185.0,4.695
10847,3,2267,7705.668779940447,3335.558611215391,,,,1184.0,4.672
10848,3,2268,7706.668779940447,3336.558611215391,,,,1182.0,4.648
10849,3,2269,7707.668779940447,3337.558611215391,,,,1181.0,4.624
10850,3,2270,7708.668779940447,3338.558611215391,,,,1180.0,4.602
10851,3,2271,7709.668779940447,3339.558611215391,,,,1178.0,4.577
10852,3,2272,7710.668779940447,3340.558611215391,,,,1177.0,4.553
10853,3,2273,7711.668779940447,3341.558611215391,,,,1174.0,4.529
10854,3,2274,7712.668779940447,3342.558611215391,,,,1171.0,4.504
10855,3,2275,7713.668779940447,3343.558611215391,,,,1168.0,4.48
10856,3,2276,7714.668779940447,3344.558611215391,,,,1168.0,4.456
10857,3,2277,7715.668779940447,3345.558611215391,,,,1165.0,4.432
10858,3,2278,7716.668779940447,3346.558611215391,,,,1162.0,4.408
10859,3,2279,7717.668779940447,3347.558611215391,,,,1158.0,4.385
10860,3,2280,7718.668779940447,3348.558611215391,,,,1158.0,4.36
10861,3,2281,7719.668779940447,3349.558611215391,,,,1155.0,4.335
10862,3,2282,7720.668779940447,3350.558611215391,,,,1151.0,4.311
10863,3,2283,7721.668779940447,3351.558611215391,,,,1150.0,4.286
10864,3,2284,7722.668779940447,3352.558611215391,,,,1149.0,4.262
10865,3,2285,7723.668779940447,3353.558611215391,,,,1146.0,4.237
10866,3,2286,7724.668779940447,3354.558611215391,,,,1141.0,4.213
10867,3,2287,7725.668779940447,3355.558611215391,,,,1139.0,4.188
10868,3,2288,7726.668779940447,3356.558611215391,,,,1137.0,4.163
10869,3,2289,7727.668779940447,3357.558611215391,,,,1132.0,4.138
10870,3,2290,7728.668779940447,3358.558611215391,,,,1131.0,4.112
10871,3,2291,7729.668779940447,3359.558611215391,,,,1129.0,4.087
10872,3,2292,7730.668779940447,3360.558611215391,,,,1126.0,4.062
10873,3,2293,7731.668779940447,3361.558611215391,,,,1123.0,4.037
10874,3,2294,7732.668779940447,3362.558611215391,,,,1120.0,4.012
10875,3,2295,7733.668779940447,3363.558611215391,,,,1117.0,3.986
10876,3,2296,7734.668779940447,3364.558611215391,,,,1117.0,3.961
10877,3,2297,7735.668779940447,3365.558611215391,,,,1115.0,3.936
10878,3,2298,7736.668779940447,3366.558611215391,,,,1113.0,3.911
10879,3,2299,7737.668779940447,3367.558611215391,,,,1112.0,3.886
10880,3,2300,7738.668779940447,3368.558611215391,,,,1110.0,3.862
10881,3,2301,7739.668779940447,3369.558611215391,,,,1108.0,3.837
10882,3,2302,7740.668779940447,3370.558611215391,,,,1107.0,3.812
10883,3,2303,7741.668779940447,3371.558611215391,,,,1105.0,3.788
10884,3,2304,7742.668779940447,3372.558611215391,,,,1103.0,3.762
10885,3,2305,7743.668779940447,3373.558611215391,,,,1101.0,3.738
10886,3,2306,7744.668779940447,3374.558611215391,,,,1099.0,3.712
10887,3,2307,7745.668779940447,3375.558611215391,,,,1096.0,3.687
10888,3,2308,7746.668779940447,3376.558611215391,,,,1091.0,3.661
10889,3,2309,7747.668779940447,3377.558611215391,,,,1090.0,3.634
10890,3,2310,7748.668779940447,3378.558611215391,,,,1085.0,3.608
10891,3,2311,7749.668779940447,3379.558611215391,,,,1080.0,3.582
10892,3,2312,7750.668779940447,3380.558611215391,,,,1078.0,3.555
10893,3,2313,7751.668779940447,3381.558611215391,,,,1075.0,3.529
10894,3,2314,7752.668779940447,3382.558611215391,,,,1073.0,3.503
10895,3,2315,7753.668779940447,3383.558611215391,,,,1070.0,3.476
10896,3,2316,7754.668779940447,3384.558611215391,,,,1065.0,3.451
10897,3,2317,7755.668779940447,3385.558611215391,,,,1061.0,3.424
10898,3,2318,7756.668779940447,3386.558611215391,,,,1057.0,3.396
10899,3,2319,7757.668779940447,3387.558611215391,,,,1052.0,3.37
10900,3,2320,7758.668779940447,3388.558611215391,,,,1048.0,3.344
10901,3,2321,7759.668779940447,3389.558611215391,,,,1046.0,3.317
10902,3,2322,7760.668779940447,3390.558611215391,,,,1042.0,3.292
10903,3,2323,7761.668779940447,3391.558611215391,,,,1039.0,3.265
10904,3,2324,7762.668779940447,3392.558611215391,,,,1035.0,3.238
10905,3,2325,7763.668779940447,3393.558611215391,,,,1032.0,3.213
10906,3,2326,7764.668779940447,3394.558611215391,,,,1027.0,3.187
10907,3,2327,7765.668779940447,3395.558611215391,,,,1024.0,3.16
10908,3,2328,7766.668779940447,3396.558611215391,,,,1022.0,3.134
10909,3,2329,7767.668779940447,3397.558611215391,,,,1016.0,3.109
10910,3,2330,7768.668779940447,3398.558611215391,,,,1013.0,3.082
10911,3,2331,7769.668779940447,3399.558611215391,,,,1009.0,3.056
10912,3,2332,7770.668779940447,3400.558611215391,,,,1006.0,3.03
10913,3,2333,7771.668779940447,3401.558611215391,,,,1001.0,3.004
10914,3,2334,7772.668779940447,3402.558611215391,,,,997.0,2.977
10915,3,2335,7773.668779940447,3403.558611215391,,,,995.0,2.951
10916,3,2336,7774.668779940447,3404.558611215391,,,,989.0,2.925
10917,3,2337,7775.668779940447,3405.558611215391,,,,987.0,2.9
10918,3,2338,7776.668779940447,3406.558611215391,,,,985.0,2.874
10919,3,2339,7777.668779940447,3407.558611215391,,,,983.0,2.848
10920,3,2340,7778.668779940447,3408.558611215391,,,,980.0,2.822
10921,3,2341,7779.668779940447,3409.558611215391,,,,977.0,2.795
10922,3,2342,7780.668779940447,3410.558611215391,,,,973.0,2.769
10923,3,2343,7781.668779940447,3411.558611215391,,,,970.0,2.742
10924,3,2344,7782.668779940447,3412.558611215391,,,,967.0,2.716
10925,3,2345,7783.668779940447,3413.558611215391,,,,962.0,2.689
10926,3,2346,7784.668779940447,3414.558611215391,,,,960.0,2.664
10927,3,2347,7785.668779940447,3415.558611215391,,,,955.0,2.637
10928,3,2348,7786.668779940447,3416.558611215391,,,,952.0,2.612
10929,3,2349,7787.668779940447,3417.558611215391,,,,949.0,2.586
10930,3,2350,7788.668779940447,3418.558611215391,,,,946.0,2.562
10931,3,2351,7789.668779940447,3419.558611215391,,,,945.0,2.539
10932,3,2352,7790.668779940447,3420.558611215391,,,,947.0,2.516
10933,3,2353,7791.668779940447,3421.558611215391,,,,947.0,2.492
10934,3,2354,7792.668779940447,3422.558611215391,,,,946.0,2.469
10935,3,2355,7793.668779940447,3423.558611215391,,,,943.0,2.446
10936,3,2356,7794.668779940447,3424.558611215391,,,,939.0,2.421
10937,3,2357,7795.668779940447,3425.558611215391,,,,937.0,2.396
10938,3,2358,7796.668779940447,3426.558611215391,,,,932.0,2.372
10939,3,2359,7797.668779940447,3427.558611215391,,,,930.0,2.347
10940,3,2360,7798.668779940447,3428.558611215391,,,,925.0,2.322
10941,3,2361,7799.668779940447,3429.558611215391,,,,921.0,2.297
10942,3,2362,7800.668779940447,3430.558611215391,,,,916.0,2.271
10943,3,2363,7801.668779940447,3431.558611215391,,,,912.0,2.245
10944,3,2364,7802.668779940447,3432.558611215391,,,,909.0,2.221
10945,3,2365,7803.668779940447,3433.558611215391,,,,909.0,2.195
10946,3,2366,7804.668779940447,3434.558611215391,,,,907.0,2.171
10947,3,2367,7805.668779940447,3435.558611215391,,,,906.0,2.147
10948,3,2368,7806.668779940447,3436.558611215391,,,,903.0,2.122
10949,3,2369,7807.668779940447,3437.558611215391,,,,902.0,2.098
10950,3,2370,7808.668779940447,3438.558611215391,,,,898.0,2.073
10951,3,2371,7809.668779940447,3439.558611215391,,,,896.0,2.048
10952,3,2372,7810.668779940447,3440.558611215391,,,,893.0,2.024
10953,3,2373,7811.668779940447,3441.558611215391,,,,892.0,2.0
10954,3,2374,7812.668779940447,3442.558611215391,,,,890.0,1.976
10955,3,2375,7813.668779940447,3443.558611215391,,,,888.0,1.953
10956,3,2376,7814.668779940447,3444.558611215391,,,,884.0,1.929
10957,3,2377,7815.668779940447,3445.558611215391,,,,879.0,1.905
10958,3,2378,7816.668779940447,3446.558611215391,,,,874.0,1.88
10959,3,2379,7817.668779940447,3447.558611215391,,,,870.0,1.856
10960,3,2380,7818.668779940447,3448.558611215391,,,,865.0,1.832
10961,3,2381,7819.668779940447,3449.558611215391,,,,861.0,1.809
10962,3,2382,7820.668779940447,3450.558611215391,,,,858.0,1.786
10963,3,2383,7821.668779940447,3451.558611215391,,,,855.0,1.765
10964,3,2384,7822.668779940447,3452.558611215391,,,,854.0,1.746
10965,4,1,7823.668779940447,3453.558611215391,,,,850.0,1.744
10970,4,6,7828.668779940447,3458.558611215391,,,,842.0,1.741
10971,4,7,7829.668779940447,3459.558611215391,,,,843.0,1.734
10972,4,8,7830.668779940447,3460.558611215391,,,,844.0,1.728
10973,4,9,7831.668779940447,3461.558611215391,,,,843.0,1.721
10974,4,10,7832.668779940447,3462.558611215391,,,,842.0,1.713
10975,4,11,7833.668779940447,3463.558611215391,,,,842.0,1.704
10976,4,12,7834.668779940447,3464.558611215391,,,,841.0,1.693
10977,4,13,7835.668779940447,3465.558611215391,,,,839.0,1.68
10978,4,14,7836.668779940447,3466.558611215391,,,,836.0,1.669
10979,4,15,7837.668779940447,3467.558611215391,,,,836.0,1.656
10980,4,16,7838.668779940447,3468.558611215391,,,,834.0,1.643
10981,4,17,7839.668779940447,3469.558611215391,,,,832.0,1.628
10982,4,18,7840.668779940447,3470.558611215391,,,,827.0,1.612
10983,4,19,7841.668779940447,3471.558611215391,,,,824.0,1.594
10984,4,20,7842.668779940447,3472.558611215391,,,,820.0,1.574
10985,4,21,7843.668779940447,3473.558611215391,,,,816.0,1.555
10986,4,22,7844.668779940447,3474.558611215391,,,,811.0,1.535
10987,4,23,7845.668779940447,3475.558611215391,,,,806.0,1.516
10988,4,24,7846.668779940447,3476.558611215391,,,,803.0,1.494
10989,4,25,7847.668779940447,3477.558611215391,,,,800.0,1.472
10990,4,26,7848.668779940447,3478.558611215391,,,,798.0,1.45
10991,4,27,7849.668779940447,3479.558611215391,,,,794.0,1.427
10992,4,28,7850.668779940447,3480.558611215391,,,,790.0,1.403
10993,4,29,7851.668779940447,3481.558611215391,,,,787.0,1.38
10994,4,30,7852.668779940447,3482.558611215391,,,,784.0,1.355
10995,4,31,7853.668779940447,3483.558611215391,,,,781.0,1.329
10996,4,32,7854.668779940447,3484.558611215391,,,,778.0,1.302
10997,4,33,7855.668779940447,3485.558611215391,,,,775.0,1.275
10998,4,34,7856.668779940447,3486.558611215391,,,,770.0,1.247
10999,4,35,7857.668779940447,3487.558611215391,,,,768.0,1.218
11000,4,36,7858.668779940447,3488.558611215391,,,,763.0,1.188
11001,4,37,7859.668779940447,3489.558611215391,,,,763.0,1.161
11002,4,38,7860.668779940447,3490.558611215391,,,,763.0,1.133
11003,4,39,7861.668779940447,3491.558611215391,,,,763.0,1.106
11004,4,40,7862.668779940447,3492.558611215391,,,,760.0,1.082
11005,4,41,7863.668779940447,3493.558611215391,,,,759.0,1.055
11006,4,42,7864.668779940447,3494.558611215391,,,,757.0,1.031
11007,4,43,7865.668779940447,3495.558611215391,,,,754.0,1.005
11008,4,44,7866.668779940447,3496.558611215391,,,,752.0,0.979
11009,4,45,7867.668779940447,3497.558611215391,,,,748.0,0.956
11010,4,46,7868.668779940447,3498.558611215391,,,,747.0,0.931
11011,4,47,7869.668779940447,3499.558611215391,,,,744.0,0.908
11012,4,48,7870.668779940447,3500.558611215391,,,,743.0,0.883
11013,4,49,7871.668779940447,3501.558611215391,,,,743.0,0.857
11014,4,50,7872.668779940447,3502.558611215391,,,,740.0,0.831
11015,4,51,7873.668779940447,3503.558611215391,,,,738.0,0.806
11016,4,52,7874.668779940447,3504.558611215391,,,,734.0,0.78
11017,4,53,7875.668779940447,3505.558611215391,,,,730.0,0.754
11018,4,54,7876.668779940447,3506.558611215391,,,,729.0,0.728
11019,4,55,7877.668779940447,3507.558611215391,,,,725.0,0.704
11020,4,56,7878.668779940447,3508.558611215391,,,,718.0,0.68
11021,4,57,7879.668779940447,3509.558611215391,,,,717.0,0.653
11022,4,58,7880.668779940447,3510.558611215391,,,,715.0,0.63
11023,4,59,7881.668779940447,3511.558611215391,,,,712.0,0.603
11024,4,60,7882.668779940447,3512.558611215391,,,,709.0,0.577
11025,4,61,7883.668779940447,3513.558611215391,,,,706.0,0.55
11026,4,62,7884.668779940447,3514.558611215391,,,,705.0,0.524
11027,4,63,7885.668779940447,3515.558611215391,,,,703.0,0.497
11028,4,64,7886.668779940447,3516.558611215391,,,,701.0,0.471
11029,4,65,7887.668779940447,3517.558611215391,,,,699.0,0.444
11030,4,66,7888.668779940447,3518.558611215391,,,,696.0,0.418
11031,4,67,7889.668779940447,3519.558611215391,,,,694.0,0.393
11032,4,68,7890.668779940447,3520.558611215391,,,,690.0,0.365
11033,4,69,7891.668779940447,3521.558611215391,,,,687.0,0.34
11034,4,70,7892.668779940447,3522.558611215391,,,,681.0,0.312
11035,4,71,7893.668779940447,3523.558611215391,,,,678.0,0.285
11036,4,72,7894.668779940447,3524.558611215391,,,,676.0,0.259
11037,4,73,7895.668779940447,3525.558611215391,,,,674.0,0.232
11038,4,74,7896.668779940447,3526.558611215391,,,,669.0,0.207
11039,4,75,7897.668779940447,3527.558611215391,,,,667.0,0.182
11040,4,76,7898.668779940447,3528.558611215391,,,,662.0,0.155
11041,4,77,7899.668779940447,3529.558611215391,,,,657.0,0.129
11042,4,78,7900.668779940447,3530.558611215391,,,,655.0,0.102
11043,4,79,7901.668779940447,3531.558611215391,,,,651.0,7.6e-2
11044,4,80,7902.668779940447,3532.558611215391,,,,649.0,5.0e-2
11045,4,81,7903.668779940447,3533.558611215391,,,,646.0,2.7e-2
0,5,11045,7904.420345739916,3534.31017701486,,,,642.99,0.0
