fixIdx,legIdx,zoneIdx,tickLead,tickRace,time,lat,lng,alt,togo
4084,1,1,-3406.321320688578,-5349.687568820249,,,,881.0,94.659
4102,1,19,-3388.321320688578,-5331.687568820249,,,,882.0,94.658
4120,1,37,-3370.321320688578,-5313.687568820249,,,,880.0,94.657
4121,1,38,-3369.321320688578,-5312.687568820249,,,,881.0,94.655
4122,1,39,-3368.321320688578,-5311.687568820249,,,,878.0,94.65
4123,1,40,-3367.321320688578,-5310.687568820249,,,,876.0,94.645
4124,1,41,-3366.321320688578,-5309.687568820249,,,,873.0,94.641
4125,1,42,-3365.321320688578,-5308.687568820249,,,,877.0,94.636
4126,1,43,-3364.321320688578,-5307.687568820249,,,,878.0,94.63
4127,1,44,-3363.321320688578,-5306.687568820249,,,,877.0,94.625
4128,1,45,-3362.321320688578,-5305.687568820249,,,,877.0,94.618
4129,1,46,-3361.321320688578,-5304.687568820249,,,,876.0,94.61
4130,1,47,-3360.321320688578,-5303.687568820249,,,,875.0,94.602
4131,1,48,-3359.321320688578,-5302.687568820249,,,,873.0,94.594
4132,1,49,-3358.321320688578,-5301.687568820249,,,,874.0,94.584
4133,1,50,-3357.321320688578,-5300.687568820249,,,,873.0,94.577
4134,1,51,-3356.321320688578,-5299.687568820249,,,,873.0,94.567
4135,1,52,-3355.321320688578,-5298.687568820249,,,,869.0,94.557
4136,1,53,-3354.321320688578,-5297.687568820249,,,,866.0,94.547
4137,1,54,-3353.321320688578,-5296.687568820249,,,,866.0,94.535
4138,1,55,-3352.321320688578,-5295.687568820249,,,,866.0,94.522
4139,1,56,-3351.321320688578,-5294.687568820249,,,,869.0,94.508
4140,1,57,-3350.321320688578,-5293.687568820249,,,,864.0,94.493
4141,1,58,-3349.321320688578,-5292.687568820249,,,,865.0,94.48
4142,1,59,-3348.321320688578,-5291.687568820249,,,,865.0,94.465
4143,1,60,-3347.321320688578,-5290.687568820249,,,,862.0,94.451
4144,1,61,-3346.321320688578,-5289.687568820249,,,,860.0,94.438
4145,1,62,-3345.321320688578,-5288.687568820249,,,,860.0,94.425
4146,1,63,-3344.321320688578,-5287.687568820249,,,,858.0,94.413
4147,1,64,-3343.321320688578,-5286.687568820249,,,,858.0,94.402
4148,1,65,-3342.321320688578,-5285.687568820249,,,,857.0,94.392
4149,1,66,-3341.321320688578,-5284.687568820249,,,,852.0,94.383
4150,1,67,-3340.321320688578,-5283.687568820249,,,,848.0,94.374
4151,1,68,-3339.321320688578,-5282.687568820249,,,,848.0,94.366
4152,1,69,-3338.321320688578,-5281.687568820249,,,,852.0,94.359
4153,1,70,-3337.321320688578,-5280.687568820249,,,,853.0,94.354
4154,1,71,-3336.321320688578,-5279.687568820249,,,,851.0,94.349
4155,1,72,-3335.321320688578,-5278.687568820249,,,,849.0,94.342
4156,1,73,-3334.321320688578,-5277.687568820249,,,,847.0,94.335
4157,1,74,-3333.321320688578,-5276.687568820249,,,,844.0,94.326
4158,1,75,-3332.321320688578,-5275.687568820249,,,,845.0,94.318
4159,1,76,-3331.321320688578,-5274.687568820249,,,,841.0,94.307
4160,1,77,-3330.321320688578,-5273.687568820249,,,,844.0,94.295
4161,1,78,-3329.321320688578,-5272.687568820249,,,,842.0,94.281
4162,1,79,-3328.321320688578,-5271.687568820249,,,,844.0,94.268
4163,1,80,-3327.321320688578,-5270.687568820249,,,,842.0,94.256
4164,1,81,-3326.321320688578,-5269.687568820249,,,,841.0,94.242
4165,1,82,-3325.321320688578,-5268.687568820249,,,,838.0,94.228
4166,1,83,-3324.321320688578,-5267.687568820249,,,,836.0,94.213
4167,1,84,-3323.321320688578,-5266.687568820249,,,,838.0,94.2
4168,1,85,-3322.321320688578,-5265.687568820249,,,,840.0,94.186
4169,1,86,-3321.321320688578,-5264.687568820249,,,,842.0,94.173
4170,1,87,-3320.321320688578,-5263.687568820249,,,,842.0,94.161
4171,1,88,-3319.321320688578,-5262.687568820249,,,,844.0,94.15
4172,1,89,-3318.321320688578,-5261.687568820249,,,,842.0,94.137
4173,1,90,-3317.321320688578,-5260.687568820249,,,,842.0,94.122
4174,1,91,-3316.321320688578,-5259.687568820249,,,,842.0,94.108
4175,1,92,-3315.321320688578,-5258.687568820249,,,,839.0,94.092
4176,1,93,-3314.321320688578,-5257.687568820249,,,,838.0,94.075
4177,1,94,-3313.321320688578,-5256.687568820249,,,,839.0,94.06
4178,1,95,-3312.321320688578,-5255.687568820249,,,,842.0,94.045
4179,1,96,-3311.321320688578,-5254.687568820249,,,,845.0,94.032
4180,1,97,-3310.321320688578,-5253.687568820249,,,,846.0,94.018
4181,1,98,-3309.321320688578,-5252.687568820249,,,,848.0,94.003
4182,1,99,-3308.321320688578,-5251.687568820249,,,,849.0,93.989
4183,1,100,-3307.321320688578,-5250.687568820249,,,,849.0,93.976
4184,1,101,-3306.321320688578,-5249.687568820249,,,,851.0,93.961
4185,1,102,-3305.321320688578,-5248.687568820249,,,,851.0,93.946
4186,1,103,-3304.321320688578,-5247.687568820249,,,,850.0,93.932
4187,1,104,-3303.321320688578,-5246.687568820249,,,,853.0,93.92
4188,1,105,-3302.321320688578,-5245.687568820249,,,,854.0,93.91
4189,1,106,-3301.321320688578,-5244.687568820249,,,,856.0,93.904
4190,1,107,-3300.321320688578,-5243.687568820249,,,,858.0,93.903
4207,1,124,-3283.321320688578,-5226.687568820249,,,,892.0,93.889
4208,1,125,-3282.321320688578,-5225.687568820249,,,,893.0,93.875
4209,1,126,-3281.321320688578,-5224.687568820249,,,,893.0,93.862
4210,1,127,-3280.321320688578,-5223.687568820249,,,,894.0,93.852
4211,1,128,-3279.321320688578,-5222.687568820249,,,,897.0,93.845
4212,1,129,-3278.321320688578,-5221.687568820249,,,,897.0,93.84
4213,1,130,-3277.321320688578,-5220.687568820249,,,,898.0,93.838
4284,1,201,-3206.321320688578,-5149.687568820249,,,,1003.0,93.832
4285,1,202,-3205.321320688578,-5148.687568820249,,,,1005.0,93.823
4286,1,203,-3204.321320688578,-5147.687568820249,,,,1003.0,93.815
4287,1,204,-3203.321320688578,-5146.687568820249,,,,1002.0,93.807
4288,1,205,-3202.321320688578,-5145.687568820249,,,,1001.0,93.801
4289,1,206,-3201.321320688578,-5144.687568820249,,,,1000.0,93.795
4290,1,207,-3200.321320688578,-5143.687568820249,,,,999.0,93.789
4291,1,208,-3199.321320688578,-5142.687568820249,,,,1000.0,93.785
4292,1,209,-3198.321320688578,-5141.687568820249,,,,1001.0,93.781
4293,1,210,-3197.321320688578,-5140.687568820249,,,,1002.0,93.779
4344,1,261,-3146.321320688578,-5089.687568820249,,,,1046.0,93.775
4345,1,262,-3145.321320688578,-5088.687568820249,,,,1049.0,93.763
4346,1,263,-3144.321320688578,-5087.687568820249,,,,1050.0,93.75
4347,1,264,-3143.321320688578,-5086.687568820249,,,,1048.0,93.739
4348,1,265,-3142.321320688578,-5085.687568820249,,,,1051.0,93.729
4349,1,266,-3141.321320688578,-5084.687568820249,,,,1053.0,93.719
4350,1,267,-3140.321320688578,-5083.687568820249,,,,1058.0,93.712
4351,1,268,-3139.321320688578,-5082.687568820249,,,,1062.0,93.704
4352,1,269,-3138.321320688578,-5081.687568820249,,,,1062.0,93.695
4353,1,270,-3137.321320688578,-5080.687568820249,,,,1063.0,93.687
4354,1,271,-3136.321320688578,-5079.687568820249,,,,1064.0,93.681
4355,1,272,-3135.321320688578,-5078.687568820249,,,,1063.0,93.676
4356,1,273,-3134.321320688578,-5077.687568820249,,,,1064.0,93.675
4819,1,736,-2671.321320688578,-4614.687568820249,,,,1186.0,93.667
4820,1,737,-2670.321320688578,-4613.687568820249,,,,1182.0,93.653
4821,1,738,-2669.321320688578,-4612.687568820249,,,,1177.0,93.638
4822,1,739,-2668.321320688578,-4611.687568820249,,,,1174.0,93.625
4823,1,740,-2667.321320688578,-4610.687568820249,,,,1172.0,93.609
4824,1,741,-2666.321320688578,-4609.687568820249,,,,1168.0,93.594
4825,1,742,-2665.321320688578,-4608.687568820249,,,,1166.0,93.577
4826,1,743,-2664.321320688578,-4607.687568820249,,,,1165.0,93.561
4827,1,744,-2663.321320688578,-4606.687568820249,,,,1163.0,93.544
4828,1,745,-2662.321320688578,-4605.687568820249,,,,1163.0,93.527
4829,1,746,-2661.321320688578,-4604.687568820249,,,,1162.0,93.511
4830,1,747,-2660.321320688578,-4603.687568820249,,,,1161.0,93.494
4831,1,748,-2659.321320688578,-4602.687568820249,,,,1162.0,93.481
4832,1,749,-2658.321320688578,-4601.687568820249,,,,1159.0,93.466
4833,1,750,-2657.321320688578,-4600.687568820249,,,,1159.0,93.451
4834,1,751,-2656.321320688578,-4599.687568820249,,,,1160.0,93.437
4835,1,752,-2655.321320688578,-4598.687568820249,,,,1159.0,93.425
4836,1,753,-2654.321320688578,-4597.687568820249,,,,1159.0,93.41
4837,1,754,-2653.321320688578,-4596.687568820249,,,,1157.0,93.395
4838,1,755,-2652.321320688578,-4595.687568820249,,,,1158.0,93.381
4839,1,756,-2651.321320688578,-4594.687568820249,,,,1155.0,93.368
4840,1,757,-2650.321320688578,-4593.687568820249,,,,1156.0,93.355
4841,1,758,-2649.321320688578,-4592.687568820249,,,,1155.0,93.341
4842,1,759,-2648.321320688578,-4591.687568820249,,,,1152.0,93.327
4843,1,760,-2647.321320688578,-4590.687568820249,,,,1149.0,93.311
4844,1,761,-2646.321320688578,-4589.687568820249,,,,1147.0,93.297
4845,1,762,-2645.321320688578,-4588.687568820249,,,,1145.0,93.282
4846,1,763,-2644.321320688578,-4587.687568820249,,,,1144.0,93.266
4847,1,764,-2643.321320688578,-4586.687568820249,,,,1141.0,93.249
4848,1,765,-2642.321320688578,-4585.687568820249,,,,1138.0,93.233
4849,1,766,-2641.321320688578,-4584.687568820249,,,,1136.0,93.217
4850,1,767,-2640.321320688578,-4583.687568820249,,,,1136.0,93.201
4851,1,768,-2639.321320688578,-4582.687568820249,,,,1136.0,93.186
4852,1,769,-2638.321320688578,-4581.687568820249,,,,1135.0,93.171
4853,1,770,-2637.321320688578,-4580.687568820249,,,,1135.0,93.156
4854,1,771,-2636.321320688578,-4579.687568820249,,,,1134.0,93.141
4855,1,772,-2635.321320688578,-4578.687568820249,,,,1133.0,93.126
4856,1,773,-2634.321320688578,-4577.687568820249,,,,1134.0,93.112
4857,1,774,-2633.321320688578,-4576.687568820249,,,,1133.0,93.096
4858,1,775,-2632.321320688578,-4575.687568820249,,,,1130.0,93.08
4859,1,776,-2631.321320688578,-4574.687568820249,,,,1128.0,93.063
4860,1,777,-2630.321320688578,-4573.687568820249,,,,1125.0,93.049
4861,1,778,-2629.321320688578,-4572.687568820249,,,,1125.0,93.032
4862,1,779,-2628.321320688578,-4571.687568820249,,,,1123.0,93.015
4863,1,780,-2627.321320688578,-4570.687568820249,,,,1122.0,93.0
4864,1,781,-2626.321320688578,-4569.687568820249,,,,1122.0,92.985
4865,1,782,-2625.321320688578,-4568.687568820249,,,,1119.0,92.973
4866,1,783,-2624.321320688578,-4567.687568820249,,,,1120.0,92.96
4867,1,784,-2623.321320688578,-4566.687568820249,,,,1119.0,92.948
4868,1,785,-2622.321320688578,-4565.687568820249,,,,1117.0,92.936
4869,1,786,-2621.321320688578,-4564.687568820249,,,,1116.0,92.924
4870,1,787,-2620.321320688578,-4563.687568820249,,,,1115.0,92.913
4871,1,788,-2619.321320688578,-4562.687568820249,,,,1113.0,92.902
4872,1,789,-2618.321320688578,-4561.687568820249,,,,1112.0,92.89
4873,1,790,-2617.321320688578,-4560.687568820249,,,,1112.0,92.877
4874,1,791,-2616.321320688578,-4559.687568820249,,,,1112.0,92.865
4875,1,792,-2615.321320688578,-4558.687568820249,,,,1111.0,92.853
4876,1,793,-2614.321320688578,-4557.687568820249,,,,1109.0,92.839
4877,1,794,-2613.321320688578,-4556.687568820249,,,,1109.0,92.825
4878,1,795,-2612.321320688578,-4555.687568820249,,,,1109.0,92.81
4879,1,796,-2611.321320688578,-4554.687568820249,,,,1109.0,92.795
4880,1,797,-2610.321320688578,-4553.687568820249,,,,1109.0,92.78
4881,1,798,-2609.321320688578,-4552.687568820249,,,,1107.0,92.763
4882,1,799,-2608.321320688578,-4551.687568820249,,,,1106.0,92.747
4883,1,800,-2607.321320688578,-4550.687568820249,,,,1104.0,92.731
4884,1,801,-2606.321320688578,-4549.687568820249,,,,1105.0,92.714
4885,1,802,-2605.321320688578,-4548.687568820249,,,,1106.0,92.698
4886,1,803,-2604.321320688578,-4547.687568820249,,,,1105.0,92.684
4887,1,804,-2603.321320688578,-4546.687568820249,,,,1102.0,92.669
4888,1,805,-2602.321320688578,-4545.687568820249,,,,1101.0,92.654
4889,1,806,-2601.321320688578,-4544.687568820249,,,,1100.0,92.638
4890,1,807,-2600.321320688578,-4543.687568820249,,,,1101.0,92.623
4891,1,808,-2599.321320688578,-4542.687568820249,,,,1102.0,92.61
4892,1,809,-2598.321320688578,-4541.687568820249,,,,1103.0,92.598
4893,1,810,-2597.321320688578,-4540.687568820249,,,,1101.0,92.585
4894,1,811,-2596.321320688578,-4539.687568820249,,,,1102.0,92.574
4895,1,812,-2595.321320688578,-4538.687568820249,,,,1101.0,92.562
4896,1,813,-2594.321320688578,-4537.687568820249,,,,1100.0,92.549
4897,1,814,-2593.321320688578,-4536.687568820249,,,,1101.0,92.537
4898,1,815,-2592.321320688578,-4535.687568820249,,,,1100.0,92.524
4899,1,816,-2591.321320688578,-4534.687568820249,,,,1099.0,92.509
4900,1,817,-2590.321320688578,-4533.687568820249,,,,1097.0,92.496
4901,1,818,-2589.321320688578,-4532.687568820249,,,,1096.0,92.482
4902,1,819,-2588.321320688578,-4531.687568820249,,,,1095.0,92.467
4903,1,820,-2587.321320688578,-4530.687568820249,,,,1093.0,92.453
4904,1,821,-2586.321320688578,-4529.687568820249,,,,1093.0,92.44
4905,1,822,-2585.321320688578,-4528.687568820249,,,,1091.0,92.428
4906,1,823,-2584.321320688578,-4527.687568820249,,,,1090.0,92.416
4907,1,824,-2583.321320688578,-4526.687568820249,,,,1089.0,92.406
4908,1,825,-2582.321320688578,-4525.687568820249,,,,1087.0,92.395
4909,1,826,-2581.321320688578,-4524.687568820249,,,,1086.0,92.383
4910,1,827,-2580.321320688578,-4523.687568820249,,,,1085.0,92.372
4911,1,828,-2579.321320688578,-4522.687568820249,,,,1083.0,92.361
4912,1,829,-2578.321320688578,-4521.687568820249,,,,1083.0,92.35
4913,1,830,-2577.321320688578,-4520.687568820249,,,,1082.0,92.339
4914,1,831,-2576.321320688578,-4519.687568820249,,,,1079.0,92.329
4915,1,832,-2575.321320688578,-4518.687568820249,,,,1076.0,92.318
4916,1,833,-2574.321320688578,-4517.687568820249,,,,1078.0,92.306
4917,1,834,-2573.321320688578,-4516.687568820249,,,,1074.0,92.294
4918,1,835,-2572.321320688578,-4515.687568820249,,,,1070.0,92.281
4919,1,836,-2571.321320688578,-4514.687568820249,,,,1066.0,92.265
4920,1,837,-2570.321320688578,-4513.687568820249,,,,1063.0,92.251
4921,1,838,-2569.321320688578,-4512.687568820249,,,,1061.0,92.236
4922,1,839,-2568.321320688578,-4511.687568820249,,,,1061.0,92.221
4923,1,840,-2567.321320688578,-4510.687568820249,,,,1060.0,92.208
4924,1,841,-2566.321320688578,-4509.687568820249,,,,1060.0,92.195
4925,1,842,-2565.321320688578,-4508.687568820249,,,,1060.0,92.182
4926,1,843,-2564.321320688578,-4507.687568820249,,,,1060.0,92.17
4927,1,844,-2563.321320688578,-4506.687568820249,,,,1060.0,92.16
4928,1,845,-2562.321320688578,-4505.687568820249,,,,1060.0,92.148
4929,1,846,-2561.321320688578,-4504.687568820249,,,,1060.0,92.139
4930,1,847,-2560.321320688578,-4503.687568820249,,,,1058.0,92.128
4931,1,848,-2559.321320688578,-4502.687568820249,,,,1057.0,92.118
4932,1,849,-2558.321320688578,-4501.687568820249,,,,1053.0,92.106
4933,1,850,-2557.321320688578,-4500.687568820249,,,,1051.0,92.096
4934,1,851,-2556.321320688578,-4499.687568820249,,,,1049.0,92.084
4935,1,852,-2555.321320688578,-4498.687568820249,,,,1048.0,92.072
4936,1,853,-2554.321320688578,-4497.687568820249,,,,1046.0,92.06
4937,1,854,-2553.321320688578,-4496.687568820249,,,,1045.0,92.05
4938,1,855,-2552.321320688578,-4495.687568820249,,,,1044.0,92.04
4939,1,856,-2551.321320688578,-4494.687568820249,,,,1043.0,92.03
4940,1,857,-2550.321320688578,-4493.687568820249,,,,1043.0,92.019
4941,1,858,-2549.321320688578,-4492.687568820249,,,,1042.0,92.01
4942,1,859,-2548.321320688578,-4491.687568820249,,,,1042.0,91.998
4943,1,860,-2547.321320688578,-4490.687568820249,,,,1039.0,91.987
4944,1,861,-2546.321320688578,-4489.687568820249,,,,1037.0,91.975
4945,1,862,-2545.321320688578,-4488.687568820249,,,,1035.0,91.963
4946,1,863,-2544.321320688578,-4487.687568820249,,,,1033.0,91.95
4947,1,864,-2543.321320688578,-4486.687568820249,,,,1030.0,91.938
4948,1,865,-2542.321320688578,-4485.687568820249,,,,1028.0,91.926
4949,1,866,-2541.321320688578,-4484.687568820249,,,,1027.0,91.914
4950,1,867,-2540.321320688578,-4483.687568820249,,,,1027.0,91.903
4951,1,868,-2539.321320688578,-4482.687568820249,,,,1026.0,91.892
4952,1,869,-2538.321320688578,-4481.687568820249,,,,1027.0,91.881
4953,1,870,-2537.321320688578,-4480.687568820249,,,,1025.0,91.872
4954,1,871,-2536.321320688578,-4479.687568820249,,,,1024.0,91.861
4955,1,872,-2535.321320688578,-4478.687568820249,,,,1022.0,91.851
4956,1,873,-2534.321320688578,-4477.687568820249,,,,1020.0,91.838
4957,1,874,-2533.321320688578,-4476.687568820249,,,,1017.0,91.827
4958,1,875,-2532.321320688578,-4475.687568820249,,,,1014.0,91.815
4959,1,876,-2531.321320688578,-4474.687568820249,,,,1011.0,91.802
4960,1,877,-2530.321320688578,-4473.687568820249,,,,1009.0,91.79
4961,1,878,-2529.321320688578,-4472.687568820249,,,,1007.0,91.777
4962,1,879,-2528.321320688578,-4471.687568820249,,,,1006.0,91.767
4963,1,880,-2527.321320688578,-4470.687568820249,,,,1007.0,91.755
4964,1,881,-2526.321320688578,-4469.687568820249,,,,1006.0,91.745
4965,1,882,-2525.321320688578,-4468.687568820249,,,,1002.0,91.736
4966,1,883,-2524.321320688578,-4467.687568820249,,,,1001.0,91.726
4967,1,884,-2523.321320688578,-4466.687568820249,,,,1000.0,91.716
4968,1,885,-2522.321320688578,-4465.687568820249,,,,996.0,91.705
4969,1,886,-2521.321320688578,-4464.687568820249,,,,993.0,91.694
4970,1,887,-2520.321320688578,-4463.687568820249,,,,990.0,91.681
4971,1,888,-2519.321320688578,-4462.687568820249,,,,986.0,91.67
4972,1,889,-2518.321320688578,-4461.687568820249,,,,983.0,91.658
4973,1,890,-2517.321320688578,-4460.687568820249,,,,981.0,91.645
4974,1,891,-2516.321320688578,-4459.687568820249,,,,979.0,91.634
4975,1,892,-2515.321320688578,-4458.687568820249,,,,976.0,91.624
4976,1,893,-2514.321320688578,-4457.687568820249,,,,975.0,91.614
4977,1,894,-2513.321320688578,-4456.687568820249,,,,971.0,91.604
4978,1,895,-2512.321320688578,-4455.687568820249,,,,969.0,91.594
4979,1,896,-2511.321320688578,-4454.687568820249,,,,966.0,91.583
4980,1,897,-2510.321320688578,-4453.687568820249,,,,966.0,91.571
4981,1,898,-2509.321320688578,-4452.687568820249,,,,967.0,91.558
4982,1,899,-2508.321320688578,-4451.687568820249,,,,966.0,91.547
4983,1,900,-2507.321320688578,-4450.687568820249,,,,964.0,91.534
4984,1,901,-2506.321320688578,-4449.687568820249,,,,961.0,91.523
4985,1,902,-2505.321320688578,-4448.687568820249,,,,957.0,91.509
4986,1,903,-2504.321320688578,-4447.687568820249,,,,956.0,91.497
4987,1,904,-2503.321320688578,-4446.687568820249,,,,956.0,91.483
4988,1,905,-2502.321320688578,-4445.687568820249,,,,955.0,91.472
4989,1,906,-2501.321320688578,-4444.687568820249,,,,954.0,91.461
4990,1,907,-2500.321320688578,-4443.687568820249,,,,953.0,91.449
4991,1,908,-2499.321320688578,-4442.687568820249,,,,951.0,91.439
4992,1,909,-2498.321320688578,-4441.687568820249,,,,951.0,91.43
4993,1,910,-2497.321320688578,-4440.687568820249,,,,951.0,91.42
4994,1,911,-2496.321320688578,-4439.687568820249,,,,951.0,91.411
4995,1,912,-2495.321320688578,-4438.687568820249,,,,951.0,91.401
4996,1,913,-2494.321320688578,-4437.687568820249,,,,950.0,91.391
4997,1,914,-2493.321320688578,-4436.687568820249,,,,949.0,91.383
4998,1,915,-2492.321320688578,-4435.687568820249,,,,949.0,91.375
4999,1,916,-2491.321320688578,-4434.687568820249,,,,950.0,91.367
5000,1,917,-2490.321320688578,-4433.687568820249,,,,952.0,91.358
5001,1,918,-2489.321320688578,-4432.687568820249,,,,952.0,91.348
5002,1,919,-2488.321320688578,-4431.687568820249,,,,952.0,91.34
5003,1,920,-2487.321320688578,-4430.687568820249,,,,952.0,91.33
5004,1,921,-2486.321320688578,-4429.687568820249,,,,953.0,91.318
5005,1,922,-2485.321320688578,-4428.687568820249,,,,951.0,91.307
5006,1,923,-2484.321320688578,-4427.687568820249,,,,951.0,91.296
5007,1,924,-2483.321320688578,-4426.687568820249,,,,950.0,91.284
5008,1,925,-2482.321320688578,-4425.687568820249,,,,947.0,91.271
5009,1,926,-2481.321320688578,-4424.687568820249,,,,945.0,91.258
5010,1,927,-2480.321320688578,-4423.687568820249,,,,944.0,91.246
5011,1,928,-2479.321320688578,-4422.687568820249,,,,943.0,91.232
5012,1,929,-2478.321320688578,-4421.687568820249,,,,943.0,91.221
5013,1,930,-2477.321320688578,-4420.687568820249,,,,943.0,91.21
5014,1,931,-2476.321320688578,-4419.687568820249,,,,940.0,91.198
5015,1,932,-2475.321320688578,-4418.687568820249,,,,938.0,91.186
5016,1,933,-2474.321320688578,-4417.687568820249,,,,938.0,91.174
5017,1,934,-2473.321320688578,-4416.687568820249,,,,937.0,91.162
5018,1,935,-2472.321320688578,-4415.687568820249,,,,937.0,91.15
5019,1,936,-2471.321320688578,-4414.687568820249,,,,936.0,91.139
5020,1,937,-2470.321320688578,-4413.687568820249,,,,934.0,91.128
5021,1,938,-2469.321320688578,-4412.687568820249,,,,933.0,91.117
5022,1,939,-2468.321320688578,-4411.687568820249,,,,930.0,91.106
5023,1,940,-2467.321320688578,-4410.687568820249,,,,929.0,91.095
5024,1,941,-2466.321320688578,-4409.687568820249,,,,926.0,91.084
5025,1,942,-2465.321320688578,-4408.687568820249,,,,924.0,91.072
5026,1,943,-2464.321320688578,-4407.687568820249,,,,923.0,91.062
5027,1,944,-2463.321320688578,-4406.687568820249,,,,923.0,91.05
5028,1,945,-2462.321320688578,-4405.687568820249,,,,921.0,91.041
5029,1,946,-2461.321320688578,-4404.687568820249,,,,920.0,91.03
5030,1,947,-2460.321320688578,-4403.687568820249,,,,918.0,91.02
5031,1,948,-2459.321320688578,-4402.687568820249,,,,915.0,91.011
5032,1,949,-2458.321320688578,-4401.687568820249,,,,913.0,91.002
5033,1,950,-2457.321320688578,-4400.687568820249,,,,913.0,90.993
5034,1,951,-2456.321320688578,-4399.687568820249,,,,913.0,90.985
5035,1,952,-2455.321320688578,-4398.687568820249,,,,912.0,90.977
5036,1,953,-2454.321320688578,-4397.687568820249,,,,912.0,90.969
5037,1,954,-2453.321320688578,-4396.687568820249,,,,912.0,90.964
5038,1,955,-2452.321320688578,-4395.687568820249,,,,912.0,90.957
5039,1,956,-2451.321320688578,-4394.687568820249,,,,912.0,90.952
5040,1,957,-2450.321320688578,-4393.687568820249,,,,909.0,90.947
5041,1,958,-2449.321320688578,-4392.687568820249,,,,907.0,90.941
5042,1,959,-2448.321320688578,-4391.687568820249,,,,905.0,90.936
5043,1,960,-2447.321320688578,-4390.687568820249,,,,904.0,90.93
5044,1,961,-2446.321320688578,-4389.687568820249,,,,903.0,90.922
5045,1,962,-2445.321320688578,-4388.687568820249,,,,903.0,90.916
5046,1,963,-2444.321320688578,-4387.687568820249,,,,902.0,90.909
5047,1,964,-2443.321320688578,-4386.687568820249,,,,901.0,90.902
5048,1,965,-2442.321320688578,-4385.687568820249,,,,901.0,90.896
5049,1,966,-2441.321320688578,-4384.687568820249,,,,899.0,90.89
5050,1,967,-2440.321320688578,-4383.687568820249,,,,898.0,90.884
5051,1,968,-2439.321320688578,-4382.687568820249,,,,899.0,90.877
5052,1,969,-2438.321320688578,-4381.687568820249,,,,899.0,90.871
5053,1,970,-2437.321320688578,-4380.687568820249,,,,899.0,90.863
5054,1,971,-2436.321320688578,-4379.687568820249,,,,898.0,90.856
5055,1,972,-2435.321320688578,-4378.687568820249,,,,903.0,90.847
5056,1,973,-2434.321320688578,-4377.687568820249,,,,906.0,90.839
5057,1,974,-2433.321320688578,-4376.687568820249,,,,911.0,90.833
5058,1,975,-2432.321320688578,-4375.687568820249,,,,912.0,90.828
5059,1,976,-2431.321320688578,-4374.687568820249,,,,912.0,90.822
5060,1,977,-2430.321320688578,-4373.687568820249,,,,911.0,90.818
5061,1,978,-2429.321320688578,-4372.687568820249,,,,912.0,90.813
5062,1,979,-2428.321320688578,-4371.687568820249,,,,911.0,90.81
5063,1,980,-2427.321320688578,-4370.687568820249,,,,908.0,90.808
5069,1,986,-2421.321320688578,-4364.687568820249,,,,904.0,90.806
5070,1,987,-2420.321320688578,-4363.687568820249,,,,899.0,90.803
5071,1,988,-2419.321320688578,-4362.687568820249,,,,896.0,90.8
5072,1,989,-2418.321320688578,-4361.687568820249,,,,893.0,90.797
5073,1,990,-2417.321320688578,-4360.687568820249,,,,890.0,90.796
5074,1,991,-2416.321320688578,-4359.687568820249,,,,886.0,90.794
5075,1,992,-2415.321320688578,-4358.687568820249,,,,884.0,90.789
5076,1,993,-2414.321320688578,-4357.687568820249,,,,882.0,90.781
5077,1,994,-2413.321320688578,-4356.687568820249,,,,880.0,90.774
5078,1,995,-2412.321320688578,-4355.687568820249,,,,879.0,90.765
5079,1,996,-2411.321320688578,-4354.687568820249,,,,879.0,90.754
5080,1,997,-2410.321320688578,-4353.687568820249,,,,878.0,90.746
5081,1,998,-2409.321320688578,-4352.687568820249,,,,880.0,90.736
5082,1,999,-2408.321320688578,-4351.687568820249,,,,879.0,90.728
5083,1,1000,-2407.321320688578,-4350.687568820249,,,,876.0,90.721
5084,1,1001,-2406.321320688578,-4349.687568820249,,,,873.0,90.712
5085,1,1002,-2405.321320688578,-4348.687568820249,,,,877.0,90.704
5086,1,1003,-2404.321320688578,-4347.687568820249,,,,880.0,90.695
5087,1,1004,-2403.321320688578,-4346.687568820249,,,,883.0,90.683
5088,1,1005,-2402.321320688578,-4345.687568820249,,,,886.0,90.671
5089,1,1006,-2401.321320688578,-4344.687568820249,,,,887.0,90.659
5090,1,1007,-2400.321320688578,-4343.687568820249,,,,887.0,90.645
5091,1,1008,-2399.321320688578,-4342.687568820249,,,,889.0,90.636
5092,1,1009,-2398.321320688578,-4341.687568820249,,,,889.0,90.629
5519,1,1436,-1971.321320688578,-3914.687568820249,,,,1116.0,90.623
5520,1,1437,-1970.321320688578,-3913.687568820249,,,,1117.0,90.616
5521,1,1438,-1969.321320688578,-3912.687568820249,,,,1118.0,90.606
5522,1,1439,-1968.321320688578,-3911.687568820249,,,,1117.0,90.596
5523,1,1440,-1967.321320688578,-3910.687568820249,,,,1116.0,90.587
5524,1,1441,-1966.321320688578,-3909.687568820249,,,,1113.0,90.577
5525,1,1442,-1965.321320688578,-3908.687568820249,,,,1111.0,90.564
5526,1,1443,-1964.321320688578,-3907.687568820249,,,,1110.0,90.551
5527,1,1444,-1963.321320688578,-3906.687568820249,,,,1111.0,90.534
5528,1,1445,-1962.321320688578,-3905.687568820249,,,,1111.0,90.518
5529,1,1446,-1961.321320688578,-3904.687568820249,,,,1110.0,90.503
5530,1,1447,-1960.321320688578,-3903.687568820249,,,,1112.0,90.491
5531,1,1448,-1959.321320688578,-3902.687568820249,,,,1113.0,90.48
5532,1,1449,-1958.321320688578,-3901.687568820249,,,,1115.0,90.468
5533,1,1450,-1957.321320688578,-3900.687568820249,,,,1117.0,90.458
5534,1,1451,-1956.321320688578,-3899.687568820249,,,,1117.0,90.446
5535,1,1452,-1955.321320688578,-3898.687568820249,,,,1118.0,90.434
5536,1,1453,-1954.321320688578,-3897.687568820249,,,,1118.0,90.423
5537,1,1454,-1953.321320688578,-3896.687568820249,,,,1118.0,90.412
5538,1,1455,-1952.321320688578,-3895.687568820249,,,,1118.0,90.399
5539,1,1456,-1951.321320688578,-3894.687568820249,,,,1120.0,90.386
5540,1,1457,-1950.321320688578,-3893.687568820249,,,,1121.0,90.373
5541,1,1458,-1949.321320688578,-3892.687568820249,,,,1121.0,90.36
5542,1,1459,-1948.321320688578,-3891.687568820249,,,,1123.0,90.347
5543,1,1460,-1947.321320688578,-3890.687568820249,,,,1123.0,90.333
5544,1,1461,-1946.321320688578,-3889.687568820249,,,,1123.0,90.32
5545,1,1462,-1945.321320688578,-3888.687568820249,,,,1125.0,90.305
5546,1,1463,-1944.321320688578,-3887.687568820249,,,,1128.0,90.292
5547,1,1464,-1943.321320688578,-3886.687568820249,,,,1131.0,90.279
5548,1,1465,-1942.321320688578,-3885.687568820249,,,,1135.0,90.266
5549,1,1466,-1941.321320688578,-3884.687568820249,,,,1134.0,90.252
5550,1,1467,-1940.321320688578,-3883.687568820249,,,,1132.0,90.24
5551,1,1468,-1939.321320688578,-3882.687568820249,,,,1128.0,90.226
5552,1,1469,-1938.321320688578,-3881.687568820249,,,,1128.0,90.212
5553,1,1470,-1937.321320688578,-3880.687568820249,,,,1127.0,90.197
5554,1,1471,-1936.321320688578,-3879.687568820249,,,,1127.0,90.185
5555,1,1472,-1935.321320688578,-3878.687568820249,,,,1128.0,90.175
5556,1,1473,-1934.321320688578,-3877.687568820249,,,,1126.0,90.163
5557,1,1474,-1933.321320688578,-3876.687568820249,,,,1125.0,90.149
5558,1,1475,-1932.321320688578,-3875.687568820249,,,,1125.0,90.136
5559,1,1476,-1931.321320688578,-3874.687568820249,,,,1124.0,90.125
5560,1,1477,-1930.321320688578,-3873.687568820249,,,,1125.0,90.114
5561,1,1478,-1929.321320688578,-3872.687568820249,,,,1126.0,90.104
5562,1,1479,-1928.321320688578,-3871.687568820249,,,,1123.0,90.093
5563,1,1480,-1927.321320688578,-3870.687568820249,,,,1123.0,90.081
5564,1,1481,-1926.321320688578,-3869.687568820249,,,,1122.0,90.071
5565,1,1482,-1925.321320688578,-3868.687568820249,,,,1120.0,90.059
5566,1,1483,-1924.321320688578,-3867.687568820249,,,,1121.0,90.047
5567,1,1484,-1923.321320688578,-3866.687568820249,,,,1121.0,90.032
5568,1,1485,-1922.321320688578,-3865.687568820249,,,,1123.0,90.018
5569,1,1486,-1921.321320688578,-3864.687568820249,,,,1126.0,90.005
5570,1,1487,-1920.321320688578,-3863.687568820249,,,,1128.0,89.994
5571,1,1488,-1919.321320688578,-3862.687568820249,,,,1128.0,89.982
5572,1,1489,-1918.321320688578,-3861.687568820249,,,,1129.0,89.972
5573,1,1490,-1917.321320688578,-3860.687568820249,,,,1129.0,89.96
5574,1,1491,-1916.321320688578,-3859.687568820249,,,,1129.0,89.949
5575,1,1492,-1915.321320688578,-3858.687568820249,,,,1131.0,89.936
5576,1,1493,-1914.321320688578,-3857.687568820249,,,,1130.0,89.923
5577,1,1494,-1913.321320688578,-3856.687568820249,,,,1132.0,89.909
5578,1,1495,-1912.321320688578,-3855.687568820249,,,,1135.0,89.898
5579,1,1496,-1911.321320688578,-3854.687568820249,,,,1135.0,89.886
5580,1,1497,-1910.321320688578,-3853.687568820249,,,,1136.0,89.875
5581,1,1498,-1909.321320688578,-3852.687568820249,,,,1135.0,89.863
5582,1,1499,-1908.321320688578,-3851.687568820249,,,,1135.0,89.852
5583,1,1500,-1907.321320688578,-3850.687568820249,,,,1134.0,89.844
5584,1,1501,-1906.321320688578,-3849.687568820249,,,,1133.0,89.836
5585,1,1502,-1905.321320688578,-3848.687568820249,,,,1133.0,89.829
5902,1,1819,-1588.321320688578,-3531.687568820249,,,,1480.0,89.828
5903,1,1820,-1587.321320688578,-3530.687568820249,,,,1480.0,89.812
5904,1,1821,-1586.321320688578,-3529.687568820249,,,,1478.0,89.798
5905,1,1822,-1585.321320688578,-3528.687568820249,,,,1475.0,89.783
5906,1,1823,-1584.321320688578,-3527.687568820249,,,,1473.0,89.769
5907,1,1824,-1583.321320688578,-3526.687568820249,,,,1471.0,89.754
5908,1,1825,-1582.321320688578,-3525.687568820249,,,,1470.0,89.741
5909,1,1826,-1581.321320688578,-3524.687568820249,,,,1467.0,89.727
5910,1,1827,-1580.321320688578,-3523.687568820249,,,,1465.0,89.713
5911,1,1828,-1579.321320688578,-3522.687568820249,,,,1463.0,89.7
5912,1,1829,-1578.321320688578,-3521.687568820249,,,,1459.0,89.685
5913,1,1830,-1577.321320688578,-3520.687568820249,,,,1458.0,89.671
5914,1,1831,-1576.321320688578,-3519.687568820249,,,,1457.0,89.659
5915,1,1832,-1575.321320688578,-3518.687568820249,,,,1456.0,89.645
5916,1,1833,-1574.321320688578,-3517.687568820249,,,,1456.0,89.629
5917,1,1834,-1573.321320688578,-3516.687568820249,,,,1454.0,89.616
5918,1,1835,-1572.321320688578,-3515.687568820249,,,,1455.0,89.602
5919,1,1836,-1571.321320688578,-3514.687568820249,,,,1454.0,89.589
5920,1,1837,-1570.321320688578,-3513.687568820249,,,,1450.0,89.575
5921,1,1838,-1569.321320688578,-3512.687568820249,,,,1448.0,89.559
5922,1,1839,-1568.321320688578,-3511.687568820249,,,,1446.0,89.547
5923,1,1840,-1567.321320688578,-3510.687568820249,,,,1445.0,89.533
5924,1,1841,-1566.321320688578,-3509.687568820249,,,,1444.0,89.521
5925,1,1842,-1565.321320688578,-3508.687568820249,,,,1443.0,89.509
5926,1,1843,-1564.321320688578,-3507.687568820249,,,,1441.0,89.496
5927,1,1844,-1563.321320688578,-3506.687568820249,,,,1440.0,89.484
5928,1,1845,-1562.321320688578,-3505.687568820249,,,,1439.0,89.47
5929,1,1846,-1561.321320688578,-3504.687568820249,,,,1438.0,89.457
5930,1,1847,-1560.321320688578,-3503.687568820249,,,,1435.0,89.444
5931,1,1848,-1559.321320688578,-3502.687568820249,,,,1431.0,89.431
5932,1,1849,-1558.321320688578,-3501.687568820249,,,,1430.0,89.416
5933,1,1850,-1557.321320688578,-3500.687568820249,,,,1431.0,89.402
5934,1,1851,-1556.321320688578,-3499.687568820249,,,,1432.0,89.389
5935,1,1852,-1555.321320688578,-3498.687568820249,,,,1434.0,89.376
5936,1,1853,-1554.321320688578,-3497.687568820249,,,,1433.0,89.363
5937,1,1854,-1553.321320688578,-3496.687568820249,,,,1434.0,89.351
5938,1,1855,-1552.321320688578,-3495.687568820249,,,,1435.0,89.337
5939,1,1856,-1551.321320688578,-3494.687568820249,,,,1435.0,89.325
5940,1,1857,-1550.321320688578,-3493.687568820249,,,,1432.0,89.312
5941,1,1858,-1549.321320688578,-3492.687568820249,,,,1432.0,89.298
5942,1,1859,-1548.321320688578,-3491.687568820249,,,,1432.0,89.284
5943,1,1860,-1547.321320688578,-3490.687568820249,,,,1433.0,89.27
5944,1,1861,-1546.321320688578,-3489.687568820249,,,,1432.0,89.258
5945,1,1862,-1545.321320688578,-3488.687568820249,,,,1433.0,89.249
5946,1,1863,-1544.321320688578,-3487.687568820249,,,,1436.0,89.239
5947,1,1864,-1543.321320688578,-3486.687568820249,,,,1439.0,89.228
5948,1,1865,-1542.321320688578,-3485.687568820249,,,,1438.0,89.216
5949,1,1866,-1541.321320688578,-3484.687568820249,,,,1436.0,89.205
5950,1,1867,-1540.321320688578,-3483.687568820249,,,,1436.0,89.191
5951,1,1868,-1539.321320688578,-3482.687568820249,,,,1435.0,89.175
5952,1,1869,-1538.321320688578,-3481.687568820249,,,,1433.0,89.159
5953,1,1870,-1537.321320688578,-3480.687568820249,,,,1432.0,89.142
5954,1,1871,-1536.321320688578,-3479.687568820249,,,,1431.0,89.125
5955,1,1872,-1535.321320688578,-3478.687568820249,,,,1435.0,89.107
5956,1,1873,-1534.321320688578,-3477.687568820249,,,,1439.0,89.09
5957,1,1874,-1533.321320688578,-3476.687568820249,,,,1441.0,89.073
5958,1,1875,-1532.321320688578,-3475.687568820249,,,,1440.0,89.057
5959,1,1876,-1531.321320688578,-3474.687568820249,,,,1442.0,89.039
5960,1,1877,-1530.321320688578,-3473.687568820249,,,,1443.0,89.025
5961,1,1878,-1529.321320688578,-3472.687568820249,,,,1445.0,89.01
5962,1,1879,-1528.321320688578,-3471.687568820249,,,,1450.0,88.998
5963,1,1880,-1527.321320688578,-3470.687568820249,,,,1453.0,88.988
5964,1,1881,-1526.321320688578,-3469.687568820249,,,,1457.0,88.979
5965,1,1882,-1525.321320688578,-3468.687568820249,,,,1458.0,88.97
5966,1,1883,-1524.321320688578,-3467.687568820249,,,,1455.0,88.96
5967,1,1884,-1523.321320688578,-3466.687568820249,,,,1453.0,88.947
5968,1,1885,-1522.321320688578,-3465.687568820249,,,,1450.0,88.932
5969,1,1886,-1521.321320688578,-3464.687568820249,,,,1449.0,88.917
5970,1,1887,-1520.321320688578,-3463.687568820249,,,,1449.0,88.902
5971,1,1888,-1519.321320688578,-3462.687568820249,,,,1450.0,88.888
5972,1,1889,-1518.321320688578,-3461.687568820249,,,,1452.0,88.876
5973,1,1890,-1517.321320688578,-3460.687568820249,,,,1451.0,88.867
5974,1,1891,-1516.321320688578,-3459.687568820249,,,,1447.0,88.86
5975,1,1892,-1515.321320688578,-3458.687568820249,,,,1442.0,88.854
5977,1,1894,-1513.321320688578,-3456.687568820249,,,,1438.0,88.851
5993,1,1910,-1497.321320688578,-3440.687568820249,,,,1436.0,88.847
5994,1,1911,-1496.321320688578,-3439.687568820249,,,,1438.0,88.834
5995,1,1912,-1495.321320688578,-3438.687568820249,,,,1437.0,88.823
5996,1,1913,-1494.321320688578,-3437.687568820249,,,,1437.0,88.811
5997,1,1914,-1493.321320688578,-3436.687568820249,,,,1436.0,88.799
5998,1,1915,-1492.321320688578,-3435.687568820249,,,,1434.0,88.787
5999,1,1916,-1491.321320688578,-3434.687568820249,,,,1434.0,88.774
6000,1,1917,-1490.321320688578,-3433.687568820249,,,,1431.0,88.762
6001,1,1918,-1489.321320688578,-3432.687568820249,,,,1431.0,88.75
6002,1,1919,-1488.321320688578,-3431.687568820249,,,,1430.0,88.738
6003,1,1920,-1487.321320688578,-3430.687568820249,,,,1429.0,88.722
6004,1,1921,-1486.321320688578,-3429.687568820249,,,,1427.0,88.709
6005,1,1922,-1485.321320688578,-3428.687568820249,,,,1425.0,88.696
6006,1,1923,-1484.321320688578,-3427.687568820249,,,,1422.0,88.682
6007,1,1924,-1483.321320688578,-3426.687568820249,,,,1419.0,88.669
6008,1,1925,-1482.321320688578,-3425.687568820249,,,,1420.0,88.655
6009,1,1926,-1481.321320688578,-3424.687568820249,,,,1419.0,88.641
6010,1,1927,-1480.321320688578,-3423.687568820249,,,,1416.0,88.628
6011,1,1928,-1479.321320688578,-3422.687568820249,,,,1415.0,88.616
6012,1,1929,-1478.321320688578,-3421.687568820249,,,,1413.0,88.604
6013,1,1930,-1477.321320688578,-3420.687568820249,,,,1410.0,88.592
6014,1,1931,-1476.321320688578,-3419.687568820249,,,,1408.0,88.58
6015,1,1932,-1475.321320688578,-3418.687568820249,,,,1405.0,88.568
6016,1,1933,-1474.321320688578,-3417.687568820249,,,,1404.0,88.556
6017,1,1934,-1473.321320688578,-3416.687568820249,,,,1402.0,88.543
6018,1,1935,-1472.321320688578,-3415.687568820249,,,,1400.0,88.529
6019,1,1936,-1471.321320688578,-3414.687568820249,,,,1397.0,88.517
6020,1,1937,-1470.321320688578,-3413.687568820249,,,,1396.0,88.503
6021,1,1938,-1469.321320688578,-3412.687568820249,,,,1393.0,88.489
6022,1,1939,-1468.321320688578,-3411.687568820249,,,,1392.0,88.474
6023,1,1940,-1467.321320688578,-3410.687568820249,,,,1391.0,88.46
6024,1,1941,-1466.321320688578,-3409.687568820249,,,,1390.0,88.447
6025,1,1942,-1465.321320688578,-3408.687568820249,,,,1388.0,88.434
6026,1,1943,-1464.321320688578,-3407.687568820249,,,,1388.0,88.421
6027,1,1944,-1463.321320688578,-3406.687568820249,,,,1386.0,88.408
6028,1,1945,-1462.321320688578,-3405.687568820249,,,,1387.0,88.396
6029,1,1946,-1461.321320688578,-3404.687568820249,,,,1386.0,88.382
6030,1,1947,-1460.321320688578,-3403.687568820249,,,,1388.0,88.37
6031,1,1948,-1459.321320688578,-3402.687568820249,,,,1389.0,88.356
6032,1,1949,-1458.321320688578,-3401.687568820249,,,,1391.0,88.344
6033,1,1950,-1457.321320688578,-3400.687568820249,,,,1393.0,88.332
6034,1,1951,-1456.321320688578,-3399.687568820249,,,,1394.0,88.321
6035,1,1952,-1455.321320688578,-3398.687568820249,,,,1394.0,88.308
6036,1,1953,-1454.321320688578,-3397.687568820249,,,,1396.0,88.294
6037,1,1954,-1453.321320688578,-3396.687568820249,,,,1400.0,88.281
6038,1,1955,-1452.321320688578,-3395.687568820249,,,,1403.0,88.268
6039,1,1956,-1451.321320688578,-3394.687568820249,,,,1404.0,88.255
6040,1,1957,-1450.321320688578,-3393.687568820249,,,,1405.0,88.246
6041,1,1958,-1449.321320688578,-3392.687568820249,,,,1404.0,88.242
6062,1,1979,-1428.321320688578,-3371.687568820249,,,,1409.0,88.236
6063,1,1980,-1427.321320688578,-3370.687568820249,,,,1410.0,88.223
6064,1,1981,-1426.321320688578,-3369.687568820249,,,,1409.0,88.212
6065,1,1982,-1425.321320688578,-3368.687568820249,,,,1408.0,88.201
6066,1,1983,-1424.321320688578,-3367.687568820249,,,,1407.0,88.188
6067,1,1984,-1423.321320688578,-3366.687568820249,,,,1406.0,88.178
6068,1,1985,-1422.321320688578,-3365.687568820249,,,,1404.0,88.171
6069,1,1986,-1421.321320688578,-3364.687568820249,,,,1404.0,88.167
6099,1,2016,-1391.321320688578,-3334.687568820249,,,,1400.0,88.166
6100,1,2017,-1390.321320688578,-3333.687568820249,,,,1398.0,88.157
6101,1,2018,-1389.321320688578,-3332.687568820249,,,,1396.0,88.15
6102,1,2019,-1388.321320688578,-3331.687568820249,,,,1393.0,88.141
6103,1,2020,-1387.321320688578,-3330.687568820249,,,,1388.0,88.132
6104,1,2021,-1386.321320688578,-3329.687568820249,,,,1383.0,88.122
6105,1,2022,-1385.321320688578,-3328.687568820249,,,,1382.0,88.112
6106,1,2023,-1384.321320688578,-3327.687568820249,,,,1384.0,88.101
6107,1,2024,-1383.321320688578,-3326.687568820249,,,,1385.0,88.093
6108,1,2025,-1382.321320688578,-3325.687568820249,,,,1383.0,88.083
6109,1,2026,-1381.321320688578,-3324.687568820249,,,,1382.0,88.073
6110,1,2027,-1380.321320688578,-3323.687568820249,,,,1380.0,88.061
6111,1,2028,-1379.321320688578,-3322.687568820249,,,,1382.0,88.049
6112,1,2029,-1378.321320688578,-3321.687568820249,,,,1383.0,88.037
6113,1,2030,-1377.321320688578,-3320.687568820249,,,,1384.0,88.027
6114,1,2031,-1376.321320688578,-3319.687568820249,,,,1381.0,88.014
6115,1,2032,-1375.321320688578,-3318.687568820249,,,,1381.0,88.002
6116,1,2033,-1374.321320688578,-3317.687568820249,,,,1380.0,87.99
6117,1,2034,-1373.321320688578,-3316.687568820249,,,,1380.0,87.976
6118,1,2035,-1372.321320688578,-3315.687568820249,,,,1380.0,87.962
6119,1,2036,-1371.321320688578,-3314.687568820249,,,,1379.0,87.949
6120,1,2037,-1370.321320688578,-3313.687568820249,,,,1378.0,87.936
6121,1,2038,-1369.321320688578,-3312.687568820249,,,,1379.0,87.925
6122,1,2039,-1368.321320688578,-3311.687568820249,,,,1379.0,87.915
6123,1,2040,-1367.321320688578,-3310.687568820249,,,,1380.0,87.906
6124,1,2041,-1366.321320688578,-3309.687568820249,,,,1380.0,87.899
6125,1,2042,-1365.321320688578,-3308.687568820249,,,,1380.0,87.893
6126,1,2043,-1364.321320688578,-3307.687568820249,,,,1380.0,87.889
6127,1,2044,-1363.321320688578,-3306.687568820249,,,,1379.0,87.885
6128,1,2045,-1362.321320688578,-3305.687568820249,,,,1379.0,87.882
6129,1,2046,-1361.321320688578,-3304.687568820249,,,,1379.0,87.877
6130,1,2047,-1360.321320688578,-3303.687568820249,,,,1379.0,87.874
6131,1,2048,-1359.321320688578,-3302.687568820249,,,,1380.0,87.87
6132,1,2049,-1358.321320688578,-3301.687568820249,,,,1380.0,87.868
6133,1,2050,-1357.321320688578,-3300.687568820249,,,,1382.0,87.864
6134,1,2051,-1356.321320688578,-3299.687568820249,,,,1382.0,87.858
6135,1,2052,-1355.321320688578,-3298.687568820249,,,,1384.0,87.854
6136,1,2053,-1354.321320688578,-3297.687568820249,,,,1384.0,87.85
6137,1,2054,-1353.321320688578,-3296.687568820249,,,,1386.0,87.849
6155,1,2072,-1335.321320688578,-3278.687568820249,,,,1387.0,87.844
6156,1,2073,-1334.321320688578,-3277.687568820249,,,,1387.0,87.831
6157,1,2074,-1333.321320688578,-3276.687568820249,,,,1387.0,87.815
6158,1,2075,-1332.321320688578,-3275.687568820249,,,,1388.0,87.801
6159,1,2076,-1331.321320688578,-3274.687568820249,,,,1387.0,87.787
6160,1,2077,-1330.321320688578,-3273.687568820249,,,,1387.0,87.774
6161,1,2078,-1329.321320688578,-3272.687568820249,,,,1386.0,87.76
6162,1,2079,-1328.321320688578,-3271.687568820249,,,,1386.0,87.749
6163,1,2080,-1327.321320688578,-3270.687568820249,,,,1389.0,87.739
6164,1,2081,-1326.321320688578,-3269.687568820249,,,,1390.0,87.728
6165,1,2082,-1325.321320688578,-3268.687568820249,,,,1388.0,87.714
6166,1,2083,-1324.321320688578,-3267.687568820249,,,,1387.0,87.702
6167,1,2084,-1323.321320688578,-3266.687568820249,,,,1385.0,87.69
6168,1,2085,-1322.321320688578,-3265.687568820249,,,,1383.0,87.674
6169,1,2086,-1321.321320688578,-3264.687568820249,,,,1378.0,87.658
6170,1,2087,-1320.321320688578,-3263.687568820249,,,,1371.0,87.643
6171,1,2088,-1319.321320688578,-3262.687568820249,,,,1370.0,87.627
6172,1,2089,-1318.321320688578,-3261.687568820249,,,,1369.0,87.613
6173,1,2090,-1317.321320688578,-3260.687568820249,,,,1367.0,87.601
6174,1,2091,-1316.321320688578,-3259.687568820249,,,,1364.0,87.589
6175,1,2092,-1315.321320688578,-3258.687568820249,,,,1361.0,87.577
6176,1,2093,-1314.321320688578,-3257.687568820249,,,,1360.0,87.566
6177,1,2094,-1313.321320688578,-3256.687568820249,,,,1359.0,87.554
6178,1,2095,-1312.321320688578,-3255.687568820249,,,,1357.0,87.54
6179,1,2096,-1311.321320688578,-3254.687568820249,,,,1352.0,87.527
6180,1,2097,-1310.321320688578,-3253.687568820249,,,,1349.0,87.512
6181,1,2098,-1309.321320688578,-3252.687568820249,,,,1347.0,87.496
6182,1,2099,-1308.321320688578,-3251.687568820249,,,,1346.0,87.482
6183,1,2100,-1307.321320688578,-3250.687568820249,,,,1344.0,87.469
6184,1,2101,-1306.321320688578,-3249.687568820249,,,,1342.0,87.455
6185,1,2102,-1305.321320688578,-3248.687568820249,,,,1338.0,87.443
6186,1,2103,-1304.321320688578,-3247.687568820249,,,,1336.0,87.43
6187,1,2104,-1303.321320688578,-3246.687568820249,,,,1334.0,87.417
6188,1,2105,-1302.321320688578,-3245.687568820249,,,,1332.0,87.406
6189,1,2106,-1301.321320688578,-3244.687568820249,,,,1330.0,87.395
6190,1,2107,-1300.321320688578,-3243.687568820249,,,,1329.0,87.385
6191,1,2108,-1299.321320688578,-3242.687568820249,,,,1328.0,87.377
6192,1,2109,-1298.321320688578,-3241.687568820249,,,,1329.0,87.368
6193,1,2110,-1297.321320688578,-3240.687568820249,,,,1329.0,87.362
6194,1,2111,-1296.321320688578,-3239.687568820249,,,,1328.0,87.357
6195,1,2112,-1295.321320688578,-3238.687568820249,,,,1326.0,87.353
6196,1,2113,-1294.321320688578,-3237.687568820249,,,,1324.0,87.351
6197,1,2114,-1293.321320688578,-3236.687568820249,,,,1323.0,87.348
6198,1,2115,-1292.321320688578,-3235.687568820249,,,,1322.0,87.342
6199,1,2116,-1291.321320688578,-3234.687568820249,,,,1319.0,87.335
6200,1,2117,-1290.321320688578,-3233.687568820249,,,,1320.0,87.329
6201,1,2118,-1289.321320688578,-3232.687568820249,,,,1321.0,87.319
6202,1,2119,-1288.321320688578,-3231.687568820249,,,,1321.0,87.311
6203,1,2120,-1287.321320688578,-3230.687568820249,,,,1324.0,87.302
6204,1,2121,-1286.321320688578,-3229.687568820249,,,,1326.0,87.293
6205,1,2122,-1285.321320688578,-3228.687568820249,,,,1329.0,87.283
6206,1,2123,-1284.321320688578,-3227.687568820249,,,,1329.0,87.273
6207,1,2124,-1283.321320688578,-3226.687568820249,,,,1329.0,87.262
6208,1,2125,-1282.321320688578,-3225.687568820249,,,,1331.0,87.255
6209,1,2126,-1281.321320688578,-3224.687568820249,,,,1330.0,87.251
6235,1,2152,-1255.321320688578,-3198.687568820249,,,,1346.0,87.244
6236,1,2153,-1254.321320688578,-3197.687568820249,,,,1348.0,87.238
6237,1,2154,-1253.321320688578,-3196.687568820249,,,,1348.0,87.236
6260,1,2177,-1230.321320688578,-3173.687568820249,,,,1359.0,87.231
6261,1,2178,-1229.321320688578,-3172.687568820249,,,,1361.0,87.218
6262,1,2179,-1228.321320688578,-3171.687568820249,,,,1363.0,87.207
6263,1,2180,-1227.321320688578,-3170.687568820249,,,,1363.0,87.199
6264,1,2181,-1226.321320688578,-3169.687568820249,,,,1363.0,87.196
6280,1,2197,-1210.321320688578,-3153.687568820249,,,,1384.0,87.191
6281,1,2198,-1209.321320688578,-3152.687568820249,,,,1385.0,87.175
6282,1,2199,-1208.321320688578,-3151.687568820249,,,,1387.0,87.166
6283,1,2200,-1207.321320688578,-3150.687568820249,,,,1388.0,87.159
6284,1,2201,-1206.321320688578,-3149.687568820249,,,,1389.0,87.154
6285,1,2202,-1205.321320688578,-3148.687568820249,,,,1386.0,87.152
6286,1,2203,-1204.321320688578,-3147.687568820249,,,,1385.0,87.151
6315,1,2232,-1175.321320688578,-3118.687568820249,,,,1392.0,87.146
6316,1,2233,-1174.321320688578,-3117.687568820249,,,,1392.0,87.13
6317,1,2234,-1173.321320688578,-3116.687568820249,,,,1391.0,87.115
6318,1,2235,-1172.321320688578,-3115.687568820249,,,,1390.0,87.102
6319,1,2236,-1171.321320688578,-3114.687568820249,,,,1389.0,87.093
6320,1,2237,-1170.321320688578,-3113.687568820249,,,,1390.0,87.085
6321,1,2238,-1169.321320688578,-3112.687568820249,,,,1390.0,87.08
6322,1,2239,-1168.321320688578,-3111.687568820249,,,,1392.0,87.078
6323,1,2240,-1167.321320688578,-3110.687568820249,,,,1391.0,87.077
6355,1,2272,-1135.321320688578,-3078.687568820249,,,,1381.0,87.061
6356,1,2273,-1134.321320688578,-3077.687568820249,,,,1380.0,87.046
6357,1,2274,-1133.321320688578,-3076.687568820249,,,,1380.0,87.033
6358,1,2275,-1132.321320688578,-3075.687568820249,,,,1382.0,87.023
6359,1,2276,-1131.321320688578,-3074.687568820249,,,,1382.0,87.014
6360,1,2277,-1130.321320688578,-3073.687568820249,,,,1382.0,87.007
6361,1,2278,-1129.321320688578,-3072.687568820249,,,,1381.0,87.004
6362,1,2279,-1128.321320688578,-3071.687568820249,,,,1378.0,87.003
6392,1,2309,-1098.321320688578,-3041.687568820249,,,,1372.0,86.998
6393,1,2310,-1097.321320688578,-3040.687568820249,,,,1372.0,86.989
6394,1,2311,-1096.321320688578,-3039.687568820249,,,,1373.0,86.983
6395,1,2312,-1095.321320688578,-3038.687568820249,,,,1373.0,86.979
6426,1,2343,-1064.321320688578,-3007.687568820249,,,,1365.0,86.974
6427,1,2344,-1063.321320688578,-3006.687568820249,,,,1367.0,86.961
6428,1,2345,-1062.321320688578,-3005.687568820249,,,,1367.0,86.949
6429,1,2346,-1061.321320688578,-3004.687568820249,,,,1367.0,86.936
6430,1,2347,-1060.321320688578,-3003.687568820249,,,,1367.0,86.922
6431,1,2348,-1059.321320688578,-3002.687568820249,,,,1369.0,86.909
6432,1,2349,-1058.321320688578,-3001.687568820249,,,,1372.0,86.895
6433,1,2350,-1057.321320688578,-3000.687568820249,,,,1372.0,86.88
6434,1,2351,-1056.321320688578,-2999.687568820249,,,,1375.0,86.868
6435,1,2352,-1055.321320688578,-2998.687568820249,,,,1377.0,86.859
6436,1,2353,-1054.321320688578,-2997.687568820249,,,,1379.0,86.856
6452,1,2369,-1038.321320688578,-2981.687568820249,,,,1390.0,86.854
6453,1,2370,-1037.321320688578,-2980.687568820249,,,,1392.0,86.839
6454,1,2371,-1036.321320688578,-2979.687568820249,,,,1394.0,86.826
6455,1,2372,-1035.321320688578,-2978.687568820249,,,,1395.0,86.814
6456,1,2373,-1034.321320688578,-2977.687568820249,,,,1395.0,86.806
6457,1,2374,-1033.321320688578,-2976.687568820249,,,,1394.0,86.802
6479,1,2396,-1011.321320688578,-2954.687568820249,,,,1421.0,86.798
6480,1,2397,-1010.321320688578,-2953.687568820249,,,,1421.0,86.785
6481,1,2398,-1009.321320688578,-2952.687568820249,,,,1422.0,86.774
6482,1,2399,-1008.321320688578,-2951.687568820249,,,,1423.0,86.766
6483,1,2400,-1007.321320688578,-2950.687568820249,,,,1424.0,86.762
6540,1,2457,-950.321320688578,-2893.687568820249,,,,1490.0,86.757
6541,1,2458,-949.321320688578,-2892.687568820249,,,,1491.0,86.751
6542,1,2459,-948.321320688578,-2891.687568820249,,,,1492.0,86.746
6543,1,2460,-947.321320688578,-2890.687568820249,,,,1493.0,86.738
6544,1,2461,-946.321320688578,-2889.687568820249,,,,1494.0,86.733
6545,1,2462,-945.321320688578,-2888.687568820249,,,,1496.0,86.725
6546,1,2463,-944.321320688578,-2887.687568820249,,,,1502.0,86.719
6547,1,2464,-943.321320688578,-2886.687568820249,,,,1505.0,86.709
6548,1,2465,-942.321320688578,-2885.687568820249,,,,1507.0,86.701
6549,1,2466,-941.321320688578,-2884.687568820249,,,,1507.0,86.689
6550,1,2467,-940.321320688578,-2883.687568820249,,,,1508.0,86.676
6551,1,2468,-939.321320688578,-2882.687568820249,,,,1510.0,86.664
6552,1,2469,-938.321320688578,-2881.687568820249,,,,1511.0,86.651
6553,1,2470,-937.321320688578,-2880.687568820249,,,,1511.0,86.637
6554,1,2471,-936.321320688578,-2879.687568820249,,,,1510.0,86.624
6555,1,2472,-935.321320688578,-2878.687568820249,,,,1506.0,86.612
6556,1,2473,-934.321320688578,-2877.687568820249,,,,1506.0,86.601
6557,1,2474,-933.321320688578,-2876.687568820249,,,,1506.0,86.594
6558,1,2475,-932.321320688578,-2875.687568820249,,,,1507.0,86.587
6559,1,2476,-931.321320688578,-2874.687568820249,,,,1504.0,86.583
6560,1,2477,-930.321320688578,-2873.687568820249,,,,1502.0,86.58
6561,1,2478,-929.321320688578,-2872.687568820249,,,,1501.0,86.578
6562,1,2479,-928.321320688578,-2871.687568820249,,,,1499.0,86.577
6563,1,2480,-927.321320688578,-2870.687568820249,,,,1497.0,86.575
6680,1,2597,-810.321320688578,-2753.687568820249,,,,1486.0,86.568
6681,1,2598,-809.321320688578,-2752.687568820249,,,,1488.0,86.556
6682,1,2599,-808.321320688578,-2751.687568820249,,,,1491.0,86.544
6683,1,2600,-807.321320688578,-2750.687568820249,,,,1490.0,86.532
6684,1,2601,-806.321320688578,-2749.687568820249,,,,1485.0,86.52
6685,1,2602,-805.321320688578,-2748.687568820249,,,,1482.0,86.505
6686,1,2603,-804.321320688578,-2747.687568820249,,,,1481.0,86.491
6687,1,2604,-803.321320688578,-2746.687568820249,,,,1481.0,86.478
6688,1,2605,-802.321320688578,-2745.687568820249,,,,1479.0,86.465
6689,1,2606,-801.321320688578,-2744.687568820249,,,,1478.0,86.453
6690,1,2607,-800.321320688578,-2743.687568820249,,,,1476.0,86.437
6691,1,2608,-799.321320688578,-2742.687568820249,,,,1473.0,86.422
6692,1,2609,-798.321320688578,-2741.687568820249,,,,1471.0,86.406
6693,1,2610,-797.321320688578,-2740.687568820249,,,,1467.0,86.39
6694,1,2611,-796.321320688578,-2739.687568820249,,,,1465.0,86.377
6695,1,2612,-795.321320688578,-2738.687568820249,,,,1462.0,86.363
6696,1,2613,-794.321320688578,-2737.687568820249,,,,1460.0,86.35
6697,1,2614,-793.321320688578,-2736.687568820249,,,,1459.0,86.34
6698,1,2615,-792.321320688578,-2735.687568820249,,,,1459.0,86.332
6699,1,2616,-791.321320688578,-2734.687568820249,,,,1458.0,86.327
6700,1,2617,-790.321320688578,-2733.687568820249,,,,1458.0,86.325
7607,2,99,116.678679311422,-1826.687568820249,,,,1329.0,86.318
7608,2,100,117.678679311422,-1825.687568820249,,,,1326.0,86.311
7609,2,101,118.678679311422,-1824.687568820249,,,,1325.0,86.303
7610,2,102,119.678679311422,-1823.687568820249,,,,1323.0,86.293
7611,2,103,120.678679311422,-1822.687568820249,,,,1323.0,86.284
7612,2,104,121.678679311422,-1821.687568820249,,,,1321.0,86.275
7613,2,105,122.678679311422,-1820.687568820249,,,,1320.0,86.266
7614,2,106,123.678679311422,-1819.687568820249,,,,1317.0,86.255
7615,2,107,124.678679311422,-1818.687568820249,,,,1315.0,86.244
7616,2,108,125.678679311422,-1817.687568820249,,,,1313.0,86.232
7617,2,109,126.678679311422,-1816.687568820249,,,,1312.0,86.219
7618,2,110,127.678679311422,-1815.687568820249,,,,1310.0,86.207
7619,2,111,128.678679311422,-1814.687568820249,,,,1308.0,86.194
7620,2,112,129.678679311422,-1813.687568820249,,,,1305.0,86.182
7621,2,113,130.678679311422,-1812.687568820249,,,,1304.0,86.171
7622,2,114,131.678679311422,-1811.687568820249,,,,1302.0,86.158
7623,2,115,132.678679311422,-1810.687568820249,,,,1300.0,86.146
7624,2,116,133.678679311422,-1809.687568820249,,,,1298.0,86.134
7625,2,117,134.678679311422,-1808.687568820249,,,,1297.0,86.124
7626,2,118,135.678679311422,-1807.687568820249,,,,1300.0,86.114
7627,2,119,136.678679311422,-1806.687568820249,,,,1302.0,86.104
7628,2,120,137.678679311422,-1805.687568820249,,,,1302.0,86.093
7629,2,121,138.678679311422,-1804.687568820249,,,,1301.0,86.082
7630,2,122,139.678679311422,-1803.687568820249,,,,1300.0,86.072
7631,2,123,140.678679311422,-1802.687568820249,,,,1299.0,86.06
7632,2,124,141.678679311422,-1801.687568820249,,,,1298.0,86.05
7633,2,125,142.678679311422,-1800.687568820249,,,,1295.0,86.037
7634,2,126,143.678679311422,-1799.687568820249,,,,1291.0,86.026
7635,2,127,144.678679311422,-1798.687568820249,,,,1287.0,86.013
7636,2,128,145.678679311422,-1797.687568820249,,,,1282.0,86.001
7637,2,129,146.678679311422,-1796.687568820249,,,,1281.0,85.991
7638,2,130,147.678679311422,-1795.687568820249,,,,1278.0,85.98
7639,2,131,148.678679311422,-1794.687568820249,,,,1277.0,85.97
7640,2,132,149.678679311422,-1793.687568820249,,,,1275.0,85.961
7641,2,133,150.678679311422,-1792.687568820249,,,,1272.0,85.95
7642,2,134,151.678679311422,-1791.687568820249,,,,1270.0,85.941
7643,2,135,152.678679311422,-1790.687568820249,,,,1268.0,85.93
7644,2,136,153.678679311422,-1789.687568820249,,,,1266.0,85.922
7645,2,137,154.678679311422,-1788.687568820249,,,,1263.0,85.911
7646,2,138,155.678679311422,-1787.687568820249,,,,1260.0,85.902
7647,2,139,156.678679311422,-1786.687568820249,,,,1258.0,85.893
7648,2,140,157.678679311422,-1785.687568820249,,,,1257.0,85.884
7649,2,141,158.678679311422,-1784.687568820249,,,,1256.0,85.876
7650,2,142,159.678679311422,-1783.687568820249,,,,1254.0,85.866
7651,2,143,160.678679311422,-1782.687568820249,,,,1254.0,85.856
7652,2,144,161.678679311422,-1781.687568820249,,,,1253.0,85.848
7653,2,145,162.678679311422,-1780.687568820249,,,,1254.0,85.839
7654,2,146,163.678679311422,-1779.687568820249,,,,1252.0,85.83
7655,2,147,164.678679311422,-1778.687568820249,,,,1252.0,85.821
7656,2,148,165.678679311422,-1777.687568820249,,,,1251.0,85.812
7657,2,149,166.678679311422,-1776.687568820249,,,,1247.0,85.803
7658,2,150,167.678679311422,-1775.687568820249,,,,1244.0,85.794
7659,2,151,168.678679311422,-1774.687568820249,,,,1239.0,85.782
7660,2,152,169.678679311422,-1773.687568820249,,,,1235.0,85.772
7661,2,153,170.678679311422,-1772.687568820249,,,,1233.0,85.76
7662,2,154,171.678679311422,-1771.687568820249,,,,1229.0,85.748
7663,2,155,172.678679311422,-1770.687568820249,,,,1220.0,85.735
7664,2,156,173.678679311422,-1769.687568820249,,,,1213.0,85.721
7665,2,157,174.678679311422,-1768.687568820249,,,,1213.0,85.707
7666,2,158,175.678679311422,-1767.687568820249,,,,1214.0,85.695
7667,2,159,176.678679311422,-1766.687568820249,,,,1216.0,85.682
7668,2,160,177.678679311422,-1765.687568820249,,,,1216.0,85.671
7669,2,161,178.678679311422,-1764.687568820249,,,,1216.0,85.657
7670,2,162,179.678679311422,-1763.687568820249,,,,1211.0,85.644
7671,2,163,180.678679311422,-1762.687568820249,,,,1205.0,85.629
7672,2,164,181.678679311422,-1761.687568820249,,,,1199.0,85.614
7673,2,165,182.678679311422,-1760.687568820249,,,,1198.0,85.601
7674,2,166,183.678679311422,-1759.687568820249,,,,1197.0,85.591
7675,2,167,184.678679311422,-1758.687568820249,,,,1201.0,85.581
7676,2,168,185.678679311422,-1757.687568820249,,,,1201.0,85.573
7677,2,169,186.678679311422,-1756.687568820249,,,,1198.0,85.565
7678,2,170,187.678679311422,-1755.687568820249,,,,1196.0,85.556
7679,2,171,188.678679311422,-1754.687568820249,,,,1196.0,85.55
7680,2,172,189.678679311422,-1753.687568820249,,,,1195.0,85.543
7681,2,173,190.678679311422,-1752.687568820249,,,,1193.0,85.539
7682,2,174,191.678679311422,-1751.687568820249,,,,1191.0,85.533
7683,2,175,192.678679311422,-1750.687568820249,,,,1189.0,85.53
7684,2,176,193.678679311422,-1749.687568820249,,,,1185.0,85.527
7685,2,177,194.678679311422,-1748.687568820249,,,,1181.0,85.524
7686,2,178,195.678679311422,-1747.687568820249,,,,1178.0,85.52
7687,2,179,196.678679311422,-1746.687568820249,,,,1174.0,85.515
7688,2,180,197.678679311422,-1745.687568820249,,,,1172.0,85.509
7689,2,181,198.678679311422,-1744.687568820249,,,,1172.0,85.505
7690,2,182,199.678679311422,-1743.687568820249,,,,1173.0,85.499
7691,2,183,200.678679311422,-1742.687568820249,,,,1173.0,85.494
7692,2,184,201.678679311422,-1741.687568820249,,,,1171.0,85.487
7693,2,185,202.678679311422,-1740.687568820249,,,,1169.0,85.48
7694,2,186,203.678679311422,-1739.687568820249,,,,1167.0,85.475
7695,2,187,204.678679311422,-1738.687568820249,,,,1164.0,85.469
7696,2,188,205.678679311422,-1737.687568820249,,,,1162.0,85.465
7697,2,189,206.678679311422,-1736.687568820249,,,,1159.0,85.462
7698,2,190,207.678679311422,-1735.687568820249,,,,1156.0,85.458
7699,2,191,208.678679311422,-1734.687568820249,,,,1158.0,85.453
7700,2,192,209.678679311422,-1733.687568820249,,,,1153.0,85.45
7701,2,193,210.678679311422,-1732.687568820249,,,,1150.0,85.444
7702,2,194,211.678679311422,-1731.687568820249,,,,1148.0,85.437
7703,2,195,212.678679311422,-1730.687568820249,,,,1143.0,85.43
7704,2,196,213.678679311422,-1729.687568820249,,,,1141.0,85.426
7705,2,197,214.678679311422,-1728.687568820249,,,,1137.0,85.42
7706,2,198,215.678679311422,-1727.687568820249,,,,1134.0,85.416
7707,2,199,216.678679311422,-1726.687568820249,,,,1132.0,85.411
7708,2,200,217.678679311422,-1725.687568820249,,,,1132.0,85.406
7709,2,201,218.678679311422,-1724.687568820249,,,,1129.0,85.402
7710,2,202,219.678679311422,-1723.687568820249,,,,1127.0,85.395
7711,2,203,220.678679311422,-1722.687568820249,,,,1123.0,85.391
7712,2,204,221.678679311422,-1721.687568820249,,,,1121.0,85.386
7713,2,205,222.678679311422,-1720.687568820249,,,,1121.0,85.383
7714,2,206,223.678679311422,-1719.687568820249,,,,1119.0,85.378
7715,2,207,224.678679311422,-1718.687568820249,,,,1118.0,85.373
7716,2,208,225.678679311422,-1717.687568820249,,,,1116.0,85.37
7717,2,209,226.678679311422,-1716.687568820249,,,,1115.0,85.364
7718,2,210,227.678679311422,-1715.687568820249,,,,1114.0,85.359
7719,2,211,228.678679311422,-1714.687568820249,,,,1113.0,85.354
7720,2,212,229.678679311422,-1713.687568820249,,,,1111.0,85.346
7721,2,213,230.678679311422,-1712.687568820249,,,,1108.0,85.338
7722,2,214,231.678679311422,-1711.687568820249,,,,1103.0,85.327
7723,2,215,232.678679311422,-1710.687568820249,,,,1098.0,85.318
7724,2,216,233.678679311422,-1709.687568820249,,,,1095.0,85.309
7725,2,217,234.678679311422,-1708.687568820249,,,,1092.0,85.3
7726,2,218,235.678679311422,-1707.687568820249,,,,1090.0,85.292
7727,2,219,236.678679311422,-1706.687568820249,,,,1088.0,85.285
7728,2,220,237.678679311422,-1705.687568820249,,,,1087.0,85.278
7729,2,221,238.678679311422,-1704.687568820249,,,,1086.0,85.27
7730,2,222,239.678679311422,-1703.687568820249,,,,1081.0,85.263
7731,2,223,240.678679311422,-1702.687568820249,,,,1078.0,85.255
7732,2,224,241.678679311422,-1701.687568820249,,,,1075.0,85.247
7733,2,225,242.678679311422,-1700.687568820249,,,,1078.0,85.238
7734,2,226,243.678679311422,-1699.687568820249,,,,1081.0,85.229
7735,2,227,244.678679311422,-1698.687568820249,,,,1083.0,85.223
7736,2,228,245.678679311422,-1697.687568820249,,,,1084.0,85.215
7737,2,229,246.678679311422,-1696.687568820249,,,,1087.0,85.204
7738,2,230,247.678679311422,-1695.687568820249,,,,1089.0,85.195
7739,2,231,248.678679311422,-1694.687568820249,,,,1086.0,85.183
7740,2,232,249.678679311422,-1693.687568820249,,,,1081.0,85.171
7741,2,233,250.678679311422,-1692.687568820249,,,,1077.0,85.157
7742,2,234,251.678679311422,-1691.687568820249,,,,1075.0,85.144
7743,2,235,252.678679311422,-1690.687568820249,,,,1075.0,85.131
7744,2,236,253.678679311422,-1689.687568820249,,,,1078.0,85.118
7745,2,237,254.678679311422,-1688.687568820249,,,,1078.0,85.105
7746,2,238,255.678679311422,-1687.687568820249,,,,1078.0,85.093
7747,2,239,256.678679311422,-1686.687568820249,,,,1078.0,85.08
7748,2,240,257.678679311422,-1685.687568820249,,,,1080.0,85.067
7749,2,241,258.678679311422,-1684.687568820249,,,,1081.0,85.054
7750,2,242,259.678679311422,-1683.687568820249,,,,1080.0,85.041
7751,2,243,260.678679311422,-1682.687568820249,,,,1078.0,85.027
7752,2,244,261.678679311422,-1681.687568820249,,,,1077.0,85.016
7753,2,245,262.678679311422,-1680.687568820249,,,,1082.0,85.005
7754,2,246,263.678679311422,-1679.687568820249,,,,1089.0,84.991
7755,2,247,264.678679311422,-1678.687568820249,,,,1095.0,84.979
7756,2,248,265.678679311422,-1677.687568820249,,,,1096.0,84.965
7757,2,249,266.678679311422,-1676.687568820249,,,,1094.0,84.952
7758,2,250,267.678679311422,-1675.687568820249,,,,1096.0,84.937
7759,2,251,268.678679311422,-1674.687568820249,,,,1098.0,84.925
7760,2,252,269.678679311422,-1673.687568820249,,,,1101.0,84.91
7761,2,253,270.678679311422,-1672.687568820249,,,,1105.0,84.897
7762,2,254,271.678679311422,-1671.687568820249,,,,1106.0,84.883
7763,2,255,272.678679311422,-1670.687568820249,,,,1108.0,84.869
7764,2,256,273.678679311422,-1669.687568820249,,,,1108.0,84.858
7765,2,257,274.678679311422,-1668.687568820249,,,,1115.0,84.845
7766,2,258,275.678679311422,-1667.687568820249,,,,1121.0,84.836
7767,2,259,276.678679311422,-1666.687568820249,,,,1128.0,84.827
7768,2,260,277.678679311422,-1665.687568820249,,,,1131.0,84.821
7769,2,261,278.678679311422,-1664.687568820249,,,,1132.0,84.814
7770,2,262,279.678679311422,-1663.687568820249,,,,1130.0,84.809
7799,2,291,308.678679311422,-1634.687568820249,,,,1190.0,84.801
7800,2,292,309.678679311422,-1633.687568820249,,,,1193.0,84.788
7801,2,293,310.678679311422,-1632.687568820249,,,,1195.0,84.777
7802,2,294,311.678679311422,-1631.687568820249,,,,1196.0,84.768
7803,2,295,312.678679311422,-1630.687568820249,,,,1196.0,84.761
7804,2,296,313.678679311422,-1629.687568820249,,,,1196.0,84.759
7918,2,410,427.678679311422,-1515.687568820249,,,,1346.0,84.747
7919,2,411,428.678679311422,-1514.687568820249,,,,1346.0,84.733
7920,2,412,429.678679311422,-1513.687568820249,,,,1347.0,84.722
7921,2,413,430.678679311422,-1512.687568820249,,,,1349.0,84.709
7922,2,414,431.678679311422,-1511.687568820249,,,,1350.0,84.699
7923,2,415,432.678679311422,-1510.687568820249,,,,1350.0,84.687
7924,2,416,433.678679311422,-1509.687568820249,,,,1348.0,84.675
7925,2,417,434.678679311422,-1508.687568820249,,,,1348.0,84.662
7926,2,418,435.678679311422,-1507.687568820249,,,,1345.0,84.649
7927,2,419,436.678679311422,-1506.687568820249,,,,1345.0,84.634
7928,2,420,437.678679311422,-1505.687568820249,,,,1344.0,84.621
7929,2,421,438.678679311422,-1504.687568820249,,,,1343.0,84.606
7930,2,422,439.678679311422,-1503.687568820249,,,,1341.0,84.591
7931,2,423,440.678679311422,-1502.687568820249,,,,1338.0,84.576
7932,2,424,441.678679311422,-1501.687568820249,,,,1336.0,84.56
7933,2,425,442.678679311422,-1500.687568820249,,,,1333.0,84.543
7934,2,426,443.678679311422,-1499.687568820249,,,,1333.0,84.527
7935,2,427,444.678679311422,-1498.687568820249,,,,1334.0,84.511
7936,2,428,445.678679311422,-1497.687568820249,,,,1330.0,84.495
7937,2,429,446.678679311422,-1496.687568820249,,,,1328.0,84.48
7938,2,430,447.678679311422,-1495.687568820249,,,,1326.0,84.466
7939,2,431,448.678679311422,-1494.687568820249,,,,1325.0,84.452
7940,2,432,449.678679311422,-1493.687568820249,,,,1322.0,84.438
7941,2,433,450.678679311422,-1492.687568820249,,,,1321.0,84.422
7942,2,434,451.678679311422,-1491.687568820249,,,,1321.0,84.408
7943,2,435,452.678679311422,-1490.687568820249,,,,1319.0,84.395
7944,2,436,453.678679311422,-1489.687568820249,,,,1319.0,84.381
7945,2,437,454.678679311422,-1488.687568820249,,,,1319.0,84.366
7946,2,438,455.678679311422,-1487.687568820249,,,,1318.0,84.351
7947,2,439,456.678679311422,-1486.687568820249,,,,1320.0,84.336
7948,2,440,457.678679311422,-1485.687568820249,,,,1318.0,84.322
7949,2,441,458.678679311422,-1484.687568820249,,,,1317.0,84.306
7950,2,442,459.678679311422,-1483.687568820249,,,,1317.0,84.292
7951,2,443,460.678679311422,-1482.687568820249,,,,1317.0,84.279
7952,2,444,461.678679311422,-1481.687568820249,,,,1317.0,84.268
7953,2,445,462.678679311422,-1480.687568820249,,,,1316.0,84.257
7954,2,446,463.678679311422,-1479.687568820249,,,,1313.0,84.246
7955,2,447,464.678679311422,-1478.687568820249,,,,1309.0,84.235
7956,2,448,465.678679311422,-1477.687568820249,,,,1303.0,84.22
7957,2,449,466.678679311422,-1476.687568820249,,,,1294.0,84.205
7958,2,450,467.678679311422,-1475.687568820249,,,,1290.0,84.19
7959,2,451,468.678679311422,-1474.687568820249,,,,1285.0,84.176
7960,2,452,469.678679311422,-1473.687568820249,,,,1284.0,84.162
7961,2,453,470.678679311422,-1472.687568820249,,,,1285.0,84.151
7962,2,454,471.678679311422,-1471.687568820249,,,,1287.0,84.141
7963,2,455,472.678679311422,-1470.687568820249,,,,1291.0,84.131
7964,2,456,473.678679311422,-1469.687568820249,,,,1293.0,84.122
7965,2,457,474.678679311422,-1468.687568820249,,,,1295.0,84.115
7966,2,458,475.678679311422,-1467.687568820249,,,,1297.0,84.104
7967,2,459,476.678679311422,-1466.687568820249,,,,1297.0,84.089
7968,2,460,477.678679311422,-1465.687568820249,,,,1296.0,84.078
7969,2,461,478.678679311422,-1464.687568820249,,,,1296.0,84.065
7970,2,462,479.678679311422,-1463.687568820249,,,,1296.0,84.053
7971,2,463,480.678679311422,-1462.687568820249,,,,1296.0,84.039
7972,2,464,481.678679311422,-1461.687568820249,,,,1296.0,84.028
7973,2,465,482.678679311422,-1460.687568820249,,,,1294.0,84.016
7974,2,466,483.678679311422,-1459.687568820249,,,,1292.0,84.003
7975,2,467,484.678679311422,-1458.687568820249,,,,1290.0,83.988
7976,2,468,485.678679311422,-1457.687568820249,,,,1290.0,83.975
7977,2,469,486.678679311422,-1456.687568820249,,,,1292.0,83.963
7978,2,470,487.678679311422,-1455.687568820249,,,,1291.0,83.947
7979,2,471,488.678679311422,-1454.687568820249,,,,1290.0,83.934
7980,2,472,489.678679311422,-1453.687568820249,,,,1290.0,83.92
7981,2,473,490.678679311422,-1452.687568820249,,,,1290.0,83.907
7982,2,474,491.678679311422,-1451.687568820249,,,,1290.0,83.893
7983,2,475,492.678679311422,-1450.687568820249,,,,1292.0,83.88
7984,2,476,493.678679311422,-1449.687568820249,,,,1296.0,83.869
7985,2,477,494.678679311422,-1448.687568820249,,,,1297.0,83.859
7986,2,478,495.678679311422,-1447.687568820249,,,,1296.0,83.849
7987,2,479,496.678679311422,-1446.687568820249,,,,1297.0,83.837
7988,2,480,497.678679311422,-1445.687568820249,,,,1298.0,83.825
7989,2,481,498.678679311422,-1444.687568820249,,,,1300.0,83.815
7990,2,482,499.678679311422,-1443.687568820249,,,,1299.0,83.801
7991,2,483,500.678679311422,-1442.687568820249,,,,1299.0,83.789
7992,2,484,501.678679311422,-1441.687568820249,,,,1299.0,83.776
7993,2,485,502.678679311422,-1440.687568820249,,,,1302.0,83.765
7994,2,486,503.678679311422,-1439.687568820249,,,,1304.0,83.753
7995,2,487,504.678679311422,-1438.687568820249,,,,1307.0,83.742
7996,2,488,505.678679311422,-1437.687568820249,,,,1310.0,83.732
7997,2,489,506.678679311422,-1436.687568820249,,,,1313.0,83.722
7998,2,490,507.678679311422,-1435.687568820249,,,,1315.0,83.712
7999,2,491,508.678679311422,-1434.687568820249,,,,1313.0,83.7
8000,2,492,509.678679311422,-1433.687568820249,,,,1311.0,83.689
8001,2,493,510.678679311422,-1432.687568820249,,,,1312.0,83.679
8002,2,494,511.678679311422,-1431.687568820249,,,,1313.0,83.668
8003,2,495,512.678679311422,-1430.687568820249,,,,1314.0,83.658
8004,2,496,513.678679311422,-1429.687568820249,,,,1316.0,83.646
8005,2,497,514.678679311422,-1428.687568820249,,,,1317.0,83.634
8006,2,498,515.678679311422,-1427.687568820249,,,,1318.0,83.625
8007,2,499,516.678679311422,-1426.687568820249,,,,1320.0,83.614
8008,2,500,517.678679311422,-1425.687568820249,,,,1320.0,83.605
8009,2,501,518.678679311422,-1424.687568820249,,,,1320.0,83.594
8010,2,502,519.678679311422,-1423.687568820249,,,,1319.0,83.581
8011,2,503,520.678679311422,-1422.687568820249,,,,1319.0,83.568
8012,2,504,521.678679311422,-1421.687568820249,,,,1319.0,83.556
8013,2,505,522.678679311422,-1420.687568820249,,,,1320.0,83.543
8014,2,506,523.678679311422,-1419.687568820249,,,,1321.0,83.534
8015,2,507,524.678679311422,-1418.687568820249,,,,1325.0,83.526
8016,2,508,525.678679311422,-1417.687568820249,,,,1327.0,83.519
8017,2,509,526.678679311422,-1416.687568820249,,,,1329.0,83.513
8018,2,510,527.678679311422,-1415.687568820249,,,,1329.0,83.506
8019,2,511,528.678679311422,-1414.687568820249,,,,1330.0,83.499
8020,2,512,529.678679311422,-1413.687568820249,,,,1331.0,83.491
8021,2,513,530.678679311422,-1412.687568820249,,,,1331.0,83.484
8022,2,514,531.678679311422,-1411.687568820249,,,,1333.0,83.475
8023,2,515,532.678679311422,-1410.687568820249,,,,1336.0,83.469
8024,2,516,533.678679311422,-1409.687568820249,,,,1336.0,83.462
8025,2,517,534.678679311422,-1408.687568820249,,,,1335.0,83.455
8026,2,518,535.678679311422,-1407.687568820249,,,,1332.0,83.446
8027,2,519,536.678679311422,-1406.687568820249,,,,1331.0,83.434
8028,2,520,537.678679311422,-1405.687568820249,,,,1331.0,83.422
8029,2,521,538.678679311422,-1404.687568820249,,,,1332.0,83.412
8030,2,522,539.678679311422,-1403.687568820249,,,,1331.0,83.404
8031,2,523,540.678679311422,-1402.687568820249,,,,1332.0,83.395
8032,2,524,541.678679311422,-1401.687568820249,,,,1330.0,83.387
8033,2,525,542.678679311422,-1400.687568820249,,,,1325.0,83.376
8034,2,526,543.678679311422,-1399.687568820249,,,,1321.0,83.362
8035,2,527,544.678679311422,-1398.687568820249,,,,1320.0,83.349
8036,2,528,545.678679311422,-1397.687568820249,,,,1319.0,83.337
8037,2,529,546.678679311422,-1396.687568820249,,,,1318.0,83.324
8038,2,530,547.678679311422,-1395.687568820249,,,,1317.0,83.311
8039,2,531,548.678679311422,-1394.687568820249,,,,1316.0,83.299
8040,2,532,549.678679311422,-1393.687568820249,,,,1314.0,83.285
8041,2,533,550.678679311422,-1392.687568820249,,,,1315.0,83.272
8042,2,534,551.678679311422,-1391.687568820249,,,,1313.0,83.259
8043,2,535,552.678679311422,-1390.687568820249,,,,1312.0,83.245
8044,2,536,553.678679311422,-1389.687568820249,,,,1311.0,83.23
8045,2,537,554.678679311422,-1388.687568820249,,,,1311.0,83.216
8046,2,538,555.678679311422,-1387.687568820249,,,,1310.0,83.2
8047,2,539,556.678679311422,-1386.687568820249,,,,1309.0,83.184
8048,2,540,557.678679311422,-1385.687568820249,,,,1308.0,83.169
8049,2,541,558.678679311422,-1384.687568820249,,,,1307.0,83.155
8050,2,542,559.678679311422,-1383.687568820249,,,,1307.0,83.142
8051,2,543,560.678679311422,-1382.687568820249,,,,1304.0,83.128
8052,2,544,561.678679311422,-1381.687568820249,,,,1303.0,83.113
8053,2,545,562.678679311422,-1380.687568820249,,,,1302.0,83.098
8054,2,546,563.678679311422,-1379.687568820249,,,,1299.0,83.083
8055,2,547,564.678679311422,-1378.687568820249,,,,1300.0,83.07
8056,2,548,565.678679311422,-1377.687568820249,,,,1300.0,83.055
8057,2,549,566.678679311422,-1376.687568820249,,,,1301.0,83.041
8058,2,550,567.678679311422,-1375.687568820249,,,,1299.0,83.026
8059,2,551,568.678679311422,-1374.687568820249,,,,1296.0,83.009
8060,2,552,569.678679311422,-1373.687568820249,,,,1293.0,82.993
8061,2,553,570.678679311422,-1372.687568820249,,,,1289.0,82.976
8062,2,554,571.678679311422,-1371.687568820249,,,,1289.0,82.961
8063,2,555,572.678679311422,-1370.687568820249,,,,1288.0,82.948
8064,2,556,573.678679311422,-1369.687568820249,,,,1285.0,82.935
8065,2,557,574.678679311422,-1368.687568820249,,,,1285.0,82.922
8066,2,558,575.678679311422,-1367.687568820249,,,,1284.0,82.907
8067,2,559,576.678679311422,-1366.687568820249,,,,1285.0,82.896
8068,2,560,577.678679311422,-1365.687568820249,,,,1283.0,82.883
8069,2,561,578.678679311422,-1364.687568820249,,,,1283.0,82.871
8070,2,562,579.678679311422,-1363.687568820249,,,,1280.0,82.859
8071,2,563,580.678679311422,-1362.687568820249,,,,1276.0,82.846
8072,2,564,581.678679311422,-1361.687568820249,,,,1271.0,82.83
8073,2,565,582.678679311422,-1360.687568820249,,,,1267.0,82.813
8074,2,566,583.678679311422,-1359.687568820249,,,,1266.0,82.797
8075,2,567,584.678679311422,-1358.687568820249,,,,1264.0,82.783
8076,2,568,585.678679311422,-1357.687568820249,,,,1266.0,82.771
8077,2,569,586.678679311422,-1356.687568820249,,,,1268.0,82.759
8078,2,570,587.678679311422,-1355.687568820249,,,,1269.0,82.748
8079,2,571,588.678679311422,-1354.687568820249,,,,1268.0,82.737
8080,2,572,589.678679311422,-1353.687568820249,,,,1268.0,82.724
8081,2,573,590.678679311422,-1352.687568820249,,,,1264.0,82.71
8082,2,574,591.678679311422,-1351.687568820249,,,,1263.0,82.695
8083,2,575,592.678679311422,-1350.687568820249,,,,1262.0,82.679
8084,2,576,593.678679311422,-1349.687568820249,,,,1261.0,82.665
8085,2,577,594.678679311422,-1348.687568820249,,,,1263.0,82.652
8086,2,578,595.678679311422,-1347.687568820249,,,,1263.0,82.642
8087,2,579,596.678679311422,-1346.687568820249,,,,1264.0,82.632
8088,2,580,597.678679311422,-1345.687568820249,,,,1264.0,82.622
8089,2,581,598.678679311422,-1344.687568820249,,,,1265.0,82.612
8090,2,582,599.678679311422,-1343.687568820249,,,,1264.0,82.602
8091,2,583,600.678679311422,-1342.687568820249,,,,1264.0,82.592
8092,2,584,601.678679311422,-1341.687568820249,,,,1262.0,82.582
8093,2,585,602.678679311422,-1340.687568820249,,,,1260.0,82.571
8094,2,586,603.678679311422,-1339.687568820249,,,,1259.0,82.561
8095,2,587,604.678679311422,-1338.687568820249,,,,1257.0,82.549
8096,2,588,605.678679311422,-1337.687568820249,,,,1258.0,82.536
8097,2,589,606.678679311422,-1336.687568820249,,,,1256.0,82.523
8098,2,590,607.678679311422,-1335.687568820249,,,,1256.0,82.512
8099,2,591,608.678679311422,-1334.687568820249,,,,1254.0,82.5
8100,2,592,609.678679311422,-1333.687568820249,,,,1254.0,82.49
8101,2,593,610.678679311422,-1332.687568820249,,,,1254.0,82.479
8102,2,594,611.678679311422,-1331.687568820249,,,,1253.0,82.467
8103,2,595,612.678679311422,-1330.687568820249,,,,1253.0,82.458
8104,2,596,613.678679311422,-1329.687568820249,,,,1251.0,82.446
8105,2,597,614.678679311422,-1328.687568820249,,,,1250.0,82.436
8106,2,598,615.678679311422,-1327.687568820249,,,,1249.0,82.425
8107,2,599,616.678679311422,-1326.687568820249,,,,1248.0,82.413
8108,2,600,617.678679311422,-1325.687568820249,,,,1245.0,82.398
8109,2,601,618.678679311422,-1324.687568820249,,,,1244.0,82.386
8110,2,602,619.678679311422,-1323.687568820249,,,,1240.0,82.372
8111,2,603,620.678679311422,-1322.687568820249,,,,1238.0,82.357
8112,2,604,621.678679311422,-1321.687568820249,,,,1236.0,82.343
8113,2,605,622.678679311422,-1320.687568820249,,,,1236.0,82.328
8114,2,606,623.678679311422,-1319.687568820249,,,,1236.0,82.313
8115,2,607,624.678679311422,-1318.687568820249,,,,1235.0,82.3
8116,2,608,625.678679311422,-1317.687568820249,,,,1234.0,82.287
8117,2,609,626.678679311422,-1316.687568820249,,,,1233.0,82.277
8118,2,610,627.678679311422,-1315.687568820249,,,,1232.0,82.267
8119,2,611,628.678679311422,-1314.687568820249,,,,1231.0,82.255
8120,2,612,629.678679311422,-1313.687568820249,,,,1230.0,82.244
8121,2,613,630.678679311422,-1312.687568820249,,,,1229.0,82.23
8122,2,614,631.678679311422,-1311.687568820249,,,,1228.0,82.218
8123,2,615,632.678679311422,-1310.687568820249,,,,1226.0,82.204
8124,2,616,633.678679311422,-1309.687568820249,,,,1223.0,82.189
8125,2,617,634.678679311422,-1308.687568820249,,,,1221.0,82.174
8126,2,618,635.678679311422,-1307.687568820249,,,,1220.0,82.158
8127,2,619,636.678679311422,-1306.687568820249,,,,1221.0,82.143
8128,2,620,637.678679311422,-1305.687568820249,,,,1223.0,82.13
8129,2,621,638.678679311422,-1304.687568820249,,,,1225.0,82.115
8130,2,622,639.678679311422,-1303.687568820249,,,,1225.0,82.102
8131,2,623,640.678679311422,-1302.687568820249,,,,1225.0,82.089
8132,2,624,641.678679311422,-1301.687568820249,,,,1223.0,82.077
8133,2,625,642.678679311422,-1300.687568820249,,,,1223.0,82.063
8134,2,626,643.678679311422,-1299.687568820249,,,,1223.0,82.049
8135,2,627,644.678679311422,-1298.687568820249,,,,1223.0,82.036
8136,2,628,645.678679311422,-1297.687568820249,,,,1223.0,82.025
8137,2,629,646.678679311422,-1296.687568820249,,,,1220.0,82.01
8138,2,630,647.678679311422,-1295.687568820249,,,,1217.0,81.995
8139,2,631,648.678679311422,-1294.687568820249,,,,1217.0,81.98
8140,2,632,649.678679311422,-1293.687568820249,,,,1217.0,81.966
8141,2,633,650.678679311422,-1292.687568820249,,,,1218.0,81.953
8142,2,634,651.678679311422,-1291.687568820249,,,,1217.0,81.94
8143,2,635,652.678679311422,-1290.687568820249,,,,1216.0,81.928
8144,2,636,653.678679311422,-1289.687568820249,,,,1214.0,81.915
8145,2,637,654.678679311422,-1288.687568820249,,,,1213.0,81.902
8146,2,638,655.678679311422,-1287.687568820249,,,,1210.0,81.888
8147,2,639,656.678679311422,-1286.687568820249,,,,1208.0,81.871
8148,2,640,657.678679311422,-1285.687568820249,,,,1207.0,81.856
8149,2,641,658.678679311422,-1284.687568820249,,,,1207.0,81.839
8150,2,642,659.678679311422,-1283.687568820249,,,,1208.0,81.824
8151,2,643,660.678679311422,-1282.687568820249,,,,1208.0,81.808
8152,2,644,661.678679311422,-1281.687568820249,,,,1208.0,81.794
8153,2,645,662.678679311422,-1280.687568820249,,,,1206.0,81.778
8154,2,646,663.678679311422,-1279.687568820249,,,,1205.0,81.764
8155,2,647,664.678679311422,-1278.687568820249,,,,1203.0,81.75
8156,2,648,665.678679311422,-1277.687568820249,,,,1204.0,81.736
8157,2,649,666.678679311422,-1276.687568820249,,,,1203.0,81.723
8158,2,650,667.678679311422,-1275.687568820249,,,,1203.0,81.709
8159,2,651,668.678679311422,-1274.687568820249,,,,1203.0,81.697
8160,2,652,669.678679311422,-1273.687568820249,,,,1202.0,81.683
8161,2,653,670.678679311422,-1272.687568820249,,,,1199.0,81.669
8162,2,654,671.678679311422,-1271.687568820249,,,,1195.0,81.652
8163,2,655,672.678679311422,-1270.687568820249,,,,1191.0,81.636
8164,2,656,673.678679311422,-1269.687568820249,,,,1189.0,81.619
8165,2,657,674.678679311422,-1268.687568820249,,,,1188.0,81.602
8166,2,658,675.678679311422,-1267.687568820249,,,,1188.0,81.586
8167,2,659,676.678679311422,-1266.687568820249,,,,1187.0,81.571
8168,2,660,677.678679311422,-1265.687568820249,,,,1187.0,81.558
8169,2,661,678.678679311422,-1264.687568820249,,,,1185.0,81.543
8170,2,662,679.678679311422,-1263.687568820249,,,,1186.0,81.53
8171,2,663,680.678679311422,-1262.687568820249,,,,1186.0,81.516
8172,2,664,681.678679311422,-1261.687568820249,,,,1185.0,81.502
8173,2,665,682.678679311422,-1260.687568820249,,,,1182.0,81.487
8174,2,666,683.678679311422,-1259.687568820249,,,,1178.0,81.471
8175,2,667,684.678679311422,-1258.687568820249,,,,1173.0,81.456
8176,2,668,685.678679311422,-1257.687568820249,,,,1170.0,81.439
8177,2,669,686.678679311422,-1256.687568820249,,,,1170.0,81.424
8178,2,670,687.678679311422,-1255.687568820249,,,,1170.0,81.408
8179,2,671,688.678679311422,-1254.687568820249,,,,1171.0,81.394
8180,2,672,689.678679311422,-1253.687568820249,,,,1173.0,81.381
8181,2,673,690.678679311422,-1252.687568820249,,,,1175.0,81.37
8182,2,674,691.678679311422,-1251.687568820249,,,,1177.0,81.357
8183,2,675,692.678679311422,-1250.687568820249,,,,1178.0,81.346
8184,2,676,693.678679311422,-1249.687568820249,,,,1178.0,81.336
8185,2,677,694.678679311422,-1248.687568820249,,,,1176.0,81.324
8186,2,678,695.678679311422,-1247.687568820249,,,,1175.0,81.312
8187,2,679,696.678679311422,-1246.687568820249,,,,1171.0,81.298
8188,2,680,697.678679311422,-1245.687568820249,,,,1171.0,81.283
8189,2,681,698.678679311422,-1244.687568820249,,,,1170.0,81.268
8190,2,682,699.678679311422,-1243.687568820249,,,,1169.0,81.255
8191,2,683,700.678679311422,-1242.687568820249,,,,1168.0,81.242
8192,2,684,701.678679311422,-1241.687568820249,,,,1171.0,81.231
8193,2,685,702.678679311422,-1240.687568820249,,,,1169.0,81.221
8194,2,686,703.678679311422,-1239.687568820249,,,,1168.0,81.21
8195,2,687,704.678679311422,-1238.687568820249,,,,1169.0,81.2
8196,2,688,705.678679311422,-1237.687568820249,,,,1166.0,81.186
8197,2,689,706.678679311422,-1236.687568820249,,,,1164.0,81.173
8198,2,690,707.678679311422,-1235.687568820249,,,,1163.0,81.152
8199,2,691,708.678679311422,-1234.687568820249,,,,1162.0,81.139
8200,2,692,709.678679311422,-1233.687568820249,,,,1161.0,81.125
8201,2,693,710.678679311422,-1232.687568820249,,,,1159.0,81.112
8202,2,694,711.678679311422,-1231.687568820249,,,,1159.0,81.099
8203,2,695,712.678679311422,-1230.687568820249,,,,1156.0,81.083
8204,2,696,713.678679311422,-1229.687568820249,,,,1154.0,81.069
8205,2,697,714.678679311422,-1228.687568820249,,,,1152.0,81.054
8206,2,698,715.678679311422,-1227.687568820249,,,,1152.0,81.039
8207,2,699,716.678679311422,-1226.687568820249,,,,1151.0,81.025
8208,2,700,717.678679311422,-1225.687568820249,,,,1150.0,81.011
8209,2,701,718.678679311422,-1224.687568820249,,,,1150.0,80.998
8210,2,702,719.678679311422,-1223.687568820249,,,,1149.0,80.982
8211,2,703,720.678679311422,-1222.687568820249,,,,1147.0,80.968
8212,2,704,721.678679311422,-1221.687568820249,,,,1147.0,80.954
8213,2,705,722.678679311422,-1220.687568820249,,,,1147.0,80.939
8214,2,706,723.678679311422,-1219.687568820249,,,,1147.0,80.926
8215,2,707,724.678679311422,-1218.687568820249,,,,1146.0,80.912
8216,2,708,725.678679311422,-1217.687568820249,,,,1147.0,80.898
8217,2,709,726.678679311422,-1216.687568820249,,,,1146.0,80.885
8218,2,710,727.678679311422,-1215.687568820249,,,,1144.0,80.873
8219,2,711,728.678679311422,-1214.687568820249,,,,1143.0,80.858
8220,2,712,729.678679311422,-1213.687568820249,,,,1143.0,80.846
8221,2,713,730.678679311422,-1212.687568820249,,,,1142.0,80.833
8222,2,714,731.678679311422,-1211.687568820249,,,,1140.0,80.82
8223,2,715,732.678679311422,-1210.687568820249,,,,1140.0,80.806
8224,2,716,733.678679311422,-1209.687568820249,,,,1138.0,80.792
8225,2,717,734.678679311422,-1208.687568820249,,,,1138.0,80.777
8226,2,718,735.678679311422,-1207.687568820249,,,,1137.0,80.763
8227,2,719,736.678679311422,-1206.687568820249,,,,1136.0,80.748
8228,2,720,737.678679311422,-1205.687568820249,,,,1136.0,80.734
8229,2,721,738.678679311422,-1204.687568820249,,,,1135.0,80.72
8230,2,722,739.678679311422,-1203.687568820249,,,,1134.0,80.707
8231,2,723,740.678679311422,-1202.687568820249,,,,1135.0,80.695
8232,2,724,741.678679311422,-1201.687568820249,,,,1133.0,80.681
8233,2,725,742.678679311422,-1200.687568820249,,,,1132.0,80.667
8234,2,726,743.678679311422,-1199.687568820249,,,,1132.0,80.652
8235,2,727,744.678679311422,-1198.687568820249,,,,1130.0,80.639
8236,2,728,745.678679311422,-1197.687568820249,,,,1130.0,80.626
8237,2,729,746.678679311422,-1196.687568820249,,,,1131.0,80.613
8238,2,730,747.678679311422,-1195.687568820249,,,,1131.0,80.601
8239,2,731,748.678679311422,-1194.687568820249,,,,1130.0,80.589
8240,2,732,749.678679311422,-1193.687568820249,,,,1130.0,80.577
8241,2,733,750.678679311422,-1192.687568820249,,,,1128.0,80.563
8242,2,734,751.678679311422,-1191.687568820249,,,,1126.0,80.549
8243,2,735,752.678679311422,-1190.687568820249,,,,1122.0,80.533
8244,2,736,753.678679311422,-1189.687568820249,,,,1120.0,80.518
8245,2,737,754.678679311422,-1188.687568820249,,,,1119.0,80.504
8246,2,738,755.678679311422,-1187.687568820249,,,,1120.0,80.491
8247,2,739,756.678679311422,-1186.687568820249,,,,1121.0,80.478
8248,2,740,757.678679311422,-1185.687568820249,,,,1123.0,80.466
8249,2,741,758.678679311422,-1184.687568820249,,,,1123.0,80.453
8250,2,742,759.678679311422,-1183.687568820249,,,,1122.0,80.441
8251,2,743,760.678679311422,-1182.687568820249,,,,1122.0,80.427
8252,2,744,761.678679311422,-1181.687568820249,,,,1120.0,80.413
8253,2,745,762.678679311422,-1180.687568820249,,,,1119.0,80.4
8254,2,746,763.678679311422,-1179.687568820249,,,,1118.0,80.386
8255,2,747,764.678679311422,-1178.687568820249,,,,1118.0,80.372
8256,2,748,765.678679311422,-1177.687568820249,,,,1118.0,80.358
8257,2,749,766.678679311422,-1176.687568820249,,,,1118.0,80.344
8258,2,750,767.678679311422,-1175.687568820249,,,,1118.0,80.331
8259,2,751,768.678679311422,-1174.687568820249,,,,1116.0,80.322
8260,2,752,769.678679311422,-1173.687568820249,,,,1117.0,80.309
8261,2,753,770.678679311422,-1172.687568820249,,,,1117.0,80.295
8262,2,754,771.678679311422,-1171.687568820249,,,,1113.0,80.277
8263,2,755,772.678679311422,-1170.687568820249,,,,1112.0,80.262
8264,2,756,773.678679311422,-1169.687568820249,,,,1112.0,80.246
8265,2,757,774.678679311422,-1168.687568820249,,,,1112.0,80.231
8266,2,758,775.678679311422,-1167.687568820249,,,,1113.0,80.217
8267,2,759,776.678679311422,-1166.687568820249,,,,1113.0,80.202
8268,2,760,777.678679311422,-1165.687568820249,,,,1114.0,80.188
8269,2,761,778.678679311422,-1164.687568820249,,,,1112.0,80.174
8270,2,762,779.678679311422,-1163.687568820249,,,,1110.0,80.16
8271,2,763,780.678679311422,-1162.687568820249,,,,1107.0,80.143
8272,2,764,781.678679311422,-1161.687568820249,,,,1104.0,80.128
8273,2,765,782.678679311422,-1160.687568820249,,,,1101.0,80.111
8274,2,766,783.678679311422,-1159.687568820249,,,,1098.0,80.095
8275,2,767,784.678679311422,-1158.687568820249,,,,1096.0,80.08
8276,2,768,785.678679311422,-1157.687568820249,,,,1094.0,80.064
8277,2,769,786.678679311422,-1156.687568820249,,,,1092.0,80.051
8278,2,770,787.678679311422,-1155.687568820249,,,,1092.0,80.038
8279,2,771,788.678679311422,-1154.687568820249,,,,1093.0,80.025
8280,2,772,789.678679311422,-1153.687568820249,,,,1092.0,80.012
8281,2,773,790.678679311422,-1152.687568820249,,,,1092.0,80.0
8282,2,774,791.678679311422,-1151.687568820249,,,,1090.0,79.985
8283,2,775,792.678679311422,-1150.687568820249,,,,1088.0,79.971
8284,2,776,793.678679311422,-1149.687568820249,,,,1087.0,79.956
8285,2,777,794.678679311422,-1148.687568820249,,,,1086.0,79.941
8286,2,778,795.678679311422,-1147.687568820249,,,,1087.0,79.926
8287,2,779,796.678679311422,-1146.687568820249,,,,1087.0,79.912
8288,2,780,797.678679311422,-1145.687568820249,,,,1083.0,79.897
8289,2,781,798.678679311422,-1144.687568820249,,,,1082.0,79.883
8290,2,782,799.678679311422,-1143.687568820249,,,,1080.0,79.868
8291,2,783,800.678679311422,-1142.687568820249,,,,1077.0,79.853
8292,2,784,801.678679311422,-1141.687568820249,,,,1076.0,79.837
8293,2,785,802.678679311422,-1140.687568820249,,,,1074.0,79.821
8294,2,786,803.678679311422,-1139.687568820249,,,,1073.0,79.808
8295,2,787,804.678679311422,-1138.687568820249,,,,1071.0,79.795
8296,2,788,805.678679311422,-1137.687568820249,,,,1071.0,79.781
8297,2,789,806.678679311422,-1136.687568820249,,,,1070.0,79.768
8298,2,790,807.678679311422,-1135.687568820249,,,,1070.0,79.755
8299,2,791,808.678679311422,-1134.687568820249,,,,1070.0,79.743
8300,2,792,809.678679311422,-1133.687568820249,,,,1069.0,79.73
8301,2,793,810.678679311422,-1132.687568820249,,,,1067.0,79.717
8302,2,794,811.678679311422,-1131.687568820249,,,,1066.0,79.703
8303,2,795,812.678679311422,-1130.687568820249,,,,1065.0,79.688
8304,2,796,813.678679311422,-1129.687568820249,,,,1064.0,79.673
8305,2,797,814.678679311422,-1128.687568820249,,,,1059.0,79.657
8306,2,798,815.678679311422,-1127.687568820249,,,,1056.0,79.641
8307,2,799,816.678679311422,-1126.687568820249,,,,1053.0,79.624
8308,2,800,817.678679311422,-1125.687568820249,,,,1051.0,79.608
8309,2,801,818.678679311422,-1124.687568820249,,,,1047.0,79.59
8310,2,802,819.678679311422,-1123.687568820249,,,,1043.0,79.574
8311,2,803,820.678679311422,-1122.687568820249,,,,1042.0,79.559
8312,2,804,821.678679311422,-1121.687568820249,,,,1042.0,79.543
8313,2,805,822.678679311422,-1120.687568820249,,,,1040.0,79.53
8314,2,806,823.678679311422,-1119.687568820249,,,,1041.0,79.517
8315,2,807,824.678679311422,-1118.687568820249,,,,1041.0,79.504
8316,2,808,825.678679311422,-1117.687568820249,,,,1040.0,79.493
8317,2,809,826.678679311422,-1116.687568820249,,,,1039.0,79.48
8318,2,810,827.678679311422,-1115.687568820249,,,,1037.0,79.468
8319,2,811,828.678679311422,-1114.687568820249,,,,1035.0,79.455
8320,2,812,829.678679311422,-1113.687568820249,,,,1035.0,79.441
8321,2,813,830.678679311422,-1112.687568820249,,,,1034.0,79.427
8322,2,814,831.678679311422,-1111.687568820249,,,,1036.0,79.414
8323,2,815,832.678679311422,-1110.687568820249,,,,1039.0,79.401
8324,2,816,833.678679311422,-1109.687568820249,,,,1040.0,79.389
8325,2,817,834.678679311422,-1108.687568820249,,,,1039.0,79.376
8326,2,818,835.678679311422,-1107.687568820249,,,,1036.0,79.361
8327,2,819,836.678679311422,-1106.687568820249,,,,1035.0,79.347
8328,2,820,837.678679311422,-1105.687568820249,,,,1035.0,79.332
8329,2,821,838.678679311422,-1104.687568820249,,,,1036.0,79.319
8330,2,822,839.678679311422,-1103.687568820249,,,,1035.0,79.306
8331,2,823,840.678679311422,-1102.687568820249,,,,1035.0,79.293
8332,2,824,841.678679311422,-1101.687568820249,,,,1033.0,79.28
8333,2,825,842.678679311422,-1100.687568820249,,,,1030.0,79.268
8334,2,826,843.678679311422,-1099.687568820249,,,,1027.0,79.256
8335,2,827,844.678679311422,-1098.687568820249,,,,1024.0,79.243
8336,2,828,845.678679311422,-1097.687568820249,,,,1023.0,79.229
8337,2,829,846.678679311422,-1096.687568820249,,,,1023.0,79.217
8338,2,830,847.678679311422,-1095.687568820249,,,,1024.0,79.206
8339,2,831,848.678679311422,-1094.687568820249,,,,1026.0,79.194
8340,2,832,849.678679311422,-1093.687568820249,,,,1023.0,79.185
8341,2,833,850.678679311422,-1092.687568820249,,,,1023.0,79.174
8342,2,834,851.678679311422,-1091.687568820249,,,,1023.0,79.164
8343,2,835,852.678679311422,-1090.687568820249,,,,1019.0,79.153
8344,2,836,853.678679311422,-1089.687568820249,,,,1013.0,79.138
8345,2,837,854.678679311422,-1088.687568820249,,,,1009.0,79.125
8346,2,838,855.678679311422,-1087.687568820249,,,,1007.0,79.111
8347,2,839,856.678679311422,-1086.687568820249,,,,1006.0,79.098
8348,2,840,857.678679311422,-1085.687568820249,,,,1006.0,79.086
8349,2,841,858.678679311422,-1084.687568820249,,,,1006.0,79.075
8350,2,842,859.678679311422,-1083.687568820249,,,,1006.0,79.066
8351,2,843,860.678679311422,-1082.687568820249,,,,1006.0,79.056
8352,2,844,861.678679311422,-1081.687568820249,,,,1002.0,79.045
8353,2,845,862.678679311422,-1080.687568820249,,,,998.0,79.034
8354,2,846,863.678679311422,-1079.687568820249,,,,993.0,79.021
8355,2,847,864.678679311422,-1078.687568820249,,,,987.0,79.006
8356,2,848,865.678679311422,-1077.687568820249,,,,985.0,78.994
8357,2,849,866.678679311422,-1076.687568820249,,,,985.0,78.98
8358,2,850,867.678679311422,-1075.687568820249,,,,985.0,78.97
8359,2,851,868.678679311422,-1074.687568820249,,,,983.0,78.958
8360,2,852,869.678679311422,-1073.687568820249,,,,982.0,78.947
8361,2,853,870.678679311422,-1072.687568820249,,,,978.0,78.936
8362,2,854,871.678679311422,-1071.687568820249,,,,975.0,78.922
8363,2,855,872.678679311422,-1070.687568820249,,,,975.0,78.912
8364,2,856,873.678679311422,-1069.687568820249,,,,974.0,78.899
8365,2,857,874.678679311422,-1068.687568820249,,,,975.0,78.889
8366,2,858,875.678679311422,-1067.687568820249,,,,975.0,78.879
8367,2,859,876.678679311422,-1066.687568820249,,,,974.0,78.869
8368,2,860,877.678679311422,-1065.687568820249,,,,973.0,78.859
8369,2,861,878.678679311422,-1064.687568820249,,,,971.0,78.847
8370,2,862,879.678679311422,-1063.687568820249,,,,966.0,78.835
8371,2,863,880.678679311422,-1062.687568820249,,,,961.0,78.82
8372,2,864,881.678679311422,-1061.687568820249,,,,959.0,78.804
8373,2,865,882.678679311422,-1060.687568820249,,,,956.0,78.791
8374,2,866,883.678679311422,-1059.687568820249,,,,955.0,78.777
8375,2,867,884.678679311422,-1058.687568820249,,,,954.0,78.763
8376,2,868,885.678679311422,-1057.687568820249,,,,954.0,78.752
8377,2,869,886.678679311422,-1056.687568820249,,,,954.0,78.742
8378,2,870,887.678679311422,-1055.687568820249,,,,953.0,78.731
8379,2,871,888.678679311422,-1054.687568820249,,,,951.0,78.72
8380,2,872,889.678679311422,-1053.687568820249,,,,948.0,78.71
8381,2,873,890.678679311422,-1052.687568820249,,,,944.0,78.697
8382,2,874,891.678679311422,-1051.687568820249,,,,940.0,78.685
8383,2,875,892.678679311422,-1050.687568820249,,,,937.0,78.672
8384,2,876,893.678679311422,-1049.687568820249,,,,936.0,78.661
8385,2,877,894.678679311422,-1048.687568820249,,,,935.0,78.652
8386,2,878,895.678679311422,-1047.687568820249,,,,934.0,78.64
8387,2,879,896.678679311422,-1046.687568820249,,,,933.0,78.63
8388,2,880,897.678679311422,-1045.687568820249,,,,931.0,78.62
8389,2,881,898.678679311422,-1044.687568820249,,,,927.0,78.608
8390,2,882,899.678679311422,-1043.687568820249,,,,924.0,78.597
8391,2,883,900.678679311422,-1042.687568820249,,,,921.0,78.584
8392,2,884,901.678679311422,-1041.687568820249,,,,917.0,78.571
8393,2,885,902.678679311422,-1040.687568820249,,,,914.0,78.561
8394,2,886,903.678679311422,-1039.687568820249,,,,910.0,78.55
8395,2,887,904.678679311422,-1038.687568820249,,,,909.0,78.539
8396,2,888,905.678679311422,-1037.687568820249,,,,910.0,78.529
8397,2,889,906.678679311422,-1036.687568820249,,,,908.0,78.519
8398,2,890,907.678679311422,-1035.687568820249,,,,909.0,78.509
8399,2,891,908.678679311422,-1034.687568820249,,,,909.0,78.5
8400,2,892,909.678679311422,-1033.687568820249,,,,910.0,78.49
8401,2,893,910.678679311422,-1032.687568820249,,,,910.0,78.479
8402,2,894,911.678679311422,-1031.687568820249,,,,910.0,78.469
8403,2,895,912.678679311422,-1030.687568820249,,,,908.0,78.458
8404,2,896,913.678679311422,-1029.687568820249,,,,906.0,78.447
8405,2,897,914.678679311422,-1028.687568820249,,,,905.0,78.435
8406,2,898,915.678679311422,-1027.687568820249,,,,907.0,78.423
8407,2,899,916.678679311422,-1026.687568820249,,,,907.0,78.411
8408,2,900,917.678679311422,-1025.687568820249,,,,906.0,78.399
8409,2,901,918.678679311422,-1024.687568820249,,,,905.0,78.386
8410,2,902,919.678679311422,-1023.687568820249,,,,902.0,78.374
8411,2,903,920.678679311422,-1022.687568820249,,,,903.0,78.361
8412,2,904,921.678679311422,-1021.687568820249,,,,904.0,78.348
8413,2,905,922.678679311422,-1020.687568820249,,,,904.0,78.335
8414,2,906,923.678679311422,-1019.687568820249,,,,899.0,78.322
8415,2,907,924.678679311422,-1018.687568820249,,,,900.0,78.311
8416,2,908,925.678679311422,-1017.687568820249,,,,902.0,78.3
8417,2,909,926.678679311422,-1016.687568820249,,,,904.0,78.29
8418,2,910,927.678679311422,-1015.687568820249,,,,904.0,78.279
8419,2,911,928.678679311422,-1014.687568820249,,,,905.0,78.268
8420,2,912,929.678679311422,-1013.687568820249,,,,904.0,78.257
8421,3,1,930.678679311422,-1012.687568820249,,,,904.0,78.244
8422,3,2,931.678679311422,-1011.687568820249,,,,905.0,78.233
8423,3,3,932.678679311422,-1010.687568820249,,,,905.0,78.224
8424,3,4,933.678679311422,-1009.687568820249,,,,907.0,78.214
8425,3,5,934.678679311422,-1008.687568820249,,,,907.0,78.207
8426,3,6,935.678679311422,-1007.687568820249,,,,908.0,78.198
8427,3,7,936.678679311422,-1006.687568820249,,,,906.0,78.188
8428,3,8,937.678679311422,-1005.687568820249,,,,908.0,78.181
8429,3,9,938.678679311422,-1004.687568820249,,,,910.0,78.173
8430,3,10,939.678679311422,-1003.687568820249,,,,908.0,78.167
8431,3,11,940.678679311422,-1002.687568820249,,,,908.0,78.159
8432,3,12,941.678679311422,-1001.687568820249,,,,907.0,78.152
8433,3,13,942.678679311422,-1000.687568820249,,,,906.0,78.143
8434,3,14,943.678679311422,-999.687568820249,,,,902.0,78.132
8435,3,15,944.678679311422,-998.687568820249,,,,898.0,78.122
8436,3,16,945.678679311422,-997.687568820249,,,,895.0,78.111
8437,3,17,946.678679311422,-996.687568820249,,,,895.0,78.099
8438,3,18,947.678679311422,-995.687568820249,,,,893.0,78.087
8439,3,19,948.678679311422,-994.687568820249,,,,890.0,78.075
8440,3,20,949.678679311422,-993.687568820249,,,,887.0,78.062
8441,3,21,950.678679311422,-992.687568820249,,,,886.0,78.051
8442,3,22,951.678679311422,-991.687568820249,,,,885.0,78.039
8443,3,23,952.678679311422,-990.687568820249,,,,884.0,78.027
8444,3,24,953.678679311422,-989.687568820249,,,,882.0,78.015
8445,3,25,954.678679311422,-988.687568820249,,,,881.0,78.003
8446,3,26,955.678679311422,-987.687568820249,,,,879.0,77.991
8447,3,27,956.678679311422,-986.687568820249,,,,877.0,77.978
8448,3,28,957.678679311422,-985.687568820249,,,,878.0,77.967
8449,3,29,958.678679311422,-984.687568820249,,,,880.0,77.957
8450,3,30,959.678679311422,-983.687568820249,,,,880.0,77.947
8451,3,31,960.678679311422,-982.687568820249,,,,880.0,77.936
8452,3,32,961.678679311422,-981.687568820249,,,,881.0,77.924
8453,3,33,962.678679311422,-980.687568820249,,,,880.0,77.913
8454,3,34,963.678679311422,-979.687568820249,,,,881.0,77.902
8455,3,35,964.678679311422,-978.687568820249,,,,882.0,77.893
8456,3,36,965.678679311422,-977.687568820249,,,,882.0,77.883
8457,3,37,966.678679311422,-976.687568820249,,,,882.0,77.876
8458,3,38,967.678679311422,-975.687568820249,,,,880.0,77.867
8459,3,39,968.678679311422,-974.687568820249,,,,877.0,77.858
8460,3,40,969.678679311422,-973.687568820249,,,,874.0,77.849
8461,3,41,970.678679311422,-972.687568820249,,,,873.0,77.839
8462,3,42,971.678679311422,-971.687568820249,,,,871.0,77.831
8463,3,43,972.678679311422,-970.687568820249,,,,871.0,77.822
8464,3,44,973.678679311422,-969.687568820249,,,,871.0,77.815
8465,3,45,974.678679311422,-968.687568820249,,,,873.0,77.808
8466,3,46,975.678679311422,-967.687568820249,,,,872.0,77.8
8467,3,47,976.678679311422,-966.687568820249,,,,870.0,77.791
8468,3,48,977.678679311422,-965.687568820249,,,,867.0,77.78
8469,3,49,978.678679311422,-964.687568820249,,,,869.0,77.767
8470,3,50,979.678679311422,-963.687568820249,,,,867.0,77.756
8471,3,51,980.678679311422,-962.687568820249,,,,866.0,77.745
8472,3,52,981.678679311422,-961.687568820249,,,,866.0,77.736
8473,3,53,982.678679311422,-960.687568820249,,,,866.0,77.726
8474,3,54,983.678679311422,-959.687568820249,,,,866.0,77.718
8475,3,55,984.678679311422,-958.687568820249,,,,867.0,77.708
8476,3,56,985.678679311422,-957.687568820249,,,,864.0,77.699
8477,3,57,986.678679311422,-956.687568820249,,,,864.0,77.691
8478,3,58,987.678679311422,-955.687568820249,,,,864.0,77.682
8479,3,59,988.678679311422,-954.687568820249,,,,863.0,77.672
8480,3,60,989.678679311422,-953.687568820249,,,,862.0,77.662
8481,3,61,990.678679311422,-952.687568820249,,,,861.0,77.652
8482,3,62,991.678679311422,-951.687568820249,,,,861.0,77.644
8483,3,63,992.678679311422,-950.687568820249,,,,861.0,77.635
8484,3,64,993.678679311422,-949.687568820249,,,,859.0,77.625
8485,3,65,994.678679311422,-948.687568820249,,,,857.0,77.617
8486,3,66,995.678679311422,-947.687568820249,,,,855.0,77.607
8487,3,67,996.678679311422,-946.687568820249,,,,857.0,77.596
8488,3,68,997.678679311422,-945.687568820249,,,,855.0,77.588
8489,3,69,998.678679311422,-944.687568820249,,,,853.0,77.578
8490,3,70,999.678679311422,-943.687568820249,,,,851.0,77.567
8491,3,71,1000.678679311422,-942.687568820249,,,,850.0,77.558
8492,3,72,1001.678679311422,-941.687568820249,,,,848.0,77.55
8493,3,73,1002.678679311422,-940.687568820249,,,,845.0,77.543
8494,3,74,1003.678679311422,-939.687568820249,,,,843.0,77.532
8495,3,75,1004.678679311422,-938.687568820249,,,,842.0,77.523
8496,3,76,1005.678679311422,-937.687568820249,,,,840.0,77.514
8497,3,77,1006.678679311422,-936.687568820249,,,,838.0,77.504
8498,3,78,1007.678679311422,-935.687568820249,,,,836.0,77.493
8499,3,79,1008.678679311422,-934.687568820249,,,,836.0,77.485
8500,3,80,1009.678679311422,-933.687568820249,,,,834.0,77.475
8501,3,81,1010.678679311422,-932.687568820249,,,,833.0,77.465
8502,3,82,1011.678679311422,-931.687568820249,,,,827.0,77.451
8503,3,83,1012.678679311422,-930.687568820249,,,,823.0,77.436
8504,3,84,1013.678679311422,-929.687568820249,,,,821.0,77.422
8505,3,85,1014.678679311422,-928.687568820249,,,,819.0,77.408
8506,3,86,1015.678679311422,-927.687568820249,,,,820.0,77.396
8507,3,87,1016.678679311422,-926.687568820249,,,,820.0,77.385
8508,3,88,1017.678679311422,-925.687568820249,,,,821.0,77.375
8509,3,89,1018.678679311422,-924.687568820249,,,,821.0,77.364
8510,3,90,1019.678679311422,-923.687568820249,,,,820.0,77.356
8511,3,91,1020.678679311422,-922.687568820249,,,,819.0,77.346
8512,3,92,1021.678679311422,-921.687568820249,,,,816.0,77.335
8513,3,93,1022.678679311422,-920.687568820249,,,,817.0,77.324
8514,3,94,1023.678679311422,-919.687568820249,,,,817.0,77.314
8515,3,95,1024.678679311422,-918.687568820249,,,,821.0,77.301
8516,3,96,1025.678679311422,-917.687568820249,,,,823.0,77.29
8517,3,97,1026.678679311422,-916.687568820249,,,,822.0,77.276
8518,3,98,1027.678679311422,-915.687568820249,,,,820.0,77.262
8519,3,99,1028.678679311422,-914.687568820249,,,,819.0,77.247
8520,3,100,1029.678679311422,-913.687568820249,,,,823.0,77.234
8521,3,101,1030.678679311422,-912.687568820249,,,,826.0,77.223
8522,3,102,1031.678679311422,-911.687568820249,,,,827.0,77.211
8523,3,103,1032.678679311422,-910.687568820249,,,,828.0,77.199
8524,3,104,1033.678679311422,-909.687568820249,,,,831.0,77.187
8525,3,105,1034.678679311422,-908.687568820249,,,,832.0,77.177
8526,3,106,1035.678679311422,-907.687568820249,,,,833.0,77.167
8527,3,107,1036.678679311422,-906.687568820249,,,,833.0,77.16
8528,3,108,1037.678679311422,-905.687568820249,,,,833.0,77.155
8549,3,129,1058.678679311422,-884.687568820249,,,,835.0,77.153
8550,3,130,1059.678679311422,-883.687568820249,,,,835.0,77.143
8551,3,131,1060.678679311422,-882.687568820249,,,,834.0,77.134
8552,3,132,1061.678679311422,-881.687568820249,,,,833.0,77.123
8553,3,133,1062.678679311422,-880.687568820249,,,,832.0,77.111
8554,3,134,1063.678679311422,-879.687568820249,,,,830.0,77.1
8555,3,135,1064.678679311422,-878.687568820249,,,,831.0,77.09
8556,3,136,1065.678679311422,-877.687568820249,,,,832.0,77.081
8557,3,137,1066.678679311422,-876.687568820249,,,,832.0,77.072
8558,3,138,1067.678679311422,-875.687568820249,,,,832.0,77.064
8559,3,139,1068.678679311422,-874.687568820249,,,,831.0,77.058
8560,3,140,1069.678679311422,-873.687568820249,,,,831.0,77.05
8561,3,141,1070.678679311422,-872.687568820249,,,,833.0,77.04
8562,3,142,1071.678679311422,-871.687568820249,,,,832.0,77.029
8563,3,143,1072.678679311422,-870.687568820249,,,,832.0,77.018
8564,3,144,1073.678679311422,-869.687568820249,,,,833.0,77.006
8565,3,145,1074.678679311422,-868.687568820249,,,,835.0,76.995
8566,3,146,1075.678679311422,-867.687568820249,,,,835.0,76.984
8567,3,147,1076.678679311422,-866.687568820249,,,,834.0,76.972
8568,3,148,1077.678679311422,-865.687568820249,,,,834.0,76.961
8569,3,149,1078.678679311422,-864.687568820249,,,,833.0,76.948
8570,3,150,1079.678679311422,-863.687568820249,,,,834.0,76.936
8571,3,151,1080.678679311422,-862.687568820249,,,,834.0,76.924
8572,3,152,1081.678679311422,-861.687568820249,,,,833.0,76.913
8573,3,153,1082.678679311422,-860.687568820249,,,,834.0,76.9
8574,3,154,1083.678679311422,-859.687568820249,,,,834.0,76.888
8575,3,155,1084.678679311422,-858.687568820249,,,,835.0,76.877
8576,3,156,1085.678679311422,-857.687568820249,,,,834.0,76.864
8577,3,157,1086.678679311422,-856.687568820249,,,,834.0,76.853
8578,3,158,1087.678679311422,-855.687568820249,,,,834.0,76.843
8579,3,159,1088.678679311422,-854.687568820249,,,,834.0,76.833
8580,3,160,1089.678679311422,-853.687568820249,,,,834.0,76.826
8581,3,161,1090.678679311422,-852.687568820249,,,,835.0,76.821
8761,3,341,1270.678679311422,-672.687568820249,,,,958.0,76.815
8762,3,342,1271.678679311422,-671.687568820249,,,,958.0,76.806
8763,3,343,1272.678679311422,-670.687568820249,,,,958.0,76.796
8764,3,344,1273.678679311422,-669.687568820249,,,,957.0,76.788
8765,3,345,1274.678679311422,-668.687568820249,,,,953.0,76.778
8766,3,346,1275.678679311422,-667.687568820249,,,,948.0,76.767
8767,3,347,1276.678679311422,-666.687568820249,,,,943.0,76.756
8768,3,348,1277.678679311422,-665.687568820249,,,,941.0,76.744
8769,3,349,1278.678679311422,-664.687568820249,,,,940.0,76.734
8770,3,350,1279.678679311422,-663.687568820249,,,,940.0,76.723
8771,3,351,1280.678679311422,-662.687568820249,,,,941.0,76.712
8772,3,352,1281.678679311422,-661.687568820249,,,,941.0,76.701
8773,3,353,1282.678679311422,-660.687568820249,,,,940.0,76.689
8774,3,354,1283.678679311422,-659.687568820249,,,,939.0,76.679
8775,3,355,1284.678679311422,-658.687568820249,,,,939.0,76.667
8776,3,356,1285.678679311422,-657.687568820249,,,,940.0,76.657
8777,3,357,1286.678679311422,-656.687568820249,,,,941.0,76.646
8778,3,358,1287.678679311422,-655.687568820249,,,,937.0,76.635
8779,3,359,1288.678679311422,-654.687568820249,,,,936.0,76.624
8780,3,360,1289.678679311422,-653.687568820249,,,,937.0,76.616
8781,3,361,1290.678679311422,-652.687568820249,,,,935.0,76.606
8782,3,362,1291.678679311422,-651.687568820249,,,,937.0,76.596
8783,3,363,1292.678679311422,-650.687568820249,,,,936.0,76.587
8784,3,364,1293.678679311422,-649.687568820249,,,,932.0,76.576
8785,3,365,1294.678679311422,-648.687568820249,,,,931.0,76.565
8786,3,366,1295.678679311422,-647.687568820249,,,,929.0,76.554
8787,3,367,1296.678679311422,-646.687568820249,,,,925.0,76.544
8788,3,368,1297.678679311422,-645.687568820249,,,,925.0,76.532
8789,3,369,1298.678679311422,-644.687568820249,,,,925.0,76.522
8790,3,370,1299.678679311422,-643.687568820249,,,,925.0,76.512
8791,3,371,1300.678679311422,-642.687568820249,,,,923.0,76.501
8792,3,372,1301.678679311422,-641.687568820249,,,,922.0,76.491
8793,3,373,1302.678679311422,-640.687568820249,,,,921.0,76.48
8794,3,374,1303.678679311422,-639.687568820249,,,,920.0,76.47
8795,3,375,1304.678679311422,-638.687568820249,,,,921.0,76.46
8796,3,376,1305.678679311422,-637.687568820249,,,,921.0,76.449
8797,3,377,1306.678679311422,-636.687568820249,,,,921.0,76.439
8798,3,378,1307.678679311422,-635.687568820249,,,,920.0,76.427
8799,3,379,1308.678679311422,-634.687568820249,,,,919.0,76.417
8800,3,380,1309.678679311422,-633.687568820249,,,,917.0,76.405
8801,3,381,1310.678679311422,-632.687568820249,,,,918.0,76.395
8802,3,382,1311.678679311422,-631.687568820249,,,,917.0,76.385
8803,3,383,1312.678679311422,-630.687568820249,,,,916.0,76.376
8804,3,384,1313.678679311422,-629.687568820249,,,,915.0,76.367
8805,3,385,1314.678679311422,-628.687568820249,,,,916.0,76.357
8806,3,386,1315.678679311422,-627.687568820249,,,,916.0,76.348
8807,3,387,1316.678679311422,-626.687568820249,,,,915.0,76.338
8808,3,388,1317.678679311422,-625.687568820249,,,,916.0,76.328
8809,3,389,1318.678679311422,-624.687568820249,,,,914.0,76.319
8810,3,390,1319.678679311422,-623.687568820249,,,,914.0,76.308
8811,3,391,1320.678679311422,-622.687568820249,,,,914.0,76.298
8812,3,392,1321.678679311422,-621.687568820249,,,,914.0,76.288
8813,3,393,1322.678679311422,-620.687568820249,,,,913.0,76.278
8814,3,394,1323.678679311422,-619.687568820249,,,,912.0,76.267
8815,3,395,1324.678679311422,-618.687568820249,,,,910.0,76.258
8816,3,396,1325.678679311422,-617.687568820249,,,,909.0,76.247
8817,3,397,1326.678679311422,-616.687568820249,,,,907.0,76.236
8818,3,398,1327.678679311422,-615.687568820249,,,,906.0,76.227
8819,3,399,1328.678679311422,-614.687568820249,,,,904.0,76.216
8820,3,400,1329.678679311422,-613.687568820249,,,,904.0,76.207
8821,3,401,1330.678679311422,-612.687568820249,,,,903.0,76.197
8822,3,402,1331.678679311422,-611.687568820249,,,,903.0,76.188
8823,3,403,1332.678679311422,-610.687568820249,,,,903.0,76.18
8824,3,404,1333.678679311422,-609.687568820249,,,,902.0,76.17
8825,3,405,1334.678679311422,-608.687568820249,,,,903.0,76.16
8826,3,406,1335.678679311422,-607.687568820249,,,,902.0,76.152
8827,3,407,1336.678679311422,-606.687568820249,,,,902.0,76.141
8828,3,408,1337.678679311422,-605.687568820249,,,,901.0,76.132
8829,3,409,1338.678679311422,-604.687568820249,,,,902.0,76.121
8830,3,410,1339.678679311422,-603.687568820249,,,,899.0,76.11
8831,3,411,1340.678679311422,-602.687568820249,,,,897.0,76.101
8832,3,412,1341.678679311422,-601.687568820249,,,,894.0,76.088
8833,3,413,1342.678679311422,-600.687568820249,,,,894.0,76.077
8834,3,414,1343.678679311422,-599.687568820249,,,,894.0,76.065
8835,3,415,1344.678679311422,-598.687568820249,,,,893.0,76.053
8836,3,416,1345.678679311422,-597.687568820249,,,,894.0,76.043
8837,3,417,1346.678679311422,-596.687568820249,,,,894.0,76.031
8838,3,418,1347.678679311422,-595.687568820249,,,,896.0,76.022
8839,3,419,1348.678679311422,-594.687568820249,,,,895.0,76.012
8840,3,420,1349.678679311422,-593.687568820249,,,,894.0,76.003
8841,3,421,1350.678679311422,-592.687568820249,,,,894.0,75.992
8842,3,422,1351.678679311422,-591.687568820249,,,,892.0,75.981
8843,3,423,1352.678679311422,-590.687568820249,,,,891.0,75.97
8844,3,424,1353.678679311422,-589.687568820249,,,,891.0,75.96
8845,3,425,1354.678679311422,-588.687568820249,,,,891.0,75.95
8846,3,426,1355.678679311422,-587.687568820249,,,,892.0,75.941
8847,3,427,1356.678679311422,-586.687568820249,,,,893.0,75.933
8848,3,428,1357.678679311422,-585.687568820249,,,,889.0,75.925
8849,3,429,1358.678679311422,-584.687568820249,,,,885.0,75.917
8850,3,430,1359.678679311422,-583.687568820249,,,,882.0,75.91
8851,3,431,1360.678679311422,-582.687568820249,,,,884.0,75.902
8852,3,432,1361.678679311422,-581.687568820249,,,,883.0,75.895
8853,3,433,1362.678679311422,-580.687568820249,,,,883.0,75.889
8854,3,434,1363.678679311422,-579.687568820249,,,,882.0,75.883
8855,3,435,1364.678679311422,-578.687568820249,,,,881.0,75.877
8856,3,436,1365.678679311422,-577.687568820249,,,,879.0,75.869
8857,3,437,1366.678679311422,-576.687568820249,,,,875.0,75.859
8858,3,438,1367.678679311422,-575.687568820249,,,,872.0,75.85
8859,3,439,1368.678679311422,-574.687568820249,,,,869.0,75.839
8860,3,440,1369.678679311422,-573.687568820249,,,,865.0,75.831
8861,3,441,1370.678679311422,-572.687568820249,,,,863.0,75.823
8862,3,442,1371.678679311422,-571.687568820249,,,,862.0,75.818
8863,3,443,1372.678679311422,-570.687568820249,,,,861.0,75.813
8864,3,444,1373.678679311422,-569.687568820249,,,,860.0,75.806
8865,3,445,1374.678679311422,-568.687568820249,,,,856.0,75.801
8866,3,446,1375.678679311422,-567.687568820249,,,,853.0,75.791
8867,3,447,1376.678679311422,-566.687568820249,,,,850.0,75.784
8868,3,448,1377.678679311422,-565.687568820249,,,,849.0,75.774
8869,3,449,1378.678679311422,-564.687568820249,,,,849.0,75.766
8870,3,450,1379.678679311422,-563.687568820249,,,,850.0,75.76
8871,3,451,1380.678679311422,-562.687568820249,,,,849.0,75.753
8872,3,452,1381.678679311422,-561.687568820249,,,,846.0,75.746
8873,3,453,1382.678679311422,-560.687568820249,,,,843.0,75.737
8874,3,454,1383.678679311422,-559.687568820249,,,,837.0,75.727
8875,3,455,1384.678679311422,-558.687568820249,,,,836.0,75.718
8876,3,456,1385.678679311422,-557.687568820249,,,,837.0,75.711
8877,3,457,1386.678679311422,-556.687568820249,,,,838.0,75.704
8878,3,458,1387.678679311422,-555.687568820249,,,,837.0,75.698
8879,3,459,1388.678679311422,-554.687568820249,,,,835.0,75.692
8880,3,460,1389.678679311422,-553.687568820249,,,,835.0,75.685
8881,3,461,1390.678679311422,-552.687568820249,,,,835.0,75.678
8882,3,462,1391.678679311422,-551.687568820249,,,,831.0,75.669
8883,3,463,1392.678679311422,-550.687568820249,,,,826.0,75.658
8884,3,464,1393.678679311422,-549.687568820249,,,,825.0,75.646
8885,3,465,1394.678679311422,-548.687568820249,,,,826.0,75.638
8886,3,466,1395.678679311422,-547.687568820249,,,,829.0,75.629
8887,3,467,1396.678679311422,-546.687568820249,,,,831.0,75.622
8888,3,468,1397.678679311422,-545.687568820249,,,,833.0,75.614
8889,3,469,1398.678679311422,-544.687568820249,,,,833.0,75.605
8890,3,470,1399.678679311422,-543.687568820249,,,,832.0,75.595
8891,3,471,1400.678679311422,-542.687568820249,,,,832.0,75.585
8892,3,472,1401.678679311422,-541.687568820249,,,,831.0,75.574
8893,3,473,1402.678679311422,-540.687568820249,,,,831.0,75.565
8894,3,474,1403.678679311422,-539.687568820249,,,,833.0,75.555
8895,3,475,1404.678679311422,-538.687568820249,,,,836.0,75.546
8896,3,476,1405.678679311422,-537.687568820249,,,,839.0,75.539
8897,3,477,1406.678679311422,-536.687568820249,,,,843.0,75.53
8898,3,478,1407.678679311422,-535.687568820249,,,,845.0,75.522
8899,3,479,1408.678679311422,-534.687568820249,,,,847.0,75.514
8900,3,480,1409.678679311422,-533.687568820249,,,,846.0,75.508
8901,3,481,1410.678679311422,-532.687568820249,,,,846.0,75.506
8902,3,482,1411.678679311422,-531.687568820249,,,,844.0,75.505
8921,3,501,1430.678679311422,-512.687568820249,,,,827.0,75.497
8922,3,502,1431.678679311422,-511.687568820249,,,,829.0,75.485
8923,3,503,1432.678679311422,-510.687568820249,,,,830.0,75.473
8924,3,504,1433.678679311422,-509.687568820249,,,,829.0,75.461
8925,3,505,1434.678679311422,-508.687568820249,,,,829.0,75.449
8926,3,506,1435.678679311422,-507.687568820249,,,,828.0,75.438
8927,3,507,1436.678679311422,-506.687568820249,,,,829.0,75.427
8928,3,508,1437.678679311422,-505.687568820249,,,,829.0,75.415
8929,3,509,1438.678679311422,-504.687568820249,,,,829.0,75.405
8930,3,510,1439.678679311422,-503.687568820249,,,,831.0,75.395
8931,3,511,1440.678679311422,-502.687568820249,,,,833.0,75.385
8932,3,512,1441.678679311422,-501.687568820249,,,,836.0,75.377
8933,3,513,1442.678679311422,-500.687568820249,,,,837.0,75.365
8934,3,514,1443.678679311422,-499.687568820249,,,,838.0,75.356
8935,3,515,1444.678679311422,-498.687568820249,,,,838.0,75.345
8936,3,516,1445.678679311422,-497.687568820249,,,,838.0,75.334
8937,3,517,1446.678679311422,-496.687568820249,,,,838.0,75.323
8938,3,518,1447.678679311422,-495.687568820249,,,,839.0,75.314
8939,3,519,1448.678679311422,-494.687568820249,,,,838.0,75.308
8940,3,520,1449.678679311422,-493.687568820249,,,,837.0,75.305
8971,3,551,1480.678679311422,-462.687568820249,,,,828.0,75.299
8972,3,552,1481.678679311422,-461.687568820249,,,,830.0,75.287
8973,3,553,1482.678679311422,-460.687568820249,,,,829.0,75.275
8974,3,554,1483.678679311422,-459.687568820249,,,,831.0,75.264
8975,3,555,1484.678679311422,-458.687568820249,,,,829.0,75.252
8976,3,556,1485.678679311422,-457.687568820249,,,,830.0,75.24
8977,3,557,1486.678679311422,-456.687568820249,,,,830.0,75.229
8978,3,558,1487.678679311422,-455.687568820249,,,,829.0,75.219
8979,3,559,1488.678679311422,-454.687568820249,,,,829.0,75.209
8980,3,560,1489.678679311422,-453.687568820249,,,,830.0,75.199
8981,3,561,1490.678679311422,-452.687568820249,,,,830.0,75.191
8982,3,562,1491.678679311422,-451.687568820249,,,,830.0,75.182
8983,3,563,1492.678679311422,-450.687568820249,,,,832.0,75.174
8984,3,564,1493.678679311422,-449.687568820249,,,,832.0,75.166
8985,3,565,1494.678679311422,-448.687568820249,,,,832.0,75.156
8986,3,566,1495.678679311422,-447.687568820249,,,,829.0,75.146
8987,3,567,1496.678679311422,-446.687568820249,,,,828.0,75.136
8988,3,568,1497.678679311422,-445.687568820249,,,,828.0,75.125
8989,3,569,1498.678679311422,-444.687568820249,,,,830.0,75.114
8990,3,570,1499.678679311422,-443.687568820249,,,,830.0,75.103
8991,3,571,1500.678679311422,-442.687568820249,,,,827.0,75.093
8992,3,572,1501.678679311422,-441.687568820249,,,,826.0,75.084
8993,3,573,1502.678679311422,-440.687568820249,,,,825.0,75.075
8994,3,574,1503.678679311422,-439.687568820249,,,,824.0,75.068
8995,3,575,1504.678679311422,-438.687568820249,,,,822.0,75.06
8996,3,576,1505.678679311422,-437.687568820249,,,,818.0,75.051
8997,3,577,1506.678679311422,-436.687568820249,,,,815.0,75.042
8998,3,578,1507.678679311422,-435.687568820249,,,,815.0,75.033
8999,3,579,1508.678679311422,-434.687568820249,,,,815.0,75.025
9000,3,580,1509.678679311422,-433.687568820249,,,,814.0,75.016
9001,3,581,1510.678679311422,-432.687568820249,,,,813.0,75.005
9002,3,582,1511.678679311422,-431.687568820249,,,,811.0,74.996
9003,3,583,1512.678679311422,-430.687568820249,,,,809.0,74.984
9004,3,584,1513.678679311422,-429.687568820249,,,,812.0,74.976
9005,3,585,1514.678679311422,-428.687568820249,,,,814.0,74.968
9006,3,586,1515.678679311422,-427.687568820249,,,,815.0,74.958
9007,3,587,1516.678679311422,-426.687568820249,,,,815.0,74.948
9008,3,588,1517.678679311422,-425.687568820249,,,,817.0,74.939
9009,3,589,1518.678679311422,-424.687568820249,,,,815.0,74.929
9010,3,590,1519.678679311422,-423.687568820249,,,,816.0,74.918
9011,3,591,1520.678679311422,-422.687568820249,,,,814.0,74.907
9012,3,592,1521.678679311422,-421.687568820249,,,,811.0,74.895
9013,3,593,1522.678679311422,-420.687568820249,,,,809.0,74.884
9014,3,594,1523.678679311422,-419.687568820249,,,,808.0,74.871
9015,3,595,1524.678679311422,-418.687568820249,,,,806.0,74.861
9016,3,596,1525.678679311422,-417.687568820249,,,,806.0,74.849
9017,3,597,1526.678679311422,-416.687568820249,,,,808.0,74.839
9018,3,598,1527.678679311422,-415.687568820249,,,,811.0,74.831
9019,3,599,1528.678679311422,-414.687568820249,,,,813.0,74.82
9020,3,600,1529.678679311422,-413.687568820249,,,,811.0,74.807
9021,3,601,1530.678679311422,-412.687568820249,,,,807.0,74.793
9022,3,602,1531.678679311422,-411.687568820249,,,,807.0,74.779
9023,3,603,1532.678679311422,-410.687568820249,,,,807.0,74.767
9024,3,604,1533.678679311422,-409.687568820249,,,,808.0,74.756
9025,3,605,1534.678679311422,-408.687568820249,,,,809.0,74.747
9026,3,606,1535.678679311422,-407.687568820249,,,,811.0,74.739
9027,3,607,1536.678679311422,-406.687568820249,,,,812.0,74.731
9028,3,608,1537.678679311422,-405.687568820249,,,,815.0,74.725
9029,3,609,1538.678679311422,-404.687568820249,,,,818.0,74.719
9030,3,610,1539.678679311422,-403.687568820249,,,,820.0,74.713
9031,3,611,1540.678679311422,-402.687568820249,,,,822.0,74.705
9032,3,612,1541.678679311422,-401.687568820249,,,,821.0,74.697
9033,3,613,1542.678679311422,-400.687568820249,,,,821.0,74.69
9034,3,614,1543.678679311422,-399.687568820249,,,,821.0,74.682
9035,3,615,1544.678679311422,-398.687568820249,,,,821.0,74.677
9036,3,616,1545.678679311422,-397.687568820249,,,,821.0,74.672
9037,3,617,1546.678679311422,-396.687568820249,,,,821.0,74.67
9064,3,644,1573.678679311422,-369.687568820249,,,,830.0,74.668
9065,3,645,1574.678679311422,-368.687568820249,,,,830.0,74.667
9097,3,677,1606.678679311422,-336.687568820249,,,,833.0,74.664
9098,3,678,1607.678679311422,-335.687568820249,,,,832.0,74.655
9099,3,679,1608.678679311422,-334.687568820249,,,,833.0,74.647
9100,3,680,1609.678679311422,-333.687568820249,,,,834.0,74.639
9101,3,681,1610.678679311422,-332.687568820249,,,,833.0,74.633
9102,3,682,1611.678679311422,-331.687568820249,,,,832.0,74.625
9103,3,683,1612.678679311422,-330.687568820249,,,,829.0,74.616
9104,3,684,1613.678679311422,-329.687568820249,,,,827.0,74.605
9105,3,685,1614.678679311422,-328.687568820249,,,,828.0,74.593
9106,3,686,1615.678679311422,-327.687568820249,,,,828.0,74.581
9107,3,687,1616.678679311422,-326.687568820249,,,,828.0,74.569
9108,3,688,1617.678679311422,-325.687568820249,,,,827.0,74.558
9109,3,689,1618.678679311422,-324.687568820249,,,,825.0,74.549
9110,3,690,1619.678679311422,-323.687568820249,,,,826.0,74.537
9111,3,691,1620.678679311422,-322.687568820249,,,,826.0,74.526
9112,3,692,1621.678679311422,-321.687568820249,,,,827.0,74.515
9113,3,693,1622.678679311422,-320.687568820249,,,,828.0,74.504
9114,3,694,1623.678679311422,-319.687568820249,,,,832.0,74.493
9115,3,695,1624.678679311422,-318.687568820249,,,,834.0,74.482
9116,3,696,1625.678679311422,-317.687568820249,,,,834.0,74.471
9117,3,697,1626.678679311422,-316.687568820249,,,,834.0,74.459
9118,3,698,1627.678679311422,-315.687568820249,,,,833.0,74.449
9119,3,699,1628.678679311422,-314.687568820249,,,,833.0,74.437
9120,3,700,1629.678679311422,-313.687568820249,,,,833.0,74.426
9121,3,701,1630.678679311422,-312.687568820249,,,,833.0,74.415
9122,3,702,1631.678679311422,-311.687568820249,,,,832.0,74.406
9123,3,703,1632.678679311422,-310.687568820249,,,,835.0,74.397
9124,3,704,1633.678679311422,-309.687568820249,,,,835.0,74.387
9125,3,705,1634.678679311422,-308.687568820249,,,,836.0,74.377
9126,3,706,1635.678679311422,-307.687568820249,,,,835.0,74.369
9127,3,707,1636.678679311422,-306.687568820249,,,,834.0,74.358
9128,3,708,1637.678679311422,-305.687568820249,,,,833.0,74.348
9129,3,709,1638.678679311422,-304.687568820249,,,,833.0,74.338
9130,3,710,1639.678679311422,-303.687568820249,,,,833.0,74.327
9131,3,711,1640.678679311422,-302.687568820249,,,,832.0,74.317
9132,3,712,1641.678679311422,-301.687568820249,,,,831.0,74.307
9133,3,713,1642.678679311422,-300.687568820249,,,,830.0,74.299
9134,3,714,1643.678679311422,-299.687568820249,,,,830.0,74.288
9135,3,715,1644.678679311422,-298.687568820249,,,,831.0,74.278
9136,3,716,1645.678679311422,-297.687568820249,,,,831.0,74.268
9137,3,717,1646.678679311422,-296.687568820249,,,,830.0,74.257
9138,3,718,1647.678679311422,-295.687568820249,,,,830.0,74.245
9139,3,719,1648.678679311422,-294.687568820249,,,,827.0,74.235
9140,3,720,1649.678679311422,-293.687568820249,,,,826.0,74.223
9141,3,721,1650.678679311422,-292.687568820249,,,,825.0,74.209
9142,3,722,1651.678679311422,-291.687568820249,,,,826.0,74.197
9143,3,723,1652.678679311422,-290.687568820249,,,,828.0,74.187
9144,3,724,1653.678679311422,-289.687568820249,,,,829.0,74.175
9145,3,725,1654.678679311422,-288.687568820249,,,,828.0,74.164
9146,3,726,1655.678679311422,-287.687568820249,,,,829.0,74.155
9147,3,727,1656.678679311422,-286.687568820249,,,,828.0,74.144
9148,3,728,1657.678679311422,-285.687568820249,,,,828.0,74.136
9149,3,729,1658.678679311422,-284.687568820249,,,,828.0,74.126
9150,3,730,1659.678679311422,-283.687568820249,,,,829.0,74.116
9151,3,731,1660.678679311422,-282.687568820249,,,,831.0,74.105
9152,3,732,1661.678679311422,-281.687568820249,,,,833.0,74.093
9153,3,733,1662.678679311422,-280.687568820249,,,,834.0,74.083
9154,3,734,1663.678679311422,-279.687568820249,,,,834.0,74.071
9155,3,735,1664.678679311422,-278.687568820249,,,,833.0,74.059
9156,3,736,1665.678679311422,-277.687568820249,,,,833.0,74.049
9157,3,737,1666.678679311422,-276.687568820249,,,,835.0,74.037
9158,3,738,1667.678679311422,-275.687568820249,,,,837.0,74.029
9159,3,739,1668.678679311422,-274.687568820249,,,,837.0,74.023
9160,3,740,1669.678679311422,-273.687568820249,,,,836.0,74.021
9181,3,761,1690.678679311422,-252.687568820249,,,,834.0,74.01
9182,3,762,1691.678679311422,-251.687568820249,,,,834.0,73.995
9183,3,763,1692.678679311422,-250.687568820249,,,,838.0,73.982
9184,3,764,1693.678679311422,-249.687568820249,,,,839.0,73.973
9185,3,765,1694.678679311422,-248.687568820249,,,,839.0,73.966
9205,3,785,1714.678679311422,-228.687568820249,,,,846.0,73.951
9206,3,786,1715.678679311422,-227.687568820249,,,,847.0,73.936
9207,3,787,1716.678679311422,-226.687568820249,,,,849.0,73.923
9208,3,788,1717.678679311422,-225.687568820249,,,,851.0,73.909
9209,3,789,1718.678679311422,-224.687568820249,,,,853.0,73.897
9210,3,790,1719.678679311422,-223.687568820249,,,,854.0,73.886
9211,3,791,1720.678679311422,-222.687568820249,,,,857.0,73.877
9212,3,792,1721.678679311422,-221.687568820249,,,,858.0,73.873
9230,3,810,1739.678679311422,-203.687568820249,,,,866.0,73.866
9231,3,811,1740.678679311422,-202.687568820249,,,,866.0,73.856
9232,3,812,1741.678679311422,-201.687568820249,,,,869.0,73.845
9233,3,813,1742.678679311422,-200.687568820249,,,,870.0,73.835
9234,3,814,1743.678679311422,-199.687568820249,,,,871.0,73.826
9235,3,815,1744.678679311422,-198.687568820249,,,,871.0,73.816
9236,3,816,1745.678679311422,-197.687568820249,,,,869.0,73.807
9237,3,817,1746.678679311422,-196.687568820249,,,,870.0,73.796
9238,3,818,1747.678679311422,-195.687568820249,,,,870.0,73.788
9239,3,819,1748.678679311422,-194.687568820249,,,,871.0,73.778
9240,3,820,1749.678679311422,-193.687568820249,,,,872.0,73.769
9241,3,821,1750.678679311422,-192.687568820249,,,,873.0,73.76
9242,3,822,1751.678679311422,-191.687568820249,,,,874.0,73.751
9243,3,823,1752.678679311422,-190.687568820249,,,,876.0,73.741
9244,3,824,1753.678679311422,-189.687568820249,,,,877.0,73.733
9245,3,825,1754.678679311422,-188.687568820249,,,,877.0,73.726
9246,3,826,1755.678679311422,-187.687568820249,,,,876.0,73.721
9247,3,827,1756.678679311422,-186.687568820249,,,,876.0,73.717
9248,3,828,1757.678679311422,-185.687568820249,,,,877.0,73.713
9249,3,829,1758.678679311422,-184.687568820249,,,,875.0,73.711
9261,3,841,1770.678679311422,-172.687568820249,,,,862.0,73.709
9262,3,842,1771.678679311422,-171.687568820249,,,,862.0,73.704
9263,3,843,1772.678679311422,-170.687568820249,,,,860.0,73.699
9264,3,844,1773.678679311422,-169.687568820249,,,,859.0,73.694
9265,3,845,1774.678679311422,-168.687568820249,,,,858.0,73.689
9266,3,846,1775.678679311422,-167.687568820249,,,,859.0,73.682
9267,3,847,1776.678679311422,-166.687568820249,,,,858.0,73.674
9268,3,848,1777.678679311422,-165.687568820249,,,,859.0,73.668
9269,3,849,1778.678679311422,-164.687568820249,,,,861.0,73.66
9270,3,850,1779.678679311422,-163.687568820249,,,,861.0,73.65
9271,3,851,1780.678679311422,-162.687568820249,,,,860.0,73.642
9272,3,852,1781.678679311422,-161.687568820249,,,,859.0,73.631
9273,3,853,1782.678679311422,-160.687568820249,,,,857.0,73.618
9274,3,854,1783.678679311422,-159.687568820249,,,,856.0,73.606
9275,3,855,1784.678679311422,-158.687568820249,,,,854.0,73.593
9276,3,856,1785.678679311422,-157.687568820249,,,,853.0,73.583
9277,3,857,1786.678679311422,-156.687568820249,,,,852.0,73.574
9278,3,858,1787.678679311422,-155.687568820249,,,,852.0,73.564
9279,3,859,1788.678679311422,-154.687568820249,,,,852.0,73.554
9280,3,860,1789.678679311422,-153.687568820249,,,,846.0,73.546
9281,3,861,1790.678679311422,-152.687568820249,,,,840.0,73.534
9282,3,862,1791.678679311422,-151.687568820249,,,,838.0,73.523
9283,3,863,1792.678679311422,-150.687568820249,,,,836.0,73.512
9284,3,864,1793.678679311422,-149.687568820249,,,,837.0,73.503
9285,3,865,1794.678679311422,-148.687568820249,,,,837.0,73.493
9286,3,866,1795.678679311422,-147.687568820249,,,,837.0,73.484
9287,3,867,1796.678679311422,-146.687568820249,,,,837.0,73.475
9288,3,868,1797.678679311422,-145.687568820249,,,,833.0,73.467
9289,3,869,1798.678679311422,-144.687568820249,,,,831.0,73.458
9290,3,870,1799.678679311422,-143.687568820249,,,,830.0,73.448
9291,3,871,1800.678679311422,-142.687568820249,,,,830.0,73.44
9292,3,872,1801.678679311422,-141.687568820249,,,,831.0,73.432
9293,3,873,1802.678679311422,-140.687568820249,,,,829.0,73.426
9294,3,874,1803.678679311422,-139.687568820249,,,,829.0,73.42
9295,3,875,1804.678679311422,-138.687568820249,,,,826.0,73.414
9296,3,876,1805.678679311422,-137.687568820249,,,,824.0,73.41
9297,3,877,1806.678679311422,-136.687568820249,,,,821.0,73.405
9298,3,878,1807.678679311422,-135.687568820249,,,,816.0,73.4
9299,3,879,1808.678679311422,-134.687568820249,,,,814.0,73.396
9300,3,880,1809.678679311422,-133.687568820249,,,,812.0,73.392
9301,3,881,1810.678679311422,-132.687568820249,,,,811.0,73.389
9302,3,882,1811.678679311422,-131.687568820249,,,,809.0,73.384
9303,3,883,1812.678679311422,-130.687568820249,,,,807.0,73.379
9304,3,884,1813.678679311422,-129.687568820249,,,,805.0,73.374
9305,3,885,1814.678679311422,-128.687568820249,,,,800.0,73.366
9306,3,886,1815.678679311422,-127.687568820249,,,,796.0,73.357
9307,3,887,1816.678679311422,-126.687568820249,,,,794.0,73.35
9308,3,888,1817.678679311422,-125.687568820249,,,,794.0,73.341
9309,3,889,1818.678679311422,-124.687568820249,,,,794.0,73.336
9310,3,890,1819.678679311422,-123.687568820249,,,,792.0,73.328
9311,3,891,1820.678679311422,-122.687568820249,,,,789.0,73.322
9312,3,892,1821.678679311422,-121.687568820249,,,,784.0,73.314
9313,3,893,1822.678679311422,-120.687568820249,,,,782.0,73.308
9314,3,894,1823.678679311422,-119.687568820249,,,,782.0,73.3
9315,3,895,1824.678679311422,-118.687568820249,,,,782.0,73.294
9316,3,896,1825.678679311422,-117.687568820249,,,,780.0,73.288
9317,3,897,1826.678679311422,-116.687568820249,,,,779.0,73.283
9318,3,898,1827.678679311422,-115.687568820249,,,,777.0,73.275
9319,3,899,1828.678679311422,-114.687568820249,,,,775.0,73.269
9320,3,900,1829.678679311422,-113.687568820249,,,,773.0,73.262
9321,3,901,1830.678679311422,-112.687568820249,,,,771.0,73.255
9322,3,902,1831.678679311422,-111.687568820249,,,,769.0,73.248
9323,3,903,1832.678679311422,-110.687568820249,,,,768.0,73.24
9324,3,904,1833.678679311422,-109.687568820249,,,,765.0,73.233
9325,3,905,1834.678679311422,-108.687568820249,,,,764.0,73.225
9326,3,906,1835.678679311422,-107.687568820249,,,,763.0,73.22
9327,3,907,1836.678679311422,-106.687568820249,,,,762.0,73.215
9328,3,908,1837.678679311422,-105.687568820249,,,,762.0,73.21
9329,3,909,1838.678679311422,-104.687568820249,,,,763.0,73.205
9330,3,910,1839.678679311422,-103.687568820249,,,,762.0,73.199
9331,3,911,1840.678679311422,-102.687568820249,,,,761.0,73.191
9332,3,912,1841.678679311422,-101.687568820249,,,,759.0,73.183
9333,3,913,1842.678679311422,-100.687568820249,,,,759.0,73.176
9334,3,914,1843.678679311422,-99.687568820249,,,,761.0,73.166
9335,3,915,1844.678679311422,-98.687568820249,,,,761.0,73.159
9336,3,916,1845.678679311422,-97.687568820249,,,,763.0,73.148
9337,3,917,1846.678679311422,-96.687568820249,,,,765.0,73.139
9338,3,918,1847.678679311422,-95.687568820249,,,,766.0,73.13
9339,3,919,1848.678679311422,-94.687568820249,,,,764.0,73.119
9340,3,920,1849.678679311422,-93.687568820249,,,,765.0,73.111
9341,3,921,1850.678679311422,-92.687568820249,,,,765.0,73.104
9342,3,922,1851.678679311422,-91.687568820249,,,,765.0,73.096
9343,3,923,1852.678679311422,-90.687568820249,,,,762.0,73.088
9344,3,924,1853.678679311422,-89.687568820249,,,,758.0,73.079
9345,3,925,1854.678679311422,-88.687568820249,,,,756.0,73.072
9346,3,926,1855.678679311422,-87.687568820249,,,,756.0,73.065
9347,3,927,1856.678679311422,-86.687568820249,,,,756.0,73.057
9348,3,928,1857.678679311422,-85.687568820249,,,,756.0,73.05
9349,3,929,1858.678679311422,-84.687568820249,,,,757.0,73.044
9350,3,930,1859.678679311422,-83.687568820249,,,,755.0,73.037
9351,3,931,1860.678679311422,-82.687568820249,,,,752.0,73.028
9352,3,932,1861.678679311422,-81.687568820249,,,,750.0,73.02
9353,3,933,1862.678679311422,-80.687568820249,,,,749.0,73.013
9354,3,934,1863.678679311422,-79.687568820249,,,,751.0,73.004
9355,3,935,1864.678679311422,-78.687568820249,,,,751.0,72.995
9356,3,936,1865.678679311422,-77.687568820249,,,,749.0,72.986
9357,3,937,1866.678679311422,-76.687568820249,,,,747.0,72.977
9358,3,938,1867.678679311422,-75.687568820249,,,,748.0,72.97
9359,3,939,1868.678679311422,-74.687568820249,,,,748.0,72.962
9360,3,940,1869.678679311422,-73.687568820249,,,,743.0,72.952
9361,3,941,1870.678679311422,-72.687568820249,,,,740.0,72.941
9362,3,942,1871.678679311422,-71.687568820249,,,,740.0,72.93
9363,3,943,1872.678679311422,-70.687568820249,,,,741.0,72.92
9364,3,944,1873.678679311422,-69.687568820249,,,,744.0,72.911
9365,3,945,1874.678679311422,-68.687568820249,,,,744.0,72.902
9366,3,946,1875.678679311422,-67.687568820249,,,,746.0,72.895
9367,3,947,1876.678679311422,-66.687568820249,,,,744.0,72.885
9368,3,948,1877.678679311422,-65.687568820249,,,,744.0,72.873
9369,3,949,1878.678679311422,-64.687568820249,,,,743.0,72.862
9370,3,950,1879.678679311422,-63.687568820249,,,,743.0,72.851
9371,3,951,1880.678679311422,-62.687568820249,,,,745.0,72.84
9372,3,952,1881.678679311422,-61.687568820249,,,,747.0,72.83
9373,3,953,1882.678679311422,-60.687568820249,,,,749.0,72.82
9374,3,954,1883.678679311422,-59.687568820249,,,,750.0,72.81
9375,3,955,1884.678679311422,-58.687568820249,,,,751.0,72.8
9376,3,956,1885.678679311422,-57.687568820249,,,,753.0,72.788
9377,3,957,1886.678679311422,-56.687568820249,,,,752.0,72.78
9378,3,958,1887.678679311422,-55.687568820249,,,,754.0,72.771
9379,3,959,1888.678679311422,-54.687568820249,,,,754.0,72.762
9380,3,960,1889.678679311422,-53.687568820249,,,,754.0,72.754
9381,3,961,1890.678679311422,-52.687568820249,,,,753.0,72.747
9382,3,962,1891.678679311422,-51.687568820249,,,,753.0,72.741
9383,3,963,1892.678679311422,-50.687568820249,,,,754.0,72.739
9406,3,986,1915.678679311422,-27.687568820249,,,,770.0,72.736
9407,3,987,1916.678679311422,-26.687568820249,,,,771.0,72.726
9408,3,988,1917.678679311422,-25.687568820249,,,,771.0,72.717
9409,3,989,1918.678679311422,-24.687568820249,,,,769.0,72.708
9410,3,990,1919.678679311422,-23.687568820249,,,,766.0,72.701
9411,3,991,1920.678679311422,-22.687568820249,,,,765.0,72.696
9412,3,992,1921.678679311422,-21.687568820249,,,,765.0,72.695
9478,3,1058,1987.678679311422,44.312431179751,,,,859.0,72.69
9479,3,1059,1988.678679311422,45.312431179751,,,,859.0,72.683
9480,3,1060,1989.678679311422,46.312431179751,,,,858.0,72.677
9481,3,1061,1990.678679311422,47.312431179751,,,,857.0,72.671
9482,3,1062,1991.678679311422,48.312431179751,,,,854.0,72.668
9504,3,1084,2013.678679311422,70.312431179751,,,,853.0,72.659
9505,3,1085,2014.678679311422,71.312431179751,,,,853.0,72.649
9506,3,1086,2015.678679311422,72.312431179751,,,,855.0,72.64
9507,3,1087,2016.678679311422,73.312431179751,,,,856.0,72.63
9508,3,1088,2017.678679311422,74.312431179751,,,,859.0,72.62
9509,3,1089,2018.678679311422,75.312431179751,,,,860.0,72.609
9510,3,1090,2019.678679311422,76.312431179751,,,,861.0,72.601
9511,3,1091,2020.678679311422,77.312431179751,,,,861.0,72.592
9512,3,1092,2021.678679311422,78.312431179751,,,,860.0,72.585
9513,3,1093,2022.678679311422,79.312431179751,,,,860.0,72.578
9514,3,1094,2023.678679311422,80.312431179751,,,,859.0,72.572
9515,3,1095,2024.678679311422,81.312431179751,,,,857.0,72.567
9516,3,1096,2025.678679311422,82.312431179751,,,,856.0,72.565
9551,3,1131,2060.678679311422,117.312431179751,,,,876.0,72.563
9552,3,1132,2061.678679311422,118.312431179751,,,,876.0,72.556
9553,3,1133,2062.678679311422,119.312431179751,,,,875.0,72.55
9554,3,1134,2063.678679311422,120.312431179751,,,,873.0,72.544
9555,3,1135,2064.678679311422,121.312431179751,,,,871.0,72.539
9556,3,1136,2065.678679311422,122.312431179751,,,,869.0,72.532
9557,3,1137,2066.678679311422,123.312431179751,,,,869.0,72.526
9558,3,1138,2067.678679311422,124.312431179751,,,,869.0,72.521
9559,3,1139,2068.678679311422,125.312431179751,,,,869.0,72.517
9560,3,1140,2069.678679311422,126.312431179751,,,,869.0,72.512
9561,3,1141,2070.678679311422,127.312431179751,,,,868.0,72.508
9562,3,1142,2071.678679311422,128.312431179751,,,,867.0,72.504
9563,3,1143,2072.678679311422,129.312431179751,,,,866.0,72.5
9564,3,1144,2073.678679311422,130.312431179751,,,,866.0,72.495
9565,3,1145,2074.678679311422,131.312431179751,,,,866.0,72.49
9566,3,1146,2075.678679311422,132.312431179751,,,,868.0,72.483
9567,3,1147,2076.678679311422,133.312431179751,,,,869.0,72.475
9568,3,1148,2077.678679311422,134.312431179751,,,,871.0,72.468
9569,3,1149,2078.678679311422,135.312431179751,,,,872.0,72.461
9570,3,1150,2079.678679311422,136.312431179751,,,,873.0,72.454
9571,3,1151,2080.678679311422,137.312431179751,,,,872.0,72.447
9572,3,1152,2081.678679311422,138.312431179751,,,,873.0,72.439
9573,3,1153,2082.678679311422,139.312431179751,,,,872.0,72.43
9574,3,1154,2083.678679311422,140.312431179751,,,,872.0,72.419
9575,3,1155,2084.678679311422,141.312431179751,,,,870.0,72.408
9576,3,1156,2085.678679311422,142.312431179751,,,,868.0,72.398
9577,3,1157,2086.678679311422,143.312431179751,,,,868.0,72.389
9578,3,1158,2087.678679311422,144.312431179751,,,,868.0,72.382
9579,3,1159,2088.678679311422,145.312431179751,,,,868.0,72.374
9580,3,1160,2089.678679311422,146.312431179751,,,,868.0,72.368
9581,3,1161,2090.678679311422,147.312431179751,,,,870.0,72.362
9582,3,1162,2091.678679311422,148.312431179751,,,,869.0,72.353
9583,3,1163,2092.678679311422,149.312431179751,,,,869.0,72.346
9584,3,1164,2093.678679311422,150.312431179751,,,,868.0,72.338
9585,3,1165,2094.678679311422,151.312431179751,,,,868.0,72.33
9586,3,1166,2095.678679311422,152.312431179751,,,,867.0,72.324
9587,3,1167,2096.678679311422,153.312431179751,,,,869.0,72.317
9588,3,1168,2097.678679311422,154.312431179751,,,,867.0,72.309
9589,3,1169,2098.678679311422,155.312431179751,,,,866.0,72.303
9590,3,1170,2099.678679311422,156.312431179751,,,,867.0,72.298
9591,3,1171,2100.678679311422,157.312431179751,,,,867.0,72.291
9592,3,1172,2101.678679311422,158.312431179751,,,,862.0,72.287
9593,3,1173,2102.678679311422,159.312431179751,,,,861.0,72.28
9594,3,1174,2103.678679311422,160.312431179751,,,,859.0,72.272
9595,3,1175,2104.678679311422,161.312431179751,,,,859.0,72.265
9596,3,1176,2105.678679311422,162.312431179751,,,,859.0,72.259
9597,3,1177,2106.678679311422,163.312431179751,,,,860.0,72.252
9598,3,1178,2107.678679311422,164.312431179751,,,,861.0,72.246
9599,3,1179,2108.678679311422,165.312431179751,,,,859.0,72.238
9600,3,1180,2109.678679311422,166.312431179751,,,,858.0,72.23
9601,3,1181,2110.678679311422,167.312431179751,,,,857.0,72.224
9602,3,1182,2111.678679311422,168.312431179751,,,,859.0,72.217
9603,3,1183,2112.678679311422,169.312431179751,,,,860.0,72.21
9604,3,1184,2113.678679311422,170.312431179751,,,,859.0,72.202
9605,3,1185,2114.678679311422,171.312431179751,,,,857.0,72.193
9606,3,1186,2115.678679311422,172.312431179751,,,,857.0,72.184
9607,3,1187,2116.678679311422,173.312431179751,,,,859.0,72.175
9608,3,1188,2117.678679311422,174.312431179751,,,,860.0,72.166
9609,3,1189,2118.678679311422,175.312431179751,,,,861.0,72.158
9610,3,1190,2119.678679311422,176.312431179751,,,,863.0,72.15
9611,3,1191,2120.678679311422,177.312431179751,,,,862.0,72.141
9612,3,1192,2121.678679311422,178.312431179751,,,,860.0,72.134
9613,3,1193,2122.678679311422,179.312431179751,,,,857.0,72.125
9614,3,1194,2123.678679311422,180.312431179751,,,,856.0,72.117
9615,3,1195,2124.678679311422,181.312431179751,,,,856.0,72.109
9616,3,1196,2125.678679311422,182.312431179751,,,,855.0,72.101
9617,3,1197,2126.678679311422,183.312431179751,,,,855.0,72.094
9618,3,1198,2127.678679311422,184.312431179751,,,,855.0,72.089
9619,3,1199,2128.678679311422,185.312431179751,,,,856.0,72.084
9620,3,1200,2129.678679311422,186.312431179751,,,,855.0,72.078
9621,3,1201,2130.678679311422,187.312431179751,,,,853.0,72.075
9622,3,1202,2131.678679311422,188.312431179751,,,,853.0,72.074
9623,3,1203,2132.678679311422,189.312431179751,,,,853.0,72.072
9624,3,1204,2133.678679311422,190.312431179751,,,,853.0,72.068
9625,3,1205,2134.678679311422,191.312431179751,,,,854.0,72.062
9626,3,1206,2135.678679311422,192.312431179751,,,,853.0,72.057
9627,3,1207,2136.678679311422,193.312431179751,,,,851.0,72.05
9628,3,1208,2137.678679311422,194.312431179751,,,,849.0,72.042
9629,3,1209,2138.678679311422,195.312431179751,,,,847.0,72.032
9630,3,1210,2139.678679311422,196.312431179751,,,,844.0,72.023
9631,3,1211,2140.678679311422,197.312431179751,,,,842.0,72.015
9632,3,1212,2141.678679311422,198.312431179751,,,,841.0,72.005
9633,3,1213,2142.678679311422,199.312431179751,,,,839.0,71.996
9634,3,1214,2143.678679311422,200.312431179751,,,,839.0,71.987
9635,3,1215,2144.678679311422,201.312431179751,,,,838.0,71.979
9636,3,1216,2145.678679311422,202.312431179751,,,,839.0,71.971
9637,3,1217,2146.678679311422,203.312431179751,,,,838.0,71.964
9638,3,1218,2147.678679311422,204.312431179751,,,,837.0,71.955
9639,3,1219,2148.678679311422,205.312431179751,,,,835.0,71.947
9640,3,1220,2149.678679311422,206.312431179751,,,,835.0,71.94
9641,3,1221,2150.678679311422,207.312431179751,,,,835.0,71.935
9642,3,1222,2151.678679311422,208.312431179751,,,,836.0,71.93
9643,3,1223,2152.678679311422,209.312431179751,,,,836.0,71.923
9644,3,1224,2153.678679311422,210.312431179751,,,,837.0,71.919
9645,3,1225,2154.678679311422,211.312431179751,,,,839.0,71.912
9646,3,1226,2155.678679311422,212.312431179751,,,,838.0,71.905
9647,3,1227,2156.678679311422,213.312431179751,,,,840.0,71.897
9648,3,1228,2157.678679311422,214.312431179751,,,,844.0,71.89
9649,3,1229,2158.678679311422,215.312431179751,,,,847.0,71.883
9650,3,1230,2159.678679311422,216.312431179751,,,,849.0,71.872
9651,3,1231,2160.678679311422,217.312431179751,,,,849.0,71.861
9652,3,1232,2161.678679311422,218.312431179751,,,,849.0,71.851
9653,3,1233,2162.678679311422,219.312431179751,,,,848.0,71.844
9654,3,1234,2163.678679311422,220.312431179751,,,,849.0,71.838
9655,3,1235,2164.678679311422,221.312431179751,,,,852.0,71.835
9656,3,1236,2165.678679311422,222.312431179751,,,,856.0,71.834
9723,3,1303,2232.678679311422,289.312431179751,,,,847.0,71.832
9724,3,1304,2233.678679311422,290.312431179751,,,,847.0,71.826
9725,3,1305,2234.678679311422,291.312431179751,,,,853.0,71.819
9726,3,1306,2235.678679311422,292.312431179751,,,,856.0,71.813
9727,3,1307,2236.678679311422,293.312431179751,,,,855.0,71.805
9728,3,1308,2237.678679311422,294.312431179751,,,,856.0,71.796
9729,3,1309,2238.678679311422,295.312431179751,,,,857.0,71.788
9730,3,1310,2239.678679311422,296.312431179751,,,,859.0,71.779
9731,3,1311,2240.678679311422,297.312431179751,,,,861.0,71.769
9732,3,1312,2241.678679311422,298.312431179751,,,,860.0,71.758
9733,3,1313,2242.678679311422,299.312431179751,,,,859.0,71.748
9734,3,1314,2243.678679311422,300.312431179751,,,,858.0,71.737
9735,3,1315,2244.678679311422,301.312431179751,,,,858.0,71.726
9736,3,1316,2245.678679311422,302.312431179751,,,,857.0,71.714
9737,3,1317,2246.678679311422,303.312431179751,,,,858.0,71.703
9738,3,1318,2247.678679311422,304.312431179751,,,,860.0,71.692
9739,3,1319,2248.678679311422,305.312431179751,,,,861.0,71.682
9740,3,1320,2249.678679311422,306.312431179751,,,,863.0,71.671
9741,3,1321,2250.678679311422,307.312431179751,,,,868.0,71.661
9742,3,1322,2251.678679311422,308.312431179751,,,,868.0,71.652
9743,3,1323,2252.678679311422,309.312431179751,,,,868.0,71.64
9744,3,1324,2253.678679311422,310.312431179751,,,,866.0,71.629
9745,3,1325,2254.678679311422,311.312431179751,,,,866.0,71.617
9746,3,1326,2255.678679311422,312.312431179751,,,,865.0,71.606
9747,3,1327,2256.678679311422,313.312431179751,,,,865.0,71.596
9748,3,1328,2257.678679311422,314.312431179751,,,,867.0,71.588
9749,3,1329,2258.678679311422,315.312431179751,,,,868.0,71.579
9750,3,1330,2259.678679311422,316.312431179751,,,,868.0,71.57
9751,3,1331,2260.678679311422,317.312431179751,,,,865.0,71.56
9752,3,1332,2261.678679311422,318.312431179751,,,,862.0,71.549
9753,3,1333,2262.678679311422,319.312431179751,,,,856.0,71.535
9754,3,1334,2263.678679311422,320.312431179751,,,,853.0,71.521
9755,3,1335,2264.678679311422,321.312431179751,,,,852.0,71.51
9756,3,1336,2265.678679311422,322.312431179751,,,,852.0,71.499
9757,3,1337,2266.678679311422,323.312431179751,,,,853.0,71.49
9758,3,1338,2267.678679311422,324.312431179751,,,,852.0,71.48
9759,3,1339,2268.678679311422,325.312431179751,,,,850.0,71.471
9760,3,1340,2269.678679311422,326.312431179751,,,,849.0,71.462
9761,3,1341,2270.678679311422,327.312431179751,,,,845.0,71.451
9762,3,1342,2271.678679311422,328.312431179751,,,,843.0,71.441
9763,3,1343,2272.678679311422,329.312431179751,,,,842.0,71.43
9764,3,1344,2273.678679311422,330.312431179751,,,,840.0,71.42
9765,3,1345,2274.678679311422,331.312431179751,,,,839.0,71.408
9766,3,1346,2275.678679311422,332.312431179751,,,,841.0,71.395
9767,3,1347,2276.678679311422,333.312431179751,,,,843.0,71.385
9768,3,1348,2277.678679311422,334.312431179751,,,,844.0,71.373
9769,3,1349,2278.678679311422,335.312431179751,,,,847.0,71.361
9770,3,1350,2279.678679311422,336.312431179751,,,,849.0,71.353
9771,3,1351,2280.678679311422,337.312431179751,,,,851.0,71.343
9772,3,1352,2281.678679311422,338.312431179751,,,,851.0,71.334
9773,3,1353,2282.678679311422,339.312431179751,,,,851.0,71.324
9774,3,1354,2283.678679311422,340.312431179751,,,,850.0,71.313
9775,3,1355,2284.678679311422,341.312431179751,,,,851.0,71.303
9776,3,1356,2285.678679311422,342.312431179751,,,,850.0,71.292
9777,3,1357,2286.678679311422,343.312431179751,,,,850.0,71.281
9778,3,1358,2287.678679311422,344.312431179751,,,,851.0,71.27
9779,3,1359,2288.678679311422,345.312431179751,,,,854.0,71.258
9780,3,1360,2289.678679311422,346.312431179751,,,,857.0,71.248
9781,3,1361,2290.678679311422,347.312431179751,,,,862.0,71.237
9782,3,1362,2291.678679311422,348.312431179751,,,,863.0,71.226
9783,3,1363,2292.678679311422,349.312431179751,,,,865.0,71.218
9784,3,1364,2293.678679311422,350.312431179751,,,,866.0,71.209
9785,3,1365,2294.678679311422,351.312431179751,,,,867.0,71.201
9786,3,1366,2295.678679311422,352.312431179751,,,,866.0,71.194
9787,3,1367,2296.678679311422,353.312431179751,,,,868.0,71.189
9788,3,1368,2297.678679311422,354.312431179751,,,,869.0,71.187
9817,3,1397,2326.678679311422,383.312431179751,,,,882.0,71.184
9818,3,1398,2327.678679311422,384.312431179751,,,,885.0,71.174
9819,3,1399,2328.678679311422,385.312431179751,,,,885.0,71.163
9820,3,1400,2329.678679311422,386.312431179751,,,,888.0,71.152
9821,3,1401,2330.678679311422,387.312431179751,,,,890.0,71.144
9822,3,1402,2331.678679311422,388.312431179751,,,,893.0,71.138
9823,3,1403,2332.678679311422,389.312431179751,,,,895.0,71.135
10001,3,1581,2510.678679311422,567.312431179751,,,,1034.0,71.13
10002,3,1582,2511.678679311422,568.312431179751,,,,1033.0,71.121
10003,3,1583,2512.678679311422,569.312431179751,,,,1027.0,71.111
10004,3,1584,2513.678679311422,570.312431179751,,,,1023.0,71.104
10005,3,1585,2514.678679311422,571.312431179751,,,,1023.0,71.094
10006,3,1586,2515.678679311422,572.312431179751,,,,1023.0,71.085
10007,3,1587,2516.678679311422,573.312431179751,,,,1025.0,71.078
10008,3,1588,2517.678679311422,574.312431179751,,,,1027.0,71.07
10009,3,1589,2518.678679311422,575.312431179751,,,,1027.0,71.063
10010,3,1590,2519.678679311422,576.312431179751,,,,1027.0,71.053
10011,3,1591,2520.678679311422,577.312431179751,,,,1025.0,71.042
10012,3,1592,2521.678679311422,578.312431179751,,,,1021.0,71.031
10013,3,1593,2522.678679311422,579.312431179751,,,,1019.0,71.019
10014,3,1594,2523.678679311422,580.312431179751,,,,1017.0,71.008
10015,3,1595,2524.678679311422,581.312431179751,,,,1015.0,70.998
10016,3,1596,2525.678679311422,582.312431179751,,,,1014.0,70.988
10017,3,1597,2526.678679311422,583.312431179751,,,,1014.0,70.977
10018,3,1598,2527.678679311422,584.312431179751,,,,1012.0,70.967
10019,3,1599,2528.678679311422,585.312431179751,,,,1012.0,70.957
10020,3,1600,2529.678679311422,586.312431179751,,,,1013.0,70.948
10021,3,1601,2530.678679311422,587.312431179751,,,,1015.0,70.937
10022,3,1602,2531.678679311422,588.312431179751,,,,1013.0,70.927
10023,3,1603,2532.678679311422,589.312431179751,,,,1010.0,70.915
10024,3,1604,2533.678679311422,590.312431179751,,,,1009.0,70.903
10025,3,1605,2534.678679311422,591.312431179751,,,,1007.0,70.891
10026,3,1606,2535.678679311422,592.312431179751,,,,1007.0,70.881
10027,3,1607,2536.678679311422,593.312431179751,,,,1006.0,70.872
10028,3,1608,2537.678679311422,594.312431179751,,,,1004.0,70.863
10029,3,1609,2538.678679311422,595.312431179751,,,,1004.0,70.854
10030,3,1610,2539.678679311422,596.312431179751,,,,1004.0,70.843
10031,3,1611,2540.678679311422,597.312431179751,,,,1003.0,70.832
10032,3,1612,2541.678679311422,598.312431179751,,,,1001.0,70.82
10033,3,1613,2542.678679311422,599.312431179751,,,,1002.0,70.808
10034,3,1614,2543.678679311422,600.312431179751,,,,1001.0,70.797
10035,3,1615,2544.678679311422,601.312431179751,,,,1001.0,70.788
10036,3,1616,2545.678679311422,602.312431179751,,,,1001.0,70.778
10037,3,1617,2546.678679311422,603.312431179751,,,,1001.0,70.769
10038,3,1618,2547.678679311422,604.312431179751,,,,1002.0,70.758
10039,3,1619,2548.678679311422,605.312431179751,,,,1003.0,70.749
10040,3,1620,2549.678679311422,606.312431179751,,,,1003.0,70.741
10041,3,1621,2550.678679311422,607.312431179751,,,,1003.0,70.731
10042,3,1622,2551.678679311422,608.312431179751,,,,1003.0,70.722
10043,3,1623,2552.678679311422,609.312431179751,,,,1004.0,70.711
10044,3,1624,2553.678679311422,610.312431179751,,,,1004.0,70.701
10045,3,1625,2554.678679311422,611.312431179751,,,,1003.0,70.691
10046,3,1626,2555.678679311422,612.312431179751,,,,1001.0,70.681
10047,3,1627,2556.678679311422,613.312431179751,,,,1000.0,70.671
10048,3,1628,2557.678679311422,614.312431179751,,,,998.0,70.662
10049,3,1629,2558.678679311422,615.312431179751,,,,996.0,70.652
10050,3,1630,2559.678679311422,616.312431179751,,,,992.0,70.643
10051,3,1631,2560.678679311422,617.312431179751,,,,990.0,70.634
10052,3,1632,2561.678679311422,618.312431179751,,,,989.0,70.625
10053,3,1633,2562.678679311422,619.312431179751,,,,989.0,70.616
10054,3,1634,2563.678679311422,620.312431179751,,,,987.0,70.607
10055,3,1635,2564.678679311422,621.312431179751,,,,985.0,70.596
10056,3,1636,2565.678679311422,622.312431179751,,,,978.0,70.587
10057,3,1637,2566.678679311422,623.312431179751,,,,975.0,70.572
10058,3,1638,2567.678679311422,624.312431179751,,,,972.0,70.56
10059,3,1639,2568.678679311422,625.312431179751,,,,969.0,70.546
10060,3,1640,2569.678679311422,626.312431179751,,,,968.0,70.535
10061,3,1641,2570.678679311422,627.312431179751,,,,968.0,70.525
10062,3,1642,2571.678679311422,628.312431179751,,,,968.0,70.515
10063,3,1643,2572.678679311422,629.312431179751,,,,968.0,70.507
10064,3,1644,2573.678679311422,630.312431179751,,,,968.0,70.499
10065,3,1645,2574.678679311422,631.312431179751,,,,967.0,70.488
10066,3,1646,2575.678679311422,632.312431179751,,,,967.0,70.478
10067,3,1647,2576.678679311422,633.312431179751,,,,964.0,70.466
10068,3,1648,2577.678679311422,634.312431179751,,,,963.0,70.454
10069,3,1649,2578.678679311422,635.312431179751,,,,962.0,70.444
10070,3,1650,2579.678679311422,636.312431179751,,,,963.0,70.432
10071,3,1651,2580.678679311422,637.312431179751,,,,962.0,70.421
10072,3,1652,2581.678679311422,638.312431179751,,,,963.0,70.409
10073,3,1653,2582.678679311422,639.312431179751,,,,962.0,70.395
10074,3,1654,2583.678679311422,640.312431179751,,,,961.0,70.38
10075,3,1655,2584.678679311422,641.312431179751,,,,960.0,70.367
10076,3,1656,2585.678679311422,642.312431179751,,,,960.0,70.353
10077,3,1657,2586.678679311422,643.312431179751,,,,960.0,70.341
10078,3,1658,2587.678679311422,644.312431179751,,,,959.0,70.328
10079,3,1659,2588.678679311422,645.312431179751,,,,959.0,70.316
10080,3,1660,2589.678679311422,646.312431179751,,,,957.0,70.306
10081,3,1661,2590.678679311422,647.312431179751,,,,954.0,70.294
10082,3,1662,2591.678679311422,648.312431179751,,,,952.0,70.284
10083,3,1663,2592.678679311422,649.312431179751,,,,952.0,70.274
10084,3,1664,2593.678679311422,650.312431179751,,,,949.0,70.265
10085,3,1665,2594.678679311422,651.312431179751,,,,949.0,70.255
10086,3,1666,2595.678679311422,652.312431179751,,,,947.0,70.246
10087,3,1667,2596.678679311422,653.312431179751,,,,947.0,70.237
10088,3,1668,2597.678679311422,654.312431179751,,,,946.0,70.227
10089,3,1669,2598.678679311422,655.312431179751,,,,947.0,70.218
10090,3,1670,2599.678679311422,656.312431179751,,,,946.0,70.206
10091,3,1671,2600.678679311422,657.312431179751,,,,946.0,70.196
10092,3,1672,2601.678679311422,658.312431179751,,,,946.0,70.182
10093,3,1673,2602.678679311422,659.312431179751,,,,945.0,70.171
10094,3,1674,2603.678679311422,660.312431179751,,,,943.0,70.159
10095,3,1675,2604.678679311422,661.312431179751,,,,942.0,70.144
10096,3,1676,2605.678679311422,662.312431179751,,,,941.0,70.132
10097,3,1677,2606.678679311422,663.312431179751,,,,938.0,70.119
10098,3,1678,2607.678679311422,664.312431179751,,,,936.0,70.106
10099,3,1679,2608.678679311422,665.312431179751,,,,935.0,70.094
10100,3,1680,2609.678679311422,666.312431179751,,,,933.0,70.082
10101,3,1681,2610.678679311422,667.312431179751,,,,931.0,70.072
10102,3,1682,2611.678679311422,668.312431179751,,,,932.0,70.061
10103,3,1683,2612.678679311422,669.312431179751,,,,929.0,70.05
10104,3,1684,2613.678679311422,670.312431179751,,,,926.0,70.038
10105,3,1685,2614.678679311422,671.312431179751,,,,924.0,70.027
10106,3,1686,2615.678679311422,672.312431179751,,,,922.0,70.014
10107,3,1687,2616.678679311422,673.312431179751,,,,921.0,70.002
10108,3,1688,2617.678679311422,674.312431179751,,,,922.0,69.991
10109,3,1689,2618.678679311422,675.312431179751,,,,926.0,69.98
10110,3,1690,2619.678679311422,676.312431179751,,,,926.0,69.97
10111,3,1691,2620.678679311422,677.312431179751,,,,926.0,69.96
10112,3,1692,2621.678679311422,678.312431179751,,,,926.0,69.95
10113,3,1693,2622.678679311422,679.312431179751,,,,926.0,69.94
10114,3,1694,2623.678679311422,680.312431179751,,,,927.0,69.93
10115,3,1695,2624.678679311422,681.312431179751,,,,927.0,69.919
10116,3,1696,2625.678679311422,682.312431179751,,,,926.0,69.91
10117,3,1697,2626.678679311422,683.312431179751,,,,926.0,69.899
10118,3,1698,2627.678679311422,684.312431179751,,,,925.0,69.887
10119,3,1699,2628.678679311422,685.312431179751,,,,926.0,69.876
10120,3,1700,2629.678679311422,686.312431179751,,,,927.0,69.863
10121,3,1701,2630.678679311422,687.312431179751,,,,927.0,69.851
10122,3,1702,2631.678679311422,688.312431179751,,,,927.0,69.838
10123,3,1703,2632.678679311422,689.312431179751,,,,926.0,69.825
10124,3,1704,2633.678679311422,690.312431179751,,,,926.0,69.814
10125,3,1705,2634.678679311422,691.312431179751,,,,928.0,69.803
10126,3,1706,2635.678679311422,692.312431179751,,,,930.0,69.793
10127,3,1707,2636.678679311422,693.312431179751,,,,933.0,69.784
10128,3,1708,2637.678679311422,694.312431179751,,,,936.0,69.774
10129,3,1709,2638.678679311422,695.312431179751,,,,937.0,69.763
10130,3,1710,2639.678679311422,696.312431179751,,,,935.0,69.752
10131,3,1711,2640.678679311422,697.312431179751,,,,934.0,69.741
10132,3,1712,2641.678679311422,698.312431179751,,,,935.0,69.73
10133,3,1713,2642.678679311422,699.312431179751,,,,934.0,69.719
10134,3,1714,2643.678679311422,700.312431179751,,,,935.0,69.708
10135,3,1715,2644.678679311422,701.312431179751,,,,935.0,69.699
10136,3,1716,2645.678679311422,702.312431179751,,,,937.0,69.689
10137,3,1717,2646.678679311422,703.312431179751,,,,938.0,69.678
10138,3,1718,2647.678679311422,704.312431179751,,,,939.0,69.667
10139,3,1719,2648.678679311422,705.312431179751,,,,943.0,69.656
10140,3,1720,2649.678679311422,706.312431179751,,,,943.0,69.643
10141,3,1721,2650.678679311422,707.312431179751,,,,939.0,69.629
10142,3,1722,2651.678679311422,708.312431179751,,,,937.0,69.616
10143,3,1723,2652.678679311422,709.312431179751,,,,936.0,69.604
10144,3,1724,2653.678679311422,710.312431179751,,,,937.0,69.591
10145,3,1725,2654.678679311422,711.312431179751,,,,938.0,69.58
10146,3,1726,2655.678679311422,712.312431179751,,,,939.0,69.568
10147,3,1727,2656.678679311422,713.312431179751,,,,940.0,69.558
10148,3,1728,2657.678679311422,714.312431179751,,,,940.0,69.546
10149,3,1729,2658.678679311422,715.312431179751,,,,941.0,69.535
10150,3,1730,2659.678679311422,716.312431179751,,,,941.0,69.526
10151,3,1731,2660.678679311422,717.312431179751,,,,939.0,69.515
10152,3,1732,2661.678679311422,718.312431179751,,,,937.0,69.506
10153,3,1733,2662.678679311422,719.312431179751,,,,937.0,69.496
10154,3,1734,2663.678679311422,720.312431179751,,,,937.0,69.487
10155,3,1735,2664.678679311422,721.312431179751,,,,937.0,69.477
10156,3,1736,2665.678679311422,722.312431179751,,,,934.0,69.466
10157,3,1737,2666.678679311422,723.312431179751,,,,932.0,69.455
10158,3,1738,2667.678679311422,724.312431179751,,,,929.0,69.443
10159,3,1739,2668.678679311422,725.312431179751,,,,927.0,69.431
10160,3,1740,2669.678679311422,726.312431179751,,,,925.0,69.419
10161,3,1741,2670.678679311422,727.312431179751,,,,925.0,69.407
10162,3,1742,2671.678679311422,728.312431179751,,,,924.0,69.395
10163,3,1743,2672.678679311422,729.312431179751,,,,924.0,69.385
10164,3,1744,2673.678679311422,730.312431179751,,,,924.0,69.375
10165,3,1745,2674.678679311422,731.312431179751,,,,924.0,69.364
10166,3,1746,2675.678679311422,732.312431179751,,,,924.0,69.354
10167,3,1747,2676.678679311422,733.312431179751,,,,923.0,69.342
10168,3,1748,2677.678679311422,734.312431179751,,,,924.0,69.332
10169,3,1749,2678.678679311422,735.312431179751,,,,924.0,69.322
10170,3,1750,2679.678679311422,736.312431179751,,,,922.0,69.309
10171,3,1751,2680.678679311422,737.312431179751,,,,920.0,69.297
10172,3,1752,2681.678679311422,738.312431179751,,,,919.0,69.283
10173,3,1753,2682.678679311422,739.312431179751,,,,919.0,69.272
10174,3,1754,2683.678679311422,740.312431179751,,,,918.0,69.258
10175,3,1755,2684.678679311422,741.312431179751,,,,917.0,69.245
10176,3,1756,2685.678679311422,742.312431179751,,,,914.0,69.232
10177,3,1757,2686.678679311422,743.312431179751,,,,912.0,69.218
10178,3,1758,2687.678679311422,744.312431179751,,,,911.0,69.205
10179,3,1759,2688.678679311422,745.312431179751,,,,912.0,69.192
10180,3,1760,2689.678679311422,746.312431179751,,,,913.0,69.181
10181,3,1761,2690.678679311422,747.312431179751,,,,915.0,69.171
10182,3,1762,2691.678679311422,748.312431179751,,,,915.0,69.161
10183,3,1763,2692.678679311422,749.312431179751,,,,915.0,69.152
10184,3,1764,2693.678679311422,750.312431179751,,,,915.0,69.141
10185,3,1765,2694.678679311422,751.312431179751,,,,913.0,69.129
10186,3,1766,2695.678679311422,752.312431179751,,,,911.0,69.118
10187,3,1767,2696.678679311422,753.312431179751,,,,909.0,69.105
10188,3,1768,2697.678679311422,754.312431179751,,,,906.0,69.093
10189,3,1769,2698.678679311422,755.312431179751,,,,907.0,69.082
10190,3,1770,2699.678679311422,756.312431179751,,,,908.0,69.071
10191,3,1771,2700.678679311422,757.312431179751,,,,905.0,69.06
10192,3,1772,2701.678679311422,758.312431179751,,,,904.0,69.05
10193,3,1773,2702.678679311422,759.312431179751,,,,901.0,69.037
10194,3,1774,2703.678679311422,760.312431179751,,,,899.0,69.024
10195,3,1775,2704.678679311422,761.312431179751,,,,901.0,69.013
10196,3,1776,2705.678679311422,762.312431179751,,,,903.0,69.005
10197,3,1777,2706.678679311422,763.312431179751,,,,904.0,68.996
10198,3,1778,2707.678679311422,764.312431179751,,,,901.0,68.992
10199,3,1779,2708.678679311422,765.312431179751,,,,897.0,68.986
10200,3,1780,2709.678679311422,766.312431179751,,,,896.0,68.981
10201,3,1781,2710.678679311422,767.312431179751,,,,897.0,68.975
10202,3,1782,2711.678679311422,768.312431179751,,,,899.0,68.968
10203,3,1783,2712.678679311422,769.312431179751,,,,899.0,68.959
10204,3,1784,2713.678679311422,770.312431179751,,,,897.0,68.948
10205,3,1785,2714.678679311422,771.312431179751,,,,895.0,68.936
10206,3,1786,2715.678679311422,772.312431179751,,,,896.0,68.923
10207,3,1787,2716.678679311422,773.312431179751,,,,895.0,68.911
10208,3,1788,2717.678679311422,774.312431179751,,,,896.0,68.9
10209,3,1789,2718.678679311422,775.312431179751,,,,897.0,68.889
10210,3,1790,2719.678679311422,776.312431179751,,,,897.0,68.878
10211,3,1791,2720.678679311422,777.312431179751,,,,898.0,68.866
10212,3,1792,2721.678679311422,778.312431179751,,,,897.0,68.854
10213,3,1793,2722.678679311422,779.312431179751,,,,896.0,68.843
10214,3,1794,2723.678679311422,780.312431179751,,,,896.0,68.833
10215,3,1795,2724.678679311422,781.312431179751,,,,895.0,68.823
10216,3,1796,2725.678679311422,782.312431179751,,,,894.0,68.813
10217,3,1797,2726.678679311422,783.312431179751,,,,893.0,68.803
10218,3,1798,2727.678679311422,784.312431179751,,,,893.0,68.792
10219,3,1799,2728.678679311422,785.312431179751,,,,893.0,68.784
10220,3,1800,2729.678679311422,786.312431179751,,,,892.0,68.775
10221,3,1801,2730.678679311422,787.312431179751,,,,892.0,68.767
10222,3,1802,2731.678679311422,788.312431179751,,,,888.0,68.755
10223,3,1803,2732.678679311422,789.312431179751,,,,883.0,68.741
10224,3,1804,2733.678679311422,790.312431179751,,,,880.0,68.727
10225,3,1805,2734.678679311422,791.312431179751,,,,881.0,68.715
10226,3,1806,2735.678679311422,792.312431179751,,,,883.0,68.704
10227,3,1807,2736.678679311422,793.312431179751,,,,884.0,68.695
10228,3,1808,2737.678679311422,794.312431179751,,,,882.0,68.685
10229,3,1809,2738.678679311422,795.312431179751,,,,880.0,68.673
10230,3,1810,2739.678679311422,796.312431179751,,,,879.0,68.661
10231,3,1811,2740.678679311422,797.312431179751,,,,878.0,68.649
10232,3,1812,2741.678679311422,798.312431179751,,,,876.0,68.638
10233,3,1813,2742.678679311422,799.312431179751,,,,877.0,68.628
10234,3,1814,2743.678679311422,800.312431179751,,,,875.0,68.617
10235,3,1815,2744.678679311422,801.312431179751,,,,875.0,68.607
10236,3,1816,2745.678679311422,802.312431179751,,,,873.0,68.597
10237,3,1817,2746.678679311422,803.312431179751,,,,872.0,68.586
10238,3,1818,2747.678679311422,804.312431179751,,,,869.0,68.573
10239,3,1819,2748.678679311422,805.312431179751,,,,867.0,68.562
10240,3,1820,2749.678679311422,806.312431179751,,,,865.0,68.549
10241,3,1821,2750.678679311422,807.312431179751,,,,865.0,68.536
10242,3,1822,2751.678679311422,808.312431179751,,,,865.0,68.524
10243,3,1823,2752.678679311422,809.312431179751,,,,866.0,68.514
10244,3,1824,2753.678679311422,810.312431179751,,,,865.0,68.503
10245,3,1825,2754.678679311422,811.312431179751,,,,863.0,68.491
10246,3,1826,2755.678679311422,812.312431179751,,,,859.0,68.48
10247,3,1827,2756.678679311422,813.312431179751,,,,859.0,68.469
10248,3,1828,2757.678679311422,814.312431179751,,,,858.0,68.458
10249,3,1829,2758.678679311422,815.312431179751,,,,857.0,68.447
10250,3,1830,2759.678679311422,816.312431179751,,,,854.0,68.434
10251,3,1831,2760.678679311422,817.312431179751,,,,852.0,68.422
10252,3,1832,2761.678679311422,818.312431179751,,,,850.0,68.409
10253,3,1833,2762.678679311422,819.312431179751,,,,849.0,68.397
10254,3,1834,2763.678679311422,820.312431179751,,,,846.0,68.385
10255,3,1835,2764.678679311422,821.312431179751,,,,843.0,68.373
10256,3,1836,2765.678679311422,822.312431179751,,,,841.0,68.361
10257,3,1837,2766.678679311422,823.312431179751,,,,840.0,68.35
10258,3,1838,2767.678679311422,824.312431179751,,,,840.0,68.34
10259,3,1839,2768.678679311422,825.312431179751,,,,840.0,68.329
10260,3,1840,2769.678679311422,826.312431179751,,,,839.0,68.318
10261,3,1841,2770.678679311422,827.312431179751,,,,837.0,68.305
10262,3,1842,2771.678679311422,828.312431179751,,,,834.0,68.294
10263,3,1843,2772.678679311422,829.312431179751,,,,833.0,68.283
10264,3,1844,2773.678679311422,830.312431179751,,,,833.0,68.27
10265,3,1845,2774.678679311422,831.312431179751,,,,830.0,68.259
10266,3,1846,2775.678679311422,832.312431179751,,,,830.0,68.248
10267,3,1847,2776.678679311422,833.312431179751,,,,828.0,68.237
10268,3,1848,2777.678679311422,834.312431179751,,,,827.0,68.225
10269,3,1849,2778.678679311422,835.312431179751,,,,825.0,68.213
10270,3,1850,2779.678679311422,836.312431179751,,,,823.0,68.2
10271,3,1851,2780.678679311422,837.312431179751,,,,821.0,68.189
10272,3,1852,2781.678679311422,838.312431179751,,,,820.0,68.178
10273,3,1853,2782.678679311422,839.312431179751,,,,819.0,68.167
10274,3,1854,2783.678679311422,840.312431179751,,,,818.0,68.157
10275,3,1855,2784.678679311422,841.312431179751,,,,817.0,68.146
10276,3,1856,2785.678679311422,842.312431179751,,,,816.0,68.136
10277,3,1857,2786.678679311422,843.312431179751,,,,816.0,68.127
10278,3,1858,2787.678679311422,844.312431179751,,,,816.0,68.117
10279,3,1859,2788.678679311422,845.312431179751,,,,816.0,68.106
10280,3,1860,2789.678679311422,846.312431179751,,,,815.0,68.096
10281,3,1861,2790.678679311422,847.312431179751,,,,814.0,68.085
10282,3,1862,2791.678679311422,848.312431179751,,,,810.0,68.071
10283,3,1863,2792.678679311422,849.312431179751,,,,807.0,68.058
10284,3,1864,2793.678679311422,850.312431179751,,,,805.0,68.044
10285,3,1865,2794.678679311422,851.312431179751,,,,805.0,68.032
10286,3,1866,2795.678679311422,852.312431179751,,,,805.0,68.02
10287,3,1867,2796.678679311422,853.312431179751,,,,807.0,68.011
10288,3,1868,2797.678679311422,854.312431179751,,,,807.0,68.002
10289,3,1869,2798.678679311422,855.312431179751,,,,807.0,67.992
10290,3,1870,2799.678679311422,856.312431179751,,,,807.0,67.984
10291,3,1871,2800.678679311422,857.312431179751,,,,806.0,67.973
10292,3,1872,2801.678679311422,858.312431179751,,,,804.0,67.963
10293,3,1873,2802.678679311422,859.312431179751,,,,803.0,67.951
10294,3,1874,2803.678679311422,860.312431179751,,,,802.0,67.938
10295,3,1875,2804.678679311422,861.312431179751,,,,802.0,67.928
10296,3,1876,2805.678679311422,862.312431179751,,,,802.0,67.917
10297,3,1877,2806.678679311422,863.312431179751,,,,802.0,67.907
10298,3,1878,2807.678679311422,864.312431179751,,,,800.0,67.896
10299,3,1879,2808.678679311422,865.312431179751,,,,796.0,67.884
10300,3,1880,2809.678679311422,866.312431179751,,,,793.0,67.872
10301,3,1881,2810.678679311422,867.312431179751,,,,793.0,67.86
10302,3,1882,2811.678679311422,868.312431179751,,,,793.0,67.85
10303,3,1883,2812.678679311422,869.312431179751,,,,794.0,67.839
10304,3,1884,2813.678679311422,870.312431179751,,,,794.0,67.828
10305,3,1885,2814.678679311422,871.312431179751,,,,796.0,67.818
10306,3,1886,2815.678679311422,872.312431179751,,,,797.0,67.808
10307,3,1887,2816.678679311422,873.312431179751,,,,796.0,67.795
10308,3,1888,2817.678679311422,874.312431179751,,,,794.0,67.784
10309,3,1889,2818.678679311422,875.312431179751,,,,793.0,67.77
10310,3,1890,2819.678679311422,876.312431179751,,,,793.0,67.757
10311,3,1891,2820.678679311422,877.312431179751,,,,794.0,67.745
10312,3,1892,2821.678679311422,878.312431179751,,,,792.0,67.733
10313,3,1893,2822.678679311422,879.312431179751,,,,792.0,67.721
10314,3,1894,2823.678679311422,880.312431179751,,,,790.0,67.708
10315,3,1895,2824.678679311422,881.312431179751,,,,790.0,67.697
10316,3,1896,2825.678679311422,882.312431179751,,,,788.0,67.684
10317,3,1897,2826.678679311422,883.312431179751,,,,786.0,67.672
10318,3,1898,2827.678679311422,884.312431179751,,,,786.0,67.661
10319,3,1899,2828.678679311422,885.312431179751,,,,785.0,67.648
10320,3,1900,2829.678679311422,886.312431179751,,,,783.0,67.637
10321,3,1901,2830.678679311422,887.312431179751,,,,785.0,67.626
10322,3,1902,2831.678679311422,888.312431179751,,,,786.0,67.614
10323,3,1903,2832.678679311422,889.312431179751,,,,785.0,67.603
10324,3,1904,2833.678679311422,890.312431179751,,,,783.0,67.591
10325,3,1905,2834.678679311422,891.312431179751,,,,779.0,67.58
10326,3,1906,2835.678679311422,892.312431179751,,,,776.0,67.565
10327,3,1907,2836.678679311422,893.312431179751,,,,774.0,67.552
10328,3,1908,2837.678679311422,894.312431179751,,,,774.0,67.538
10329,3,1909,2838.678679311422,895.312431179751,,,,776.0,67.525
10330,3,1910,2839.678679311422,896.312431179751,,,,779.0,67.513
10331,3,1911,2840.678679311422,897.312431179751,,,,779.0,67.502
10332,3,1912,2841.678679311422,898.312431179751,,,,778.0,67.491
10333,3,1913,2842.678679311422,899.312431179751,,,,777.0,67.478
10334,3,1914,2843.678679311422,900.312431179751,,,,775.0,67.464
10335,3,1915,2844.678679311422,901.312431179751,,,,776.0,67.452
10336,3,1916,2845.678679311422,902.312431179751,,,,778.0,67.439
10337,3,1917,2846.678679311422,903.312431179751,,,,779.0,67.426
10338,3,1918,2847.678679311422,904.312431179751,,,,780.0,67.413
10339,3,1919,2848.678679311422,905.312431179751,,,,780.0,67.401
10340,3,1920,2849.678679311422,906.312431179751,,,,779.0,67.389
10341,3,1921,2850.678679311422,907.312431179751,,,,777.0,67.375
10342,3,1922,2851.678679311422,908.312431179751,,,,774.0,67.363
10343,3,1923,2852.678679311422,909.312431179751,,,,774.0,67.349
10344,3,1924,2853.678679311422,910.312431179751,,,,774.0,67.337
10345,3,1925,2854.678679311422,911.312431179751,,,,774.0,67.325
10346,3,1926,2855.678679311422,912.312431179751,,,,774.0,67.313
10347,3,1927,2856.678679311422,913.312431179751,,,,775.0,67.303
10348,3,1928,2857.678679311422,914.312431179751,,,,775.0,67.292
10349,3,1929,2858.678679311422,915.312431179751,,,,777.0,67.282
10350,3,1930,2859.678679311422,916.312431179751,,,,776.0,67.272
10351,3,1931,2860.678679311422,917.312431179751,,,,775.0,67.26
10352,3,1932,2861.678679311422,918.312431179751,,,,776.0,67.251
10353,3,1933,2862.678679311422,919.312431179751,,,,777.0,67.24
10354,3,1934,2863.678679311422,920.312431179751,,,,778.0,67.23
10355,3,1935,2864.678679311422,921.312431179751,,,,779.0,67.219
10356,3,1936,2865.678679311422,922.312431179751,,,,778.0,67.208
10357,3,1937,2866.678679311422,923.312431179751,,,,776.0,67.197
10358,3,1938,2867.678679311422,924.312431179751,,,,776.0,67.185
10359,3,1939,2868.678679311422,925.312431179751,,,,774.0,67.174
10360,3,1940,2869.678679311422,926.312431179751,,,,774.0,67.162
10361,3,1941,2870.678679311422,927.312431179751,,,,773.0,67.15
10362,3,1942,2871.678679311422,928.312431179751,,,,772.0,67.138
10363,3,1943,2872.678679311422,929.312431179751,,,,774.0,67.125
10364,3,1944,2873.678679311422,930.312431179751,,,,773.0,67.114
10365,3,1945,2874.678679311422,931.312431179751,,,,771.0,67.103
10366,3,1946,2875.678679311422,932.312431179751,,,,771.0,67.092
10367,3,1947,2876.678679311422,933.312431179751,,,,770.0,67.079
10368,3,1948,2877.678679311422,934.312431179751,,,,771.0,67.067
10369,3,1949,2878.678679311422,935.312431179751,,,,773.0,67.053
10370,3,1950,2879.678679311422,936.312431179751,,,,775.0,67.042
10371,3,1951,2880.678679311422,937.312431179751,,,,775.0,67.028
10372,3,1952,2881.678679311422,938.312431179751,,,,774.0,67.015
10373,3,1953,2882.678679311422,939.312431179751,,,,775.0,67.001
10374,3,1954,2883.678679311422,940.312431179751,,,,774.0,66.989
10375,3,1955,2884.678679311422,941.312431179751,,,,774.0,66.975
10376,3,1956,2885.678679311422,942.312431179751,,,,774.0,66.963
10377,3,1957,2886.678679311422,943.312431179751,,,,775.0,66.949
10378,3,1958,2887.678679311422,944.312431179751,,,,775.0,66.936
10379,3,1959,2888.678679311422,945.312431179751,,,,774.0,66.923
10380,3,1960,2889.678679311422,946.312431179751,,,,773.0,66.91
10381,3,1961,2890.678679311422,947.312431179751,,,,773.0,66.898
10382,3,1962,2891.678679311422,948.312431179751,,,,774.0,66.885
10383,3,1963,2892.678679311422,949.312431179751,,,,774.0,66.874
10384,3,1964,2893.678679311422,950.312431179751,,,,775.0,66.862
10385,3,1965,2894.678679311422,951.312431179751,,,,775.0,66.849
10386,3,1966,2895.678679311422,952.312431179751,,,,775.0,66.836
10387,3,1967,2896.678679311422,953.312431179751,,,,776.0,66.823
10388,3,1968,2897.678679311422,954.312431179751,,,,777.0,66.811
10389,3,1969,2898.678679311422,955.312431179751,,,,776.0,66.796
10390,3,1970,2899.678679311422,956.312431179751,,,,776.0,66.781
10391,3,1971,2900.678679311422,957.312431179751,,,,778.0,66.768
10392,3,1972,2901.678679311422,958.312431179751,,,,778.0,66.753
10393,3,1973,2902.678679311422,959.312431179751,,,,779.0,66.739
10394,3,1974,2903.678679311422,960.312431179751,,,,778.0,66.725
10395,3,1975,2904.678679311422,961.312431179751,,,,776.0,66.711
10396,3,1976,2905.678679311422,962.312431179751,,,,775.0,66.695
10397,3,1977,2906.678679311422,963.312431179751,,,,773.0,66.68
10398,3,1978,2907.678679311422,964.312431179751,,,,772.0,66.664
10399,3,1979,2908.678679311422,965.312431179751,,,,775.0,66.65
10400,3,1980,2909.678679311422,966.312431179751,,,,778.0,66.635
10401,3,1981,2910.678679311422,967.312431179751,,,,778.0,66.62
10402,3,1982,2911.678679311422,968.312431179751,,,,778.0,66.604
10403,3,1983,2912.678679311422,969.312431179751,,,,778.0,66.59
10404,3,1984,2913.678679311422,970.312431179751,,,,778.0,66.576
10405,3,1985,2914.678679311422,971.312431179751,,,,778.0,66.561
10406,3,1986,2915.678679311422,972.312431179751,,,,779.0,66.549
10407,3,1987,2916.678679311422,973.312431179751,,,,778.0,66.533
10408,3,1988,2917.678679311422,974.312431179751,,,,778.0,66.52
10409,3,1989,2918.678679311422,975.312431179751,,,,779.0,66.506
10410,3,1990,2919.678679311422,976.312431179751,,,,779.0,66.491
10411,3,1991,2920.678679311422,977.312431179751,,,,781.0,66.477
10412,3,1992,2921.678679311422,978.312431179751,,,,781.0,66.463
10413,3,1993,2922.678679311422,979.312431179751,,,,781.0,66.45
10414,3,1994,2923.678679311422,980.312431179751,,,,782.0,66.438
10415,3,1995,2924.678679311422,981.312431179751,,,,781.0,66.425
10416,3,1996,2925.678679311422,982.312431179751,,,,780.0,66.41
10417,3,1997,2926.678679311422,983.312431179751,,,,780.0,66.397
10418,3,1998,2927.678679311422,984.312431179751,,,,780.0,66.382
10419,3,1999,2928.678679311422,985.312431179751,,,,781.0,66.369
10420,3,2000,2929.678679311422,986.312431179751,,,,782.0,66.356
10421,3,2001,2930.678679311422,987.312431179751,,,,782.0,66.342
10422,3,2002,2931.678679311422,988.312431179751,,,,780.0,66.328
10423,3,2003,2932.678679311422,989.312431179751,,,,778.0,66.313
10424,3,2004,2933.678679311422,990.312431179751,,,,777.0,66.298
10425,3,2005,2934.678679311422,991.312431179751,,,,777.0,66.285
10426,3,2006,2935.678679311422,992.312431179751,,,,778.0,66.271
10427,3,2007,2936.678679311422,993.312431179751,,,,778.0,66.258
10428,3,2008,2937.678679311422,994.312431179751,,,,779.0,66.247
10429,3,2009,2938.678679311422,995.312431179751,,,,783.0,66.236
10430,3,2010,2939.678679311422,996.312431179751,,,,785.0,66.228
10431,3,2011,2940.678679311422,997.312431179751,,,,787.0,66.22
10432,3,2012,2941.678679311422,998.312431179751,,,,789.0,66.219
10451,3,2031,2960.678679311422,1017.312431179751,,,,802.0,66.214
10452,3,2032,2961.678679311422,1018.312431179751,,,,804.0,66.201
10453,3,2033,2962.678679311422,1019.312431179751,,,,807.0,66.19
10454,3,2034,2963.678679311422,1020.312431179751,,,,810.0,66.18
10455,3,2035,2964.678679311422,1021.312431179751,,,,813.0,66.174
10456,3,2036,2965.678679311422,1022.312431179751,,,,814.0,66.17
10483,3,2063,2992.678679311422,1049.312431179751,,,,837.0,66.163
10484,3,2064,2993.678679311422,1050.312431179751,,,,835.0,66.151
10485,3,2065,2994.678679311422,1051.312431179751,,,,836.0,66.144
10486,3,2066,2995.678679311422,1052.312431179751,,,,838.0,66.138
10487,3,2067,2996.678679311422,1053.312431179751,,,,839.0,66.133
10488,3,2068,2997.678679311422,1054.312431179751,,,,841.0,66.132
10505,3,2085,3014.678679311422,1071.312431179751,,,,860.0,66.12
10506,3,2086,3015.678679311422,1072.312431179751,,,,862.0,66.111
10507,3,2087,3016.678679311422,1073.312431179751,,,,865.0,66.105
10508,3,2088,3017.678679311422,1074.312431179751,,,,869.0,66.098
10509,3,2089,3018.678679311422,1075.312431179751,,,,871.0,66.094
10510,3,2090,3019.678679311422,1076.312431179751,,,,873.0,66.093
10740,3,2320,3249.678679311422,1306.312431179751,,,,1140.0,66.082
10741,3,2321,3250.678679311422,1307.312431179751,,,,1142.0,66.068
10742,3,2322,3251.678679311422,1308.312431179751,,,,1145.0,66.057
10743,3,2323,3252.678679311422,1309.312431179751,,,,1144.0,66.043
10744,3,2324,3253.678679311422,1310.312431179751,,,,1141.0,66.027
10745,3,2325,3254.678679311422,1311.312431179751,,,,1138.0,66.012
10746,3,2326,3255.678679311422,1312.312431179751,,,,1136.0,65.996
10747,3,2327,3256.678679311422,1313.312431179751,,,,1135.0,65.982
10748,3,2328,3257.678679311422,1314.312431179751,,,,1138.0,65.969
10749,3,2329,3258.678679311422,1315.312431179751,,,,1140.0,65.957
10750,3,2330,3259.678679311422,1316.312431179751,,,,1139.0,65.945
10751,3,2331,3260.678679311422,1317.312431179751,,,,1135.0,65.933
10752,3,2332,3261.678679311422,1318.312431179751,,,,1132.0,65.92
10753,3,2333,3262.678679311422,1319.312431179751,,,,1133.0,65.908
10754,3,2334,3263.678679311422,1320.312431179751,,,,1134.0,65.896
10755,3,2335,3264.678679311422,1321.312431179751,,,,1132.0,65.884
10756,3,2336,3265.678679311422,1322.312431179751,,,,1129.0,65.871
10757,3,2337,3266.678679311422,1323.312431179751,,,,1127.0,65.856
10758,3,2338,3267.678679311422,1324.312431179751,,,,1129.0,65.843
10759,3,2339,3268.678679311422,1325.312431179751,,,,1132.0,65.83
10760,3,2340,3269.678679311422,1326.312431179751,,,,1133.0,65.818
10761,3,2341,3270.678679311422,1327.312431179751,,,,1129.0,65.804
10762,3,2342,3271.678679311422,1328.312431179751,,,,1129.0,65.789
10763,3,2343,3272.678679311422,1329.312431179751,,,,1127.0,65.775
10764,3,2344,3273.678679311422,1330.312431179751,,,,1128.0,65.761
10765,3,2345,3274.678679311422,1331.312431179751,,,,1128.0,65.747
10766,3,2346,3275.678679311422,1332.312431179751,,,,1126.0,65.735
10767,3,2347,3276.678679311422,1333.312431179751,,,,1125.0,65.722
10768,3,2348,3277.678679311422,1334.312431179751,,,,1128.0,65.708
10769,3,2349,3278.678679311422,1335.312431179751,,,,1128.0,65.697
10770,3,2350,3279.678679311422,1336.312431179751,,,,1126.0,65.684
10771,3,2351,3280.678679311422,1337.312431179751,,,,1125.0,65.672
10772,3,2352,3281.678679311422,1338.312431179751,,,,1122.0,65.657
10773,3,2353,3282.678679311422,1339.312431179751,,,,1120.0,65.642
10774,3,2354,3283.678679311422,1340.312431179751,,,,1119.0,65.626
10775,3,2355,3284.678679311422,1341.312431179751,,,,1117.0,65.611
10776,3,2356,3285.678679311422,1342.312431179751,,,,1117.0,65.596
10777,3,2357,3286.678679311422,1343.312431179751,,,,1118.0,65.585
10778,3,2358,3287.678679311422,1344.312431179751,,,,1118.0,65.571
10779,3,2359,3288.678679311422,1345.312431179751,,,,1116.0,65.559
10780,3,2360,3289.678679311422,1346.312431179751,,,,1116.0,65.547
10781,3,2361,3290.678679311422,1347.312431179751,,,,1114.0,65.535
10782,3,2362,3291.678679311422,1348.312431179751,,,,1111.0,65.523
10783,3,2363,3292.678679311422,1349.312431179751,,,,1110.0,65.512
10784,3,2364,3293.678679311422,1350.312431179751,,,,1110.0,65.501
10785,3,2365,3294.678679311422,1351.312431179751,,,,1111.0,65.491
10786,3,2366,3295.678679311422,1352.312431179751,,,,1111.0,65.481
10787,3,2367,3296.678679311422,1353.312431179751,,,,1114.0,65.47
10788,3,2368,3297.678679311422,1354.312431179751,,,,1114.0,65.458
10789,3,2369,3298.678679311422,1355.312431179751,,,,1114.0,65.444
10790,3,2370,3299.678679311422,1356.312431179751,,,,1112.0,65.43
10791,3,2371,3300.678679311422,1357.312431179751,,,,1112.0,65.418
10792,3,2372,3301.678679311422,1358.312431179751,,,,1112.0,65.405
10793,3,2373,3302.678679311422,1359.312431179751,,,,1113.0,65.392
10794,3,2374,3303.678679311422,1360.312431179751,,,,1113.0,65.382
10795,3,2375,3304.678679311422,1361.312431179751,,,,1113.0,65.37
10796,3,2376,3305.678679311422,1362.312431179751,,,,1113.0,65.357
10797,3,2377,3306.678679311422,1363.312431179751,,,,1113.0,65.345
10798,3,2378,3307.678679311422,1364.312431179751,,,,1114.0,65.333
10799,3,2379,3308.678679311422,1365.312431179751,,,,1114.0,65.319
10800,3,2380,3309.678679311422,1366.312431179751,,,,1113.0,65.304
10801,3,2381,3310.678679311422,1367.312431179751,,,,1111.0,65.29
10802,3,2382,3311.678679311422,1368.312431179751,,,,1112.0,65.276
10803,3,2383,3312.678679311422,1369.312431179751,,,,1113.0,65.262
10804,3,2384,3313.678679311422,1370.312431179751,,,,1112.0,65.249
10805,3,2385,3314.678679311422,1371.312431179751,,,,1112.0,65.235
10806,3,2386,3315.678679311422,1372.312431179751,,,,1112.0,65.221
10807,3,2387,3316.678679311422,1373.312431179751,,,,1112.0,65.208
10808,3,2388,3317.678679311422,1374.312431179751,,,,1113.0,65.195
10809,3,2389,3318.678679311422,1375.312431179751,,,,1114.0,65.183
10810,3,2390,3319.678679311422,1376.312431179751,,,,1115.0,65.172
10811,3,2391,3320.678679311422,1377.312431179751,,,,1116.0,65.16
10812,3,2392,3321.678679311422,1378.312431179751,,,,1116.0,65.146
10813,3,2393,3322.678679311422,1379.312431179751,,,,1117.0,65.135
10814,3,2394,3323.678679311422,1380.312431179751,,,,1119.0,65.122
10815,3,2395,3324.678679311422,1381.312431179751,,,,1120.0,65.112
10816,3,2396,3325.678679311422,1382.312431179751,,,,1122.0,65.098
10817,3,2397,3326.678679311422,1383.312431179751,,,,1122.0,65.086
10818,3,2398,3327.678679311422,1384.312431179751,,,,1123.0,65.073
10819,3,2399,3328.678679311422,1385.312431179751,,,,1125.0,65.059
10820,3,2400,3329.678679311422,1386.312431179751,,,,1125.0,65.046
10821,3,2401,3330.678679311422,1387.312431179751,,,,1125.0,65.033
10822,3,2402,3331.678679311422,1388.312431179751,,,,1126.0,65.021
10823,3,2403,3332.678679311422,1389.312431179751,,,,1127.0,65.008
10824,3,2404,3333.678679311422,1390.312431179751,,,,1128.0,64.996
10825,3,2405,3334.678679311422,1391.312431179751,,,,1129.0,64.986
10826,3,2406,3335.678679311422,1392.312431179751,,,,1130.0,64.974
10827,3,2407,3336.678679311422,1393.312431179751,,,,1131.0,64.962
10828,3,2408,3337.678679311422,1394.312431179751,,,,1132.0,64.951
10829,3,2409,3338.678679311422,1395.312431179751,,,,1133.0,64.938
10830,3,2410,3339.678679311422,1396.312431179751,,,,1135.0,64.927
10831,3,2411,3340.678679311422,1397.312431179751,,,,1140.0,64.914
10832,3,2412,3341.678679311422,1398.312431179751,,,,1142.0,64.902
10833,3,2413,3342.678679311422,1399.312431179751,,,,1144.0,64.89
10834,3,2414,3343.678679311422,1400.312431179751,,,,1145.0,64.878
10835,3,2415,3344.678679311422,1401.312431179751,,,,1146.0,64.867
10836,3,2416,3345.678679311422,1402.312431179751,,,,1148.0,64.855
10837,3,2417,3346.678679311422,1403.312431179751,,,,1151.0,64.842
10838,3,2418,3347.678679311422,1404.312431179751,,,,1155.0,64.831
10839,3,2419,3348.678679311422,1405.312431179751,,,,1157.0,64.82
10840,3,2420,3349.678679311422,1406.312431179751,,,,1158.0,64.809
10841,3,2421,3350.678679311422,1407.312431179751,,,,1158.0,64.798
10842,3,2422,3351.678679311422,1408.312431179751,,,,1158.0,64.786
10843,3,2423,3352.678679311422,1409.312431179751,,,,1157.0,64.776
10844,3,2424,3353.678679311422,1410.312431179751,,,,1156.0,64.768
10845,3,2425,3354.678679311422,1411.312431179751,,,,1157.0,64.76
10846,3,2426,3355.678679311422,1412.312431179751,,,,1157.0,64.751
10847,3,2427,3356.678679311422,1413.312431179751,,,,1159.0,64.742
10848,3,2428,3357.678679311422,1414.312431179751,,,,1163.0,64.733
10849,3,2429,3358.678679311422,1415.312431179751,,,,1165.0,64.722
10850,3,2430,3359.678679311422,1416.312431179751,,,,1168.0,64.71
10851,3,2431,3360.678679311422,1417.312431179751,,,,1170.0,64.697
10852,3,2432,3361.678679311422,1418.312431179751,,,,1170.0,64.685
10853,3,2433,3362.678679311422,1419.312431179751,,,,1171.0,64.674
10854,3,2434,3363.678679311422,1420.312431179751,,,,1172.0,64.665
10855,3,2435,3364.678679311422,1421.312431179751,,,,1174.0,64.656
10856,3,2436,3365.678679311422,1422.312431179751,,,,1178.0,64.649
10857,3,2437,3366.678679311422,1423.312431179751,,,,1181.0,64.643
10858,3,2438,3367.678679311422,1424.312431179751,,,,1182.0,64.639
10859,3,2439,3368.678679311422,1425.312431179751,,,,1184.0,64.637
10888,3,2468,3397.678679311422,1454.312431179751,,,,1193.0,64.632
10889,3,2469,3398.678679311422,1455.312431179751,,,,1198.0,64.62
10890,3,2470,3399.678679311422,1456.312431179751,,,,1201.0,64.61
10891,3,2471,3400.678679311422,1457.312431179751,,,,1202.0,64.6
10892,3,2472,3401.678679311422,1458.312431179751,,,,1205.0,64.592
10893,3,2473,3402.678679311422,1459.312431179751,,,,1209.0,64.587
10894,3,2474,3403.678679311422,1460.312431179751,,,,1211.0,64.584
10918,3,2498,3427.678679311422,1484.312431179751,,,,1239.0,64.582
10919,3,2499,3428.678679311422,1485.312431179751,,,,1241.0,64.573
10920,3,2500,3429.678679311422,1486.312431179751,,,,1243.0,64.568
10921,3,2501,3430.678679311422,1487.312431179751,,,,1244.0,64.566
10922,3,2502,3431.678679311422,1488.312431179751,,,,1244.0,64.565
10995,3,2575,3504.678679311422,1561.312431179751,,,,1339.0,64.56
10996,3,2576,3505.678679311422,1562.312431179751,,,,1340.0,64.547
10997,3,2577,3506.678679311422,1563.312431179751,,,,1342.0,64.535
10998,3,2578,3507.678679311422,1564.312431179751,,,,1342.0,64.521
10999,3,2579,3508.678679311422,1565.312431179751,,,,1342.0,64.508
11000,3,2580,3509.678679311422,1566.312431179751,,,,1342.0,64.494
11001,3,2581,3510.678679311422,1567.312431179751,,,,1341.0,64.478
11002,3,2582,3511.678679311422,1568.312431179751,,,,1343.0,64.466
11003,3,2583,3512.678679311422,1569.312431179751,,,,1344.0,64.452
11004,3,2584,3513.678679311422,1570.312431179751,,,,1344.0,64.44
11005,3,2585,3514.678679311422,1571.312431179751,,,,1346.0,64.428
11006,3,2586,3515.678679311422,1572.312431179751,,,,1348.0,64.416
11007,3,2587,3516.678679311422,1573.312431179751,,,,1347.0,64.403
11008,3,2588,3517.678679311422,1574.312431179751,,,,1346.0,64.39
11009,3,2589,3518.678679311422,1575.312431179751,,,,1345.0,64.376
11010,3,2590,3519.678679311422,1576.312431179751,,,,1343.0,64.362
11011,3,2591,3520.678679311422,1577.312431179751,,,,1342.0,64.348
11012,3,2592,3521.678679311422,1578.312431179751,,,,1343.0,64.336
11013,3,2593,3522.678679311422,1579.312431179751,,,,1342.0,64.325
11014,3,2594,3523.678679311422,1580.312431179751,,,,1343.0,64.313
11015,3,2595,3524.678679311422,1581.312431179751,,,,1345.0,64.304
11016,3,2596,3525.678679311422,1582.312431179751,,,,1344.0,64.292
11017,3,2597,3526.678679311422,1583.312431179751,,,,1342.0,64.281
11018,3,2598,3527.678679311422,1584.312431179751,,,,1338.0,64.27
11019,3,2599,3528.678679311422,1585.312431179751,,,,1339.0,64.26
11020,3,2600,3529.678679311422,1586.312431179751,,,,1342.0,64.248
11021,3,2601,3530.678679311422,1587.312431179751,,,,1343.0,64.24
11022,3,2602,3531.678679311422,1588.312431179751,,,,1341.0,64.229
11023,3,2603,3532.678679311422,1589.312431179751,,,,1337.0,64.217
11024,3,2604,3533.678679311422,1590.312431179751,,,,1333.0,64.204
11025,3,2605,3534.678679311422,1591.312431179751,,,,1330.0,64.187
11026,3,2606,3535.678679311422,1592.312431179751,,,,1330.0,64.168
11027,3,2607,3536.678679311422,1593.312431179751,,,,1329.0,64.152
11028,3,2608,3537.678679311422,1594.312431179751,,,,1331.0,64.136
11029,3,2609,3538.678679311422,1595.312431179751,,,,1333.0,64.124
11030,3,2610,3539.678679311422,1596.312431179751,,,,1336.0,64.112
11031,3,2611,3540.678679311422,1597.312431179751,,,,1338.0,64.098
11032,3,2612,3541.678679311422,1598.312431179751,,,,1338.0,64.084
11033,3,2613,3542.678679311422,1599.312431179751,,,,1337.0,64.069
11034,3,2614,3543.678679311422,1600.312431179751,,,,1336.0,64.053
11035,3,2615,3544.678679311422,1601.312431179751,,,,1335.0,64.036
11036,3,2616,3545.678679311422,1602.312431179751,,,,1335.0,64.02
11037,3,2617,3546.678679311422,1603.312431179751,,,,1336.0,64.006
11038,3,2618,3547.678679311422,1604.312431179751,,,,1341.0,63.992
11039,3,2619,3548.678679311422,1605.312431179751,,,,1344.0,63.978
11040,3,2620,3549.678679311422,1606.312431179751,,,,1344.0,63.965
11041,3,2621,3550.678679311422,1607.312431179751,,,,1340.0,63.951
11042,3,2622,3551.678679311422,1608.312431179751,,,,1334.0,63.939
11043,3,2623,3552.678679311422,1609.312431179751,,,,1331.0,63.924
11044,3,2624,3553.678679311422,1610.312431179751,,,,1329.0,63.909
11045,3,2625,3554.678679311422,1611.312431179751,,,,1328.0,63.895
11046,3,2626,3555.678679311422,1612.312431179751,,,,1330.0,63.881
11047,3,2627,3556.678679311422,1613.312431179751,,,,1331.0,63.869
11048,3,2628,3557.678679311422,1614.312431179751,,,,1331.0,63.858
11049,3,2629,3558.678679311422,1615.312431179751,,,,1330.0,63.847
11050,3,2630,3559.678679311422,1616.312431179751,,,,1327.0,63.837
11051,3,2631,3560.678679311422,1617.312431179751,,,,1324.0,63.825
11052,3,2632,3561.678679311422,1618.312431179751,,,,1323.0,63.812
11053,3,2633,3562.678679311422,1619.312431179751,,,,1322.0,63.797
11054,3,2634,3563.678679311422,1620.312431179751,,,,1323.0,63.783
11055,3,2635,3564.678679311422,1621.312431179751,,,,1324.0,63.77
11056,3,2636,3565.678679311422,1622.312431179751,,,,1324.0,63.758
11057,3,2637,3566.678679311422,1623.312431179751,,,,1324.0,63.745
11058,3,2638,3567.678679311422,1624.312431179751,,,,1325.0,63.733
11059,3,2639,3568.678679311422,1625.312431179751,,,,1325.0,63.721
11060,3,2640,3569.678679311422,1626.312431179751,,,,1325.0,63.711
11061,3,2641,3570.678679311422,1627.312431179751,,,,1325.0,63.7
11062,3,2642,3571.678679311422,1628.312431179751,,,,1325.0,63.688
11063,3,2643,3572.678679311422,1629.312431179751,,,,1324.0,63.676
11064,3,2644,3573.678679311422,1630.312431179751,,,,1323.0,63.664
11065,3,2645,3574.678679311422,1631.312431179751,,,,1323.0,63.649
11066,3,2646,3575.678679311422,1632.312431179751,,,,1324.0,63.636
11067,3,2647,3576.678679311422,1633.312431179751,,,,1324.0,63.623
11068,3,2648,3577.678679311422,1634.312431179751,,,,1323.0,63.61
11069,3,2649,3578.678679311422,1635.312431179751,,,,1322.0,63.597
11070,3,2650,3579.678679311422,1636.312431179751,,,,1323.0,63.585
11071,3,2651,3580.678679311422,1637.312431179751,,,,1324.0,63.573
11072,3,2652,3581.678679311422,1638.312431179751,,,,1328.0,63.563
11073,3,2653,3582.678679311422,1639.312431179751,,,,1329.0,63.555
11074,3,2654,3583.678679311422,1640.312431179751,,,,1329.0,63.546
11075,3,2655,3584.678679311422,1641.312431179751,,,,1328.0,63.536
11076,3,2656,3585.678679311422,1642.312431179751,,,,1325.0,63.527
11077,3,2657,3586.678679311422,1643.312431179751,,,,1323.0,63.515
11078,3,2658,3587.678679311422,1644.312431179751,,,,1321.0,63.504
11079,3,2659,3588.678679311422,1645.312431179751,,,,1321.0,63.492
11080,3,2660,3589.678679311422,1646.312431179751,,,,1322.0,63.482
11081,3,2661,3590.678679311422,1647.312431179751,,,,1323.0,63.474
11082,3,2662,3591.678679311422,1648.312431179751,,,,1325.0,63.466
11083,3,2663,3592.678679311422,1649.312431179751,,,,1322.0,63.459
11084,3,2664,3593.678679311422,1650.312431179751,,,,1321.0,63.453
11085,3,2665,3594.678679311422,1651.312431179751,,,,1319.0,63.446
11086,3,2666,3595.678679311422,1652.312431179751,,,,1319.0,63.438
11087,3,2667,3596.678679311422,1653.312431179751,,,,1318.0,63.429
11088,3,2668,3597.678679311422,1654.312431179751,,,,1317.0,63.42
11089,3,2669,3598.678679311422,1655.312431179751,,,,1315.0,63.411
11090,3,2670,3599.678679311422,1656.312431179751,,,,1312.0,63.401
11091,3,2671,3600.678679311422,1657.312431179751,,,,1310.0,63.389
11092,3,2672,3601.678679311422,1658.312431179751,,,,1310.0,63.377
11093,3,2673,3602.678679311422,1659.312431179751,,,,1309.0,63.362
11094,3,2674,3603.678679311422,1660.312431179751,,,,1309.0,63.35
11095,3,2675,3604.678679311422,1661.312431179751,,,,1311.0,63.337
11096,3,2676,3605.678679311422,1662.312431179751,,,,1312.0,63.326
11097,3,2677,3606.678679311422,1663.312431179751,,,,1312.0,63.315
11098,3,2678,3607.678679311422,1664.312431179751,,,,1312.0,63.304
11099,3,2679,3608.678679311422,1665.312431179751,,,,1309.0,63.291
11100,3,2680,3609.678679311422,1666.312431179751,,,,1307.0,63.279
11101,3,2681,3610.678679311422,1667.312431179751,,,,1307.0,63.266
11102,3,2682,3611.678679311422,1668.312431179751,,,,1310.0,63.253
11103,3,2683,3612.678679311422,1669.312431179751,,,,1309.0,63.241
11104,3,2684,3613.678679311422,1670.312431179751,,,,1308.0,63.231
11105,3,2685,3614.678679311422,1671.312431179751,,,,1305.0,63.22
11106,3,2686,3615.678679311422,1672.312431179751,,,,1303.0,63.209
11107,3,2687,3616.678679311422,1673.312431179751,,,,1302.0,63.198
11108,3,2688,3617.678679311422,1674.312431179751,,,,1303.0,63.185
11109,3,2689,3618.678679311422,1675.312431179751,,,,1304.0,63.173
11110,3,2690,3619.678679311422,1676.312431179751,,,,1302.0,63.162
11111,3,2691,3620.678679311422,1677.312431179751,,,,1299.0,63.151
11112,3,2692,3621.678679311422,1678.312431179751,,,,1295.0,63.138
11113,3,2693,3622.678679311422,1679.312431179751,,,,1290.0,63.124
11114,3,2694,3623.678679311422,1680.312431179751,,,,1285.0,63.108
11115,3,2695,3624.678679311422,1681.312431179751,,,,1282.0,63.091
11116,3,2696,3625.678679311422,1682.312431179751,,,,1277.0,63.074
11117,3,2697,3626.678679311422,1683.312431179751,,,,1274.0,63.056
11118,3,2698,3627.678679311422,1684.312431179751,,,,1274.0,63.042
11119,3,2699,3628.678679311422,1685.312431179751,,,,1274.0,63.028
11120,3,2700,3629.678679311422,1686.312431179751,,,,1274.0,63.015
11121,3,2701,3630.678679311422,1687.312431179751,,,,1274.0,63.004
11122,3,2702,3631.678679311422,1688.312431179751,,,,1273.0,62.993
11123,3,2703,3632.678679311422,1689.312431179751,,,,1271.0,62.982
11124,3,2704,3633.678679311422,1690.312431179751,,,,1270.0,62.971
11125,3,2705,3634.678679311422,1691.312431179751,,,,1269.0,62.958
11126,3,2706,3635.678679311422,1692.312431179751,,,,1268.0,62.946
11127,3,2707,3636.678679311422,1693.312431179751,,,,1266.0,62.935
11128,3,2708,3637.678679311422,1694.312431179751,,,,1265.0,62.923
11129,3,2709,3638.678679311422,1695.312431179751,,,,1265.0,62.911
11130,3,2710,3639.678679311422,1696.312431179751,,,,1264.0,62.899
11131,3,2711,3640.678679311422,1697.312431179751,,,,1261.0,62.887
11132,3,2712,3641.678679311422,1698.312431179751,,,,1259.0,62.874
11133,3,2713,3642.678679311422,1699.312431179751,,,,1257.0,62.86
11134,3,2714,3643.678679311422,1700.312431179751,,,,1257.0,62.847
11135,3,2715,3644.678679311422,1701.312431179751,,,,1255.0,62.835
11136,3,2716,3645.678679311422,1702.312431179751,,,,1253.0,62.82
11137,3,2717,3646.678679311422,1703.312431179751,,,,1251.0,62.808
11138,3,2718,3647.678679311422,1704.312431179751,,,,1251.0,62.794
11139,3,2719,3648.678679311422,1705.312431179751,,,,1253.0,62.782
11140,3,2720,3649.678679311422,1706.312431179751,,,,1254.0,62.77
11141,3,2721,3650.678679311422,1707.312431179751,,,,1253.0,62.758
11142,3,2722,3651.678679311422,1708.312431179751,,,,1252.0,62.749
11143,3,2723,3652.678679311422,1709.312431179751,,,,1250.0,62.74
11144,3,2724,3653.678679311422,1710.312431179751,,,,1246.0,62.729
11145,3,2725,3654.678679311422,1711.312431179751,,,,1240.0,62.718
11146,3,2726,3655.678679311422,1712.312431179751,,,,1235.0,62.706
11147,3,2727,3656.678679311422,1713.312431179751,,,,1232.0,62.693
11148,3,2728,3657.678679311422,1714.312431179751,,,,1234.0,62.678
11149,3,2729,3658.678679311422,1715.312431179751,,,,1234.0,62.664
11150,3,2730,3659.678679311422,1716.312431179751,,,,1233.0,62.652
11151,3,2731,3660.678679311422,1717.312431179751,,,,1228.0,62.635
11152,3,2732,3661.678679311422,1718.312431179751,,,,1224.0,62.619
11153,3,2733,3662.678679311422,1719.312431179751,,,,1222.0,62.605
11154,3,2734,3663.678679311422,1720.312431179751,,,,1223.0,62.589
11155,3,2735,3664.678679311422,1721.312431179751,,,,1220.0,62.575
11156,3,2736,3665.678679311422,1722.312431179751,,,,1218.0,62.561
11157,3,2737,3666.678679311422,1723.312431179751,,,,1217.0,62.547
11158,3,2738,3667.678679311422,1724.312431179751,,,,1218.0,62.535
11159,3,2739,3668.678679311422,1725.312431179751,,,,1216.0,62.522
11160,3,2740,3669.678679311422,1726.312431179751,,,,1214.0,62.506
11161,3,2741,3670.678679311422,1727.312431179751,,,,1214.0,62.492
11162,3,2742,3671.678679311422,1728.312431179751,,,,1212.0,62.476
11163,3,2743,3672.678679311422,1729.312431179751,,,,1212.0,62.463
11164,3,2744,3673.678679311422,1730.312431179751,,,,1212.0,62.451
11165,3,2745,3674.678679311422,1731.312431179751,,,,1213.0,62.439
11166,3,2746,3675.678679311422,1732.312431179751,,,,1214.0,62.429
11167,3,2747,3676.678679311422,1733.312431179751,,,,1216.0,62.419
11168,3,2748,3677.678679311422,1734.312431179751,,,,1214.0,62.41
11169,3,2749,3678.678679311422,1735.312431179751,,,,1211.0,62.398
11170,3,2750,3679.678679311422,1736.312431179751,,,,1209.0,62.384
11171,3,2751,3680.678679311422,1737.312431179751,,,,1209.0,62.372
11172,3,2752,3681.678679311422,1738.312431179751,,,,1208.0,62.361
11173,3,2753,3682.678679311422,1739.312431179751,,,,1211.0,62.349
11174,3,2754,3683.678679311422,1740.312431179751,,,,1214.0,62.341
11175,3,2755,3684.678679311422,1741.312431179751,,,,1215.0,62.331
11176,3,2756,3685.678679311422,1742.312431179751,,,,1216.0,62.324
11177,3,2757,3686.678679311422,1743.312431179751,,,,1216.0,62.314
11178,3,2758,3687.678679311422,1744.312431179751,,,,1216.0,62.306
11179,3,2759,3688.678679311422,1745.312431179751,,,,1216.0,62.299
11180,3,2760,3689.678679311422,1746.312431179751,,,,1217.0,62.289
11181,3,2761,3690.678679311422,1747.312431179751,,,,1218.0,62.281
11182,3,2762,3691.678679311422,1748.312431179751,,,,1219.0,62.269
11183,3,2763,3692.678679311422,1749.312431179751,,,,1220.0,62.254
11184,3,2764,3693.678679311422,1750.312431179751,,,,1221.0,62.24
11185,3,2765,3694.678679311422,1751.312431179751,,,,1221.0,62.226
11186,3,2766,3695.678679311422,1752.312431179751,,,,1223.0,62.211
11187,3,2767,3696.678679311422,1753.312431179751,,,,1225.0,62.198
11188,3,2768,3697.678679311422,1754.312431179751,,,,1229.0,62.185
11189,3,2769,3698.678679311422,1755.312431179751,,,,1231.0,62.172
11190,3,2770,3699.678679311422,1756.312431179751,,,,1232.0,62.161
11191,3,2771,3700.678679311422,1757.312431179751,,,,1233.0,62.149
11192,3,2772,3701.678679311422,1758.312431179751,,,,1231.0,62.137
11193,3,2773,3702.678679311422,1759.312431179751,,,,1230.0,62.124
11194,3,2774,3703.678679311422,1760.312431179751,,,,1229.0,62.11
11195,3,2775,3704.678679311422,1761.312431179751,,,,1227.0,62.097
11196,3,2776,3705.678679311422,1762.312431179751,,,,1227.0,62.083
11197,3,2777,3706.678679311422,1763.312431179751,,,,1228.0,62.068
11198,3,2778,3707.678679311422,1764.312431179751,,,,1226.0,62.053
11199,3,2779,3708.678679311422,1765.312431179751,,,,1225.0,62.037
11200,3,2780,3709.678679311422,1766.312431179751,,,,1225.0,62.022
11201,3,2781,3710.678679311422,1767.312431179751,,,,1226.0,62.009
11202,3,2782,3711.678679311422,1768.312431179751,,,,1230.0,61.995
11203,3,2783,3712.678679311422,1769.312431179751,,,,1235.0,61.982
11204,3,2784,3713.678679311422,1770.312431179751,,,,1236.0,61.968
11205,3,2785,3714.678679311422,1771.312431179751,,,,1237.0,61.956
11206,3,2786,3715.678679311422,1772.312431179751,,,,1242.0,61.944
11207,4,1,3716.678679311422,1773.312431179751,,,,1246.0,61.928
11223,4,17,3732.678679311422,1789.312431179751,,,,1229.0,61.922
11224,4,18,3733.678679311422,1790.312431179751,,,,1229.0,61.911
11225,4,19,3734.678679311422,1791.312431179751,,,,1226.0,61.899
11226,4,20,3735.678679311422,1792.312431179751,,,,1222.0,61.884
11227,4,21,3736.678679311422,1793.312431179751,,,,1219.0,61.867
11228,4,22,3737.678679311422,1794.312431179751,,,,1216.0,61.85
11229,4,23,3738.678679311422,1795.312431179751,,,,1215.0,61.833
11230,4,24,3739.678679311422,1796.312431179751,,,,1215.0,61.817
11231,4,25,3740.678679311422,1797.312431179751,,,,1214.0,61.801
11232,4,26,3741.678679311422,1798.312431179751,,,,1216.0,61.788
11233,4,27,3742.678679311422,1799.312431179751,,,,1215.0,61.777
11234,4,28,3743.678679311422,1800.312431179751,,,,1214.0,61.769
11235,4,29,3744.678679311422,1801.312431179751,,,,1213.0,61.762
11236,4,30,3745.678679311422,1802.312431179751,,,,1213.0,61.754
11237,4,31,3746.678679311422,1803.312431179751,,,,1212.0,61.747
11238,4,32,3747.678679311422,1804.312431179751,,,,1212.0,61.739
11239,4,33,3748.678679311422,1805.312431179751,,,,1216.0,61.733
11240,4,34,3749.678679311422,1806.312431179751,,,,1216.0,61.73
11241,4,35,3750.678679311422,1807.312431179751,,,,1213.0,61.726
11317,4,111,3826.678679311422,1883.312431179751,,,,1282.0,61.722
11339,4,133,3848.678679311422,1905.312431179751,,,,1300.0,61.715
11340,4,134,3849.678679311422,1906.312431179751,,,,1304.0,61.71
11341,4,135,3850.678679311422,1907.312431179751,,,,1308.0,61.708
11390,4,184,3899.678679311422,1956.312431179751,,,,1343.0,61.7
11391,4,185,3900.678679311422,1957.312431179751,,,,1344.0,61.693
11392,4,186,3901.678679311422,1958.312431179751,,,,1342.0,61.691
11393,4,187,3902.678679311422,1959.312431179751,,,,1341.0,61.69
11412,4,206,3921.678679311422,1978.312431179751,,,,1342.0,61.686
11413,4,207,3922.678679311422,1979.312431179751,,,,1343.0,61.678
11414,4,208,3923.678679311422,1980.312431179751,,,,1346.0,61.673
11415,4,209,3924.678679311422,1981.312431179751,,,,1349.0,61.671
11439,4,233,3948.678679311422,2005.312431179751,,,,1384.0,61.663
11440,4,234,3949.678679311422,2006.312431179751,,,,1387.0,61.659
11441,4,235,3950.678679311422,2007.312431179751,,,,1388.0,61.658
11554,4,348,4063.678679311422,2120.312431179751,,,,1500.0,61.65
11555,4,349,4064.678679311422,2121.312431179751,,,,1501.0,61.635
11556,4,350,4065.678679311422,2122.312431179751,,,,1499.0,61.618
11557,4,351,4066.678679311422,2123.312431179751,,,,1498.0,61.602
11558,4,352,4067.678679311422,2124.312431179751,,,,1499.0,61.588
11559,4,353,4068.678679311422,2125.312431179751,,,,1502.0,61.574
11560,4,354,4069.678679311422,2126.312431179751,,,,1501.0,61.561
11561,4,355,4070.678679311422,2127.312431179751,,,,1503.0,61.547
11562,4,356,4071.678679311422,2128.312431179751,,,,1499.0,61.533
11563,4,357,4072.678679311422,2129.312431179751,,,,1497.0,61.518
11564,4,358,4073.678679311422,2130.312431179751,,,,1496.0,61.501
11565,4,359,4074.678679311422,2131.312431179751,,,,1493.0,61.486
11566,4,360,4075.678679311422,2132.312431179751,,,,1493.0,61.47
11567,4,361,4076.678679311422,2133.312431179751,,,,1491.0,61.455
11568,4,362,4077.678679311422,2134.312431179751,,,,1490.0,61.44
11569,4,363,4078.678679311422,2135.312431179751,,,,1488.0,61.426
11570,4,364,4079.678679311422,2136.312431179751,,,,1485.0,61.41
11571,4,365,4080.678679311422,2137.312431179751,,,,1484.0,61.397
11572,4,366,4081.678679311422,2138.312431179751,,,,1485.0,61.383
11573,4,367,4082.678679311422,2139.312431179751,,,,1486.0,61.371
11574,4,368,4083.678679311422,2140.312431179751,,,,1486.0,61.357
11575,4,369,4084.678679311422,2141.312431179751,,,,1481.0,61.343
11576,4,370,4085.678679311422,2142.312431179751,,,,1475.0,61.327
11577,4,371,4086.678679311422,2143.312431179751,,,,1471.0,61.308
11578,4,372,4087.678679311422,2144.312431179751,,,,1468.0,61.289
11579,4,373,4088.678679311422,2145.312431179751,,,,1468.0,61.27
11580,4,374,4089.678679311422,2146.312431179751,,,,1468.0,61.254
11581,4,375,4090.678679311422,2147.312431179751,,,,1469.0,61.238
11582,4,376,4091.678679311422,2148.312431179751,,,,1468.0,61.223
11583,4,377,4092.678679311422,2149.312431179751,,,,1467.0,61.209
11584,4,378,4093.678679311422,2150.312431179751,,,,1464.0,61.197
11585,4,379,4094.678679311422,2151.312431179751,,,,1460.0,61.182
11586,4,380,4095.678679311422,2152.312431179751,,,,1456.0,61.165
11587,4,381,4096.678679311422,2153.312431179751,,,,1454.0,61.149
11588,4,382,4097.678679311422,2154.312431179751,,,,1453.0,61.134
11589,4,383,4098.678679311422,2155.312431179751,,,,1453.0,61.12
11590,4,384,4099.678679311422,2156.312431179751,,,,1454.0,61.106
11591,4,385,4100.678679311422,2157.312431179751,,,,1453.0,61.093
11592,4,386,4101.678679311422,2158.312431179751,,,,1452.0,61.078
11593,4,387,4102.678679311422,2159.312431179751,,,,1449.0,61.063
11594,4,388,4103.678679311422,2160.312431179751,,,,1446.0,61.046
11595,4,389,4104.678679311422,2161.312431179751,,,,1447.0,61.033
11596,4,390,4105.678679311422,2162.312431179751,,,,1446.0,61.018
11597,4,391,4106.678679311422,2163.312431179751,,,,1445.0,61.004
11598,4,392,4107.678679311422,2164.312431179751,,,,1443.0,60.987
11599,4,393,4108.678679311422,2165.312431179751,,,,1440.0,60.97
11600,4,394,4109.678679311422,2166.312431179751,,,,1436.0,60.953
11601,4,395,4110.678679311422,2167.312431179751,,,,1436.0,60.937
11602,4,396,4111.678679311422,2168.312431179751,,,,1434.0,60.92
11603,4,397,4112.678679311422,2169.312431179751,,,,1435.0,60.905
11604,4,398,4113.678679311422,2170.312431179751,,,,1434.0,60.89
11605,4,399,4114.678679311422,2171.312431179751,,,,1433.0,60.875
11606,4,400,4115.678679311422,2172.312431179751,,,,1432.0,60.86
11607,4,401,4116.678679311422,2173.312431179751,,,,1430.0,60.846
11608,4,402,4117.678679311422,2174.312431179751,,,,1428.0,60.83
11609,4,403,4118.678679311422,2175.312431179751,,,,1425.0,60.815
11610,4,404,4119.678679311422,2176.312431179751,,,,1424.0,60.798
11611,4,405,4120.678679311422,2177.312431179751,,,,1423.0,60.782
11612,4,406,4121.678679311422,2178.312431179751,,,,1421.0,60.766
11613,4,407,4122.678679311422,2179.312431179751,,,,1421.0,60.75
11614,4,408,4123.678679311422,2180.312431179751,,,,1421.0,60.734
11615,4,409,4124.678679311422,2181.312431179751,,,,1421.0,60.718
11616,4,410,4125.678679311422,2182.312431179751,,,,1419.0,60.702
11617,4,411,4126.678679311422,2183.312431179751,,,,1417.0,60.686
11618,4,412,4127.678679311422,2184.312431179751,,,,1416.0,60.668
11619,4,413,4128.678679311422,2185.312431179751,,,,1415.0,60.651
11620,4,414,4129.678679311422,2186.312431179751,,,,1415.0,60.635
11621,4,415,4130.678679311422,2187.312431179751,,,,1416.0,60.618
11622,4,416,4131.678679311422,2188.312431179751,,,,1414.0,60.603
11623,4,417,4132.678679311422,2189.312431179751,,,,1414.0,60.587
11624,4,418,4133.678679311422,2190.312431179751,,,,1415.0,60.572
11625,4,419,4134.678679311422,2191.312431179751,,,,1415.0,60.558
11626,4,420,4135.678679311422,2192.312431179751,,,,1415.0,60.545
11627,4,421,4136.678679311422,2193.312431179751,,,,1414.0,60.53
11628,4,422,4137.678679311422,2194.312431179751,,,,1415.0,60.514
11629,4,423,4138.678679311422,2195.312431179751,,,,1412.0,60.498
11630,4,424,4139.678679311422,2196.312431179751,,,,1409.0,60.482
11631,4,425,4140.678679311422,2197.312431179751,,,,1408.0,60.465
11632,4,426,4141.678679311422,2198.312431179751,,,,1406.0,60.449
11633,4,427,4142.678679311422,2199.312431179751,,,,1406.0,60.433
11634,4,428,4143.678679311422,2200.312431179751,,,,1406.0,60.416
11635,4,429,4144.678679311422,2201.312431179751,,,,1405.0,60.4
11636,4,430,4145.678679311422,2202.312431179751,,,,1404.0,60.383
11637,4,431,4146.678679311422,2203.312431179751,,,,1403.0,60.366
11638,4,432,4147.678679311422,2204.312431179751,,,,1405.0,60.35
11639,4,433,4148.678679311422,2205.312431179751,,,,1403.0,60.335
11640,4,434,4149.678679311422,2206.312431179751,,,,1403.0,60.318
11641,4,435,4150.678679311422,2207.312431179751,,,,1401.0,60.302
11642,4,436,4151.678679311422,2208.312431179751,,,,1401.0,60.287
11643,4,437,4152.678679311422,2209.312431179751,,,,1399.0,60.272
11644,4,438,4153.678679311422,2210.312431179751,,,,1396.0,60.255
11645,4,439,4154.678679311422,2211.312431179751,,,,1396.0,60.238
11646,4,440,4155.678679311422,2212.312431179751,,,,1396.0,60.222
11647,4,441,4156.678679311422,2213.312431179751,,,,1396.0,60.206
11648,4,442,4157.678679311422,2214.312431179751,,,,1397.0,60.188
11649,4,443,4158.678679311422,2215.312431179751,,,,1397.0,60.171
11650,4,444,4159.678679311422,2216.312431179751,,,,1398.0,60.154
11651,4,445,4160.678679311422,2217.312431179751,,,,1396.0,60.136
11652,4,446,4161.678679311422,2218.312431179751,,,,1394.0,60.119
11653,4,447,4162.678679311422,2219.312431179751,,,,1392.0,60.103
11654,4,448,4163.678679311422,2220.312431179751,,,,1393.0,60.087
11655,4,449,4164.678679311422,2221.312431179751,,,,1394.0,60.07
11656,4,450,4165.678679311422,2222.312431179751,,,,1394.0,60.056
11657,4,451,4166.678679311422,2223.312431179751,,,,1394.0,60.04
11658,4,452,4167.678679311422,2224.312431179751,,,,1396.0,60.026
11659,4,453,4168.678679311422,2225.312431179751,,,,1398.0,60.01
11660,4,454,4169.678679311422,2226.312431179751,,,,1399.0,59.995
11661,4,455,4170.678679311422,2227.312431179751,,,,1398.0,59.98
11662,4,456,4171.678679311422,2228.312431179751,,,,1399.0,59.965
11663,4,457,4172.678679311422,2229.312431179751,,,,1399.0,59.951
11664,4,458,4173.678679311422,2230.312431179751,,,,1399.0,59.936
11665,4,459,4174.678679311422,2231.312431179751,,,,1399.0,59.923
11666,4,460,4175.678679311422,2232.312431179751,,,,1397.0,59.908
11667,4,461,4176.678679311422,2233.312431179751,,,,1396.0,59.893
11668,4,462,4177.678679311422,2234.312431179751,,,,1395.0,59.878
11669,4,463,4178.678679311422,2235.312431179751,,,,1395.0,59.862
11670,4,464,4179.678679311422,2236.312431179751,,,,1395.0,59.845
11671,4,465,4180.678679311422,2237.312431179751,,,,1394.0,59.829
11672,4,466,4181.678679311422,2238.312431179751,,,,1394.0,59.812
11673,4,467,4182.678679311422,2239.312431179751,,,,1393.0,59.795
11674,4,468,4183.678679311422,2240.312431179751,,,,1392.0,59.776
11675,4,469,4184.678679311422,2241.312431179751,,,,1390.0,59.757
11676,4,470,4185.678679311422,2242.312431179751,,,,1391.0,59.74
11677,4,471,4186.678679311422,2243.312431179751,,,,1391.0,59.723
11678,4,472,4187.678679311422,2244.312431179751,,,,1391.0,59.705
11679,4,473,4188.678679311422,2245.312431179751,,,,1391.0,59.688
11680,4,474,4189.678679311422,2246.312431179751,,,,1394.0,59.67
11681,4,475,4190.678679311422,2247.312431179751,,,,1391.0,59.651
11682,4,476,4191.678679311422,2248.312431179751,,,,1391.0,59.636
11683,4,477,4192.678679311422,2249.312431179751,,,,1389.0,59.619
11684,4,478,4193.678679311422,2250.312431179751,,,,1388.0,59.603
11685,4,479,4194.678679311422,2251.312431179751,,,,1385.0,59.586
11686,4,480,4195.678679311422,2252.312431179751,,,,1385.0,59.572
11687,4,481,4196.678679311422,2253.312431179751,,,,1385.0,59.559
11688,4,482,4197.678679311422,2254.312431179751,,,,1383.0,59.544
11689,4,483,4198.678679311422,2255.312431179751,,,,1381.0,59.532
11690,4,484,4199.678679311422,2256.312431179751,,,,1377.0,59.52
11691,4,485,4200.678679311422,2257.312431179751,,,,1376.0,59.507
11692,4,486,4201.678679311422,2258.312431179751,,,,1377.0,59.496
11693,4,487,4202.678679311422,2259.312431179751,,,,1375.0,59.484
11694,4,488,4203.678679311422,2260.312431179751,,,,1371.0,59.473
11695,4,489,4204.678679311422,2261.312431179751,,,,1367.0,59.461
11696,4,490,4205.678679311422,2262.312431179751,,,,1365.0,59.45
11697,4,491,4206.678679311422,2263.312431179751,,,,1367.0,59.437
11698,4,492,4207.678679311422,2264.312431179751,,,,1367.0,59.427
11699,4,493,4208.678679311422,2265.312431179751,,,,1368.0,59.417
11700,4,494,4209.678679311422,2266.312431179751,,,,1366.0,59.408
11701,4,495,4210.678679311422,2267.312431179751,,,,1363.0,59.395
11702,4,496,4211.678679311422,2268.312431179751,,,,1365.0,59.384
11703,4,497,4212.678679311422,2269.312431179751,,,,1364.0,59.37
11704,4,498,4213.678679311422,2270.312431179751,,,,1361.0,59.356
11705,4,499,4214.678679311422,2271.312431179751,,,,1361.0,59.339
11706,4,500,4215.678679311422,2272.312431179751,,,,1360.0,59.322
11707,4,501,4216.678679311422,2273.312431179751,,,,1360.0,59.306
11708,4,502,4217.678679311422,2274.312431179751,,,,1361.0,59.288
11709,4,503,4218.678679311422,2275.312431179751,,,,1361.0,59.268
11710,4,504,4219.678679311422,2276.312431179751,,,,1359.0,59.25
11711,4,505,4220.678679311422,2277.312431179751,,,,1359.0,59.232
11712,4,506,4221.678679311422,2278.312431179751,,,,1360.0,59.215
11713,4,507,4222.678679311422,2279.312431179751,,,,1359.0,59.198
11714,4,508,4223.678679311422,2280.312431179751,,,,1358.0,59.18
11715,4,509,4224.678679311422,2281.312431179751,,,,1359.0,59.163
11716,4,510,4225.678679311422,2282.312431179751,,,,1359.0,59.146
11717,4,511,4226.678679311422,2283.312431179751,,,,1358.0,59.128
11718,4,512,4227.678679311422,2284.312431179751,,,,1356.0,59.109
11719,4,513,4228.678679311422,2285.312431179751,,,,1355.0,59.089
11720,4,514,4229.678679311422,2286.312431179751,,,,1354.0,59.069
11721,4,515,4230.678679311422,2287.312431179751,,,,1353.0,59.049
11722,4,516,4231.678679311422,2288.312431179751,,,,1353.0,59.031
11723,4,517,4232.678679311422,2289.312431179751,,,,1353.0,59.013
11724,4,518,4233.678679311422,2290.312431179751,,,,1355.0,58.997
11725,4,519,4234.678679311422,2291.312431179751,,,,1353.0,58.979
11726,4,520,4235.678679311422,2292.312431179751,,,,1350.0,58.961
11727,4,521,4236.678679311422,2293.312431179751,,,,1348.0,58.943
11728,4,522,4237.678679311422,2294.312431179751,,,,1347.0,58.924
11729,4,523,4238.678679311422,2295.312431179751,,,,1346.0,58.907
11730,4,524,4239.678679311422,2296.312431179751,,,,1346.0,58.89
11731,4,525,4240.678679311422,2297.312431179751,,,,1345.0,58.872
11732,4,526,4241.678679311422,2298.312431179751,,,,1342.0,58.854
11733,4,527,4242.678679311422,2299.312431179751,,,,1340.0,58.837
11734,4,528,4243.678679311422,2300.312431179751,,,,1336.0,58.819
11735,4,529,4244.678679311422,2301.312431179751,,,,1336.0,58.801
11736,4,530,4245.678679311422,2302.312431179751,,,,1335.0,58.785
11737,4,531,4246.678679311422,2303.312431179751,,,,1334.0,58.769
11738,4,532,4247.678679311422,2304.312431179751,,,,1331.0,58.755
11739,4,533,4248.678679311422,2305.312431179751,,,,1329.0,58.737
11740,4,534,4249.678679311422,2306.312431179751,,,,1326.0,58.719
11741,4,535,4250.678679311422,2307.312431179751,,,,1322.0,58.699
11742,4,536,4251.678679311422,2308.312431179751,,,,1320.0,58.681
11743,4,537,4252.678679311422,2309.312431179751,,,,1319.0,58.662
11744,4,538,4253.678679311422,2310.312431179751,,,,1319.0,58.644
11745,4,539,4254.678679311422,2311.312431179751,,,,1319.0,58.629
11746,4,540,4255.678679311422,2312.312431179751,,,,1321.0,58.613
11747,4,541,4256.678679311422,2313.312431179751,,,,1320.0,58.6
11748,4,542,4257.678679311422,2314.312431179751,,,,1318.0,58.583
11749,4,543,4258.678679311422,2315.312431179751,,,,1316.0,58.566
11750,4,544,4259.678679311422,2316.312431179751,,,,1312.0,58.549
11751,4,545,4260.678679311422,2317.312431179751,,,,1309.0,58.531
11752,4,546,4261.678679311422,2318.312431179751,,,,1308.0,58.512
11753,4,547,4262.678679311422,2319.312431179751,,,,1307.0,58.494
11754,4,548,4263.678679311422,2320.312431179751,,,,1308.0,58.476
11755,4,549,4264.678679311422,2321.312431179751,,,,1307.0,58.457
11756,4,550,4265.678679311422,2322.312431179751,,,,1307.0,58.44
11757,4,551,4266.678679311422,2323.312431179751,,,,1307.0,58.421
11758,4,552,4267.678679311422,2324.312431179751,,,,1306.0,58.404
11759,4,553,4268.678679311422,2325.312431179751,,,,1305.0,58.385
11760,4,554,4269.678679311422,2326.312431179751,,,,1305.0,58.367
11761,4,555,4270.678679311422,2327.312431179751,,,,1304.0,58.349
11762,4,556,4271.678679311422,2328.312431179751,,,,1303.0,58.332
11763,4,557,4272.678679311422,2329.312431179751,,,,1303.0,58.314
11764,4,558,4273.678679311422,2330.312431179751,,,,1301.0,58.297
11765,4,559,4274.678679311422,2331.312431179751,,,,1301.0,58.278
11766,4,560,4275.678679311422,2332.312431179751,,,,1302.0,58.262
11767,4,561,4276.678679311422,2333.312431179751,,,,1302.0,58.245
11768,4,562,4277.678679311422,2334.312431179751,,,,1303.0,58.228
11769,4,563,4278.678679311422,2335.312431179751,,,,1302.0,58.212
11770,4,564,4279.678679311422,2336.312431179751,,,,1302.0,58.196
11771,4,565,4280.678679311422,2337.312431179751,,,,1300.0,58.18
11772,4,566,4281.678679311422,2338.312431179751,,,,1298.0,58.163
11773,4,567,4282.678679311422,2339.312431179751,,,,1296.0,58.145
11774,4,568,4283.678679311422,2340.312431179751,,,,1293.0,58.128
11775,4,569,4284.678679311422,2341.312431179751,,,,1290.0,58.111
11776,4,570,4285.678679311422,2342.312431179751,,,,1289.0,58.093
11777,4,571,4286.678679311422,2343.312431179751,,,,1288.0,58.076
11778,4,572,4287.678679311422,2344.312431179751,,,,1288.0,58.06
11779,4,573,4288.678679311422,2345.312431179751,,,,1287.0,58.044
11780,4,574,4289.678679311422,2346.312431179751,,,,1284.0,58.028
11781,4,575,4290.678679311422,2347.312431179751,,,,1281.0,58.013
11782,4,576,4291.678679311422,2348.312431179751,,,,1279.0,58.0
11783,4,577,4292.678679311422,2349.312431179751,,,,1278.0,57.986
11784,4,578,4293.678679311422,2350.312431179751,,,,1273.0,57.97
11785,4,579,4294.678679311422,2351.312431179751,,,,1267.0,57.955
11786,4,580,4295.678679311422,2352.312431179751,,,,1265.0,57.937
11787,4,581,4296.678679311422,2353.312431179751,,,,1261.0,57.92
11788,4,582,4297.678679311422,2354.312431179751,,,,1258.0,57.901
11789,4,583,4298.678679311422,2355.312431179751,,,,1256.0,57.884
11790,4,584,4299.678679311422,2356.312431179751,,,,1254.0,57.866
11791,4,585,4300.678679311422,2357.312431179751,,,,1253.0,57.85
11792,4,586,4301.678679311422,2358.312431179751,,,,1252.0,57.834
11793,4,587,4302.678679311422,2359.312431179751,,,,1251.0,57.816
11794,4,588,4303.678679311422,2360.312431179751,,,,1250.0,57.801
11795,4,589,4304.678679311422,2361.312431179751,,,,1249.0,57.784
11796,4,590,4305.678679311422,2362.312431179751,,,,1246.0,57.767
11797,4,591,4306.678679311422,2363.312431179751,,,,1242.0,57.75
11798,4,592,4307.678679311422,2364.312431179751,,,,1239.0,57.732
11799,4,593,4308.678679311422,2365.312431179751,,,,1236.0,57.713
11800,4,594,4309.678679311422,2366.312431179751,,,,1234.0,57.695
11801,4,595,4310.678679311422,2367.312431179751,,,,1232.0,57.677
11802,4,596,4311.678679311422,2368.312431179751,,,,1232.0,57.659
11803,4,597,4312.678679311422,2369.312431179751,,,,1231.0,57.642
11804,4,598,4313.678679311422,2370.312431179751,,,,1227.0,57.624
11805,4,599,4314.678679311422,2371.312431179751,,,,1226.0,57.607
11806,4,600,4315.678679311422,2372.312431179751,,,,1221.0,57.59
11807,4,601,4316.678679311422,2373.312431179751,,,,1220.0,57.575
11808,4,602,4317.678679311422,2374.312431179751,,,,1220.0,57.56
11809,4,603,4318.678679311422,2375.312431179751,,,,1219.0,57.546
11810,4,604,4319.678679311422,2376.312431179751,,,,1218.0,57.533
11811,4,605,4320.678679311422,2377.312431179751,,,,1217.0,57.519
11812,4,606,4321.678679311422,2378.312431179751,,,,1215.0,57.505
11813,4,607,4322.678679311422,2379.312431179751,,,,1212.0,57.49
11814,4,608,4323.678679311422,2380.312431179751,,,,1210.0,57.474
11815,4,609,4324.678679311422,2381.312431179751,,,,1207.0,57.459
11816,4,610,4325.678679311422,2382.312431179751,,,,1205.0,57.443
11817,4,611,4326.678679311422,2383.312431179751,,,,1202.0,57.427
11818,4,612,4327.678679311422,2384.312431179751,,,,1198.0,57.409
11819,4,613,4328.678679311422,2385.312431179751,,,,1195.0,57.389
11820,4,614,4329.678679311422,2386.312431179751,,,,1194.0,57.369
11821,4,615,4330.678679311422,2387.312431179751,,,,1190.0,57.35
11822,4,616,4331.678679311422,2388.312431179751,,,,1189.0,57.33
11823,4,617,4332.678679311422,2389.312431179751,,,,1186.0,57.312
11824,4,618,4333.678679311422,2390.312431179751,,,,1185.0,57.293
11825,4,619,4334.678679311422,2391.312431179751,,,,1187.0,57.276
11826,4,620,4335.678679311422,2392.312431179751,,,,1187.0,57.259
11827,4,621,4336.678679311422,2393.312431179751,,,,1188.0,57.242
11828,4,622,4337.678679311422,2394.312431179751,,,,1187.0,57.226
11829,4,623,4338.678679311422,2395.312431179751,,,,1187.0,57.207
11830,4,624,4339.678679311422,2396.312431179751,,,,1183.0,57.187
11831,4,625,4340.678679311422,2397.312431179751,,,,1179.0,57.167
11832,4,626,4341.678679311422,2398.312431179751,,,,1177.0,57.145
11833,4,627,4342.678679311422,2399.312431179751,,,,1176.0,57.125
11834,4,628,4343.678679311422,2400.312431179751,,,,1176.0,57.108
11835,4,629,4344.678679311422,2401.312431179751,,,,1176.0,57.09
11836,4,630,4345.678679311422,2402.312431179751,,,,1178.0,57.073
11837,4,631,4346.678679311422,2403.312431179751,,,,1177.0,57.056
11838,4,632,4347.678679311422,2404.312431179751,,,,1177.0,57.039
11839,4,633,4348.678679311422,2405.312431179751,,,,1176.0,57.022
11840,4,634,4349.678679311422,2406.312431179751,,,,1176.0,57.003
11841,4,635,4350.678679311422,2407.312431179751,,,,1177.0,56.985
11842,4,636,4351.678679311422,2408.312431179751,,,,1176.0,56.967
11843,4,637,4352.678679311422,2409.312431179751,,,,1177.0,56.949
11844,4,638,4353.678679311422,2410.312431179751,,,,1177.0,56.931
11845,4,639,4354.678679311422,2411.312431179751,,,,1178.0,56.913
11846,4,640,4355.678679311422,2412.312431179751,,,,1177.0,56.896
11847,4,641,4356.678679311422,2413.312431179751,,,,1177.0,56.878
11848,4,642,4357.678679311422,2414.312431179751,,,,1177.0,56.861
11849,4,643,4358.678679311422,2415.312431179751,,,,1179.0,56.844
11850,4,644,4359.678679311422,2416.312431179751,,,,1179.0,56.827
11851,4,645,4360.678679311422,2417.312431179751,,,,1179.0,56.812
11852,4,646,4361.678679311422,2418.312431179751,,,,1177.0,56.797
11853,4,647,4362.678679311422,2419.312431179751,,,,1173.0,56.784
11854,4,648,4363.678679311422,2420.312431179751,,,,1173.0,56.77
11855,4,649,4364.678679311422,2421.312431179751,,,,1173.0,56.755
11856,4,650,4365.678679311422,2422.312431179751,,,,1173.0,56.741
11857,4,651,4366.678679311422,2423.312431179751,,,,1172.0,56.727
11858,4,652,4367.678679311422,2424.312431179751,,,,1167.0,56.711
11859,4,653,4368.678679311422,2425.312431179751,,,,1162.0,56.692
11860,4,654,4369.678679311422,2426.312431179751,,,,1160.0,56.671
11861,4,655,4370.678679311422,2427.312431179751,,,,1159.0,56.653
11862,4,656,4371.678679311422,2428.312431179751,,,,1158.0,56.634
11863,4,657,4372.678679311422,2429.312431179751,,,,1158.0,56.618
11864,4,658,4373.678679311422,2430.312431179751,,,,1157.0,56.602
11865,4,659,4374.678679311422,2431.312431179751,,,,1156.0,56.586
11866,4,660,4375.678679311422,2432.312431179751,,,,1153.0,56.569
11867,4,661,4376.678679311422,2433.312431179751,,,,1150.0,56.552
11868,4,662,4377.678679311422,2434.312431179751,,,,1149.0,56.535
11869,4,663,4378.678679311422,2435.312431179751,,,,1146.0,56.517
11870,4,664,4379.678679311422,2436.312431179751,,,,1144.0,56.498
11871,4,665,4380.678679311422,2437.312431179751,,,,1143.0,56.479
11872,4,666,4381.678679311422,2438.312431179751,,,,1141.0,56.461
11873,4,667,4382.678679311422,2439.312431179751,,,,1140.0,56.443
11874,4,668,4383.678679311422,2440.312431179751,,,,1138.0,56.424
11875,4,669,4384.678679311422,2441.312431179751,,,,1134.0,56.405
11876,4,670,4385.678679311422,2442.312431179751,,,,1133.0,56.386
11877,4,671,4386.678679311422,2443.312431179751,,,,1134.0,56.367
11878,4,672,4387.678679311422,2444.312431179751,,,,1133.0,56.348
11879,4,673,4388.678679311422,2445.312431179751,,,,1131.0,56.328
11880,4,674,4389.678679311422,2446.312431179751,,,,1131.0,56.308
11881,4,675,4390.678679311422,2447.312431179751,,,,1132.0,56.289
11882,4,676,4391.678679311422,2448.312431179751,,,,1134.0,56.27
11883,4,677,4392.678679311422,2449.312431179751,,,,1135.0,56.253
11884,4,678,4393.678679311422,2450.312431179751,,,,1136.0,56.238
11885,4,679,4394.678679311422,2451.312431179751,,,,1138.0,56.229
11886,4,680,4395.678679311422,2452.312431179751,,,,1136.0,56.224
11887,4,681,4396.678679311422,2453.312431179751,,,,1135.0,56.221
11888,4,682,4397.678679311422,2454.312431179751,,,,1133.0,56.22
11889,4,683,4398.678679311422,2455.312431179751,,,,1134.0,56.215
11890,4,684,4399.678679311422,2456.312431179751,,,,1137.0,56.206
11891,4,685,4400.678679311422,2457.312431179751,,,,1136.0,56.195
11892,4,686,4401.678679311422,2458.312431179751,,,,1135.0,56.183
11893,4,687,4402.678679311422,2459.312431179751,,,,1132.0,56.169
11894,4,688,4403.678679311422,2460.312431179751,,,,1131.0,56.152
11895,4,689,4404.678679311422,2461.312431179751,,,,1130.0,56.133
11896,4,690,4405.678679311422,2462.312431179751,,,,1130.0,56.115
11897,4,691,4406.678679311422,2463.312431179751,,,,1131.0,56.096
11898,4,692,4407.678679311422,2464.312431179751,,,,1131.0,56.079
11899,4,693,4408.678679311422,2465.312431179751,,,,1131.0,56.062
11900,4,694,4409.678679311422,2466.312431179751,,,,1131.0,56.046
11901,4,695,4410.678679311422,2467.312431179751,,,,1129.0,56.03
11902,4,696,4411.678679311422,2468.312431179751,,,,1127.0,56.012
11903,4,697,4412.678679311422,2469.312431179751,,,,1126.0,55.996
11904,4,698,4413.678679311422,2470.312431179751,,,,1125.0,55.978
11905,4,699,4414.678679311422,2471.312431179751,,,,1126.0,55.962
11906,4,700,4415.678679311422,2472.312431179751,,,,1125.0,55.944
11907,4,701,4416.678679311422,2473.312431179751,,,,1126.0,55.928
11908,4,702,4417.678679311422,2474.312431179751,,,,1126.0,55.913
11909,4,703,4418.678679311422,2475.312431179751,,,,1127.0,55.896
11910,4,704,4419.678679311422,2476.312431179751,,,,1126.0,55.882
11911,4,705,4420.678679311422,2477.312431179751,,,,1126.0,55.864
11912,4,706,4421.678679311422,2478.312431179751,,,,1125.0,55.848
11913,4,707,4422.678679311422,2479.312431179751,,,,1122.0,55.83
11914,4,708,4423.678679311422,2480.312431179751,,,,1123.0,55.812
11915,4,709,4424.678679311422,2481.312431179751,,,,1124.0,55.796
11916,4,710,4425.678679311422,2482.312431179751,,,,1123.0,55.78
11917,4,711,4426.678679311422,2483.312431179751,,,,1123.0,55.762
11918,4,712,4427.678679311422,2484.312431179751,,,,1121.0,55.745
11919,4,713,4428.678679311422,2485.312431179751,,,,1121.0,55.729
11920,4,714,4429.678679311422,2486.312431179751,,,,1122.0,55.711
11921,4,715,4430.678679311422,2487.312431179751,,,,1124.0,55.695
11922,4,716,4431.678679311422,2488.312431179751,,,,1126.0,55.679
11923,4,717,4432.678679311422,2489.312431179751,,,,1125.0,55.664
11924,4,718,4433.678679311422,2490.312431179751,,,,1125.0,55.649
11925,4,719,4434.678679311422,2491.312431179751,,,,1125.0,55.632
11926,4,720,4435.678679311422,2492.312431179751,,,,1125.0,55.616
11927,4,721,4436.678679311422,2493.312431179751,,,,1125.0,55.6
11928,4,722,4437.678679311422,2494.312431179751,,,,1122.0,55.584
11929,4,723,4438.678679311422,2495.312431179751,,,,1118.0,55.566
11930,4,724,4439.678679311422,2496.312431179751,,,,1115.0,55.55
11931,4,725,4440.678679311422,2497.312431179751,,,,1114.0,55.532
11932,4,726,4441.678679311422,2498.312431179751,,,,1113.0,55.517
11933,4,727,4442.678679311422,2499.312431179751,,,,1115.0,55.502
11934,4,728,4443.678679311422,2500.312431179751,,,,1113.0,55.487
11935,4,729,4444.678679311422,2501.312431179751,,,,1112.0,55.471
11936,4,730,4445.678679311422,2502.312431179751,,,,1111.0,55.456
11937,4,731,4446.678679311422,2503.312431179751,,,,1110.0,55.439
11938,4,732,4447.678679311422,2504.312431179751,,,,1109.0,55.424
11939,4,733,4448.678679311422,2505.312431179751,,,,1109.0,55.409
11940,4,734,4449.678679311422,2506.312431179751,,,,1107.0,55.393
11941,4,735,4450.678679311422,2507.312431179751,,,,1105.0,55.375
11942,4,736,4451.678679311422,2508.312431179751,,,,1103.0,55.356
11943,4,737,4452.678679311422,2509.312431179751,,,,1102.0,55.339
11944,4,738,4453.678679311422,2510.312431179751,,,,1101.0,55.321
11945,4,739,4454.678679311422,2511.312431179751,,,,1102.0,55.304
11946,4,740,4455.678679311422,2512.312431179751,,,,1102.0,55.287
11947,4,741,4456.678679311422,2513.312431179751,,,,1101.0,55.27
11948,4,742,4457.678679311422,2514.312431179751,,,,1101.0,55.254
11949,4,743,4458.678679311422,2515.312431179751,,,,1101.0,55.237
11950,4,744,4459.678679311422,2516.312431179751,,,,1102.0,55.221
11951,4,745,4460.678679311422,2517.312431179751,,,,1103.0,55.205
11952,4,746,4461.678679311422,2518.312431179751,,,,1102.0,55.187
11953,4,747,4462.678679311422,2519.312431179751,,,,1104.0,55.172
11954,4,748,4463.678679311422,2520.312431179751,,,,1104.0,55.155
11955,4,749,4464.678679311422,2521.312431179751,,,,1107.0,55.139
11956,4,750,4465.678679311422,2522.312431179751,,,,1106.0,55.125
11957,4,751,4466.678679311422,2523.312431179751,,,,1105.0,55.108
11958,4,752,4467.678679311422,2524.312431179751,,,,1106.0,55.093
11959,4,753,4468.678679311422,2525.312431179751,,,,1106.0,55.078
11960,4,754,4469.678679311422,2526.312431179751,,,,1107.0,55.062
11961,4,755,4470.678679311422,2527.312431179751,,,,1107.0,55.046
11962,4,756,4471.678679311422,2528.312431179751,,,,1106.0,55.03
11963,4,757,4472.678679311422,2529.312431179751,,,,1107.0,55.013
11964,4,758,4473.678679311422,2530.312431179751,,,,1107.0,54.996
11965,4,759,4474.678679311422,2531.312431179751,,,,1102.0,54.978
11966,4,760,4475.678679311422,2532.312431179751,,,,1101.0,54.963
11967,4,761,4476.678679311422,2533.312431179751,,,,1102.0,54.948
11968,4,762,4477.678679311422,2534.312431179751,,,,1103.0,54.933
11969,4,763,4478.678679311422,2535.312431179751,,,,1103.0,54.918
11970,4,764,4479.678679311422,2536.312431179751,,,,1100.0,54.903
11971,4,765,4480.678679311422,2537.312431179751,,,,1098.0,54.887
11972,4,766,4481.678679311422,2538.312431179751,,,,1097.0,54.871
11973,4,767,4482.678679311422,2539.312431179751,,,,1097.0,54.855
11974,4,768,4483.678679311422,2540.312431179751,,,,1095.0,54.84
11975,4,769,4484.678679311422,2541.312431179751,,,,1093.0,54.825
11976,4,770,4485.678679311422,2542.312431179751,,,,1092.0,54.807
11977,4,771,4486.678679311422,2543.312431179751,,,,1090.0,54.791
11978,4,772,4487.678679311422,2544.312431179751,,,,1088.0,54.776
11979,4,773,4488.678679311422,2545.312431179751,,,,1085.0,54.759
11980,4,774,4489.678679311422,2546.312431179751,,,,1085.0,54.741
11981,4,775,4490.678679311422,2547.312431179751,,,,1084.0,54.721
11982,4,776,4491.678679311422,2548.312431179751,,,,1083.0,54.704
11983,4,777,4492.678679311422,2549.312431179751,,,,1082.0,54.686
11984,4,778,4493.678679311422,2550.312431179751,,,,1082.0,54.668
11985,4,779,4494.678679311422,2551.312431179751,,,,1083.0,54.652
11986,4,780,4495.678679311422,2552.312431179751,,,,1081.0,54.635
11987,4,781,4496.678679311422,2553.312431179751,,,,1079.0,54.617
11988,4,782,4497.678679311422,2554.312431179751,,,,1078.0,54.598
11989,4,783,4498.678679311422,2555.312431179751,,,,1077.0,54.579
11990,4,784,4499.678679311422,2556.312431179751,,,,1078.0,54.56
11991,4,785,4500.678679311422,2557.312431179751,,,,1078.0,54.542
11992,4,786,4501.678679311422,2558.312431179751,,,,1080.0,54.525
11993,4,787,4502.678679311422,2559.312431179751,,,,1080.0,54.508
11994,4,788,4503.678679311422,2560.312431179751,,,,1079.0,54.49
11995,4,789,4504.678679311422,2561.312431179751,,,,1080.0,54.473
11996,4,790,4505.678679311422,2562.312431179751,,,,1080.0,54.455
11997,4,791,4506.678679311422,2563.312431179751,,,,1080.0,54.438
11998,4,792,4507.678679311422,2564.312431179751,,,,1079.0,54.418
11999,4,793,4508.678679311422,2565.312431179751,,,,1078.0,54.4
12000,4,794,4509.678679311422,2566.312431179751,,,,1077.0,54.381
12001,4,795,4510.678679311422,2567.312431179751,,,,1076.0,54.362
12002,4,796,4511.678679311422,2568.312431179751,,,,1077.0,54.344
12003,4,797,4512.678679311422,2569.312431179751,,,,1075.0,54.325
12004,4,798,4513.678679311422,2570.312431179751,,,,1074.0,54.306
12005,4,799,4514.678679311422,2571.312431179751,,,,1072.0,54.288
12006,4,800,4515.678679311422,2572.312431179751,,,,1068.0,54.269
12007,4,801,4516.678679311422,2573.312431179751,,,,1068.0,54.252
12008,4,802,4517.678679311422,2574.312431179751,,,,1067.0,54.235
12009,4,803,4518.678679311422,2575.312431179751,,,,1065.0,54.217
12010,4,804,4519.678679311422,2576.312431179751,,,,1060.0,54.197
12011,4,805,4520.678679311422,2577.312431179751,,,,1057.0,54.178
12012,4,806,4521.678679311422,2578.312431179751,,,,1056.0,54.156
12013,4,807,4522.678679311422,2579.312431179751,,,,1054.0,54.137
12014,4,808,4523.678679311422,2580.312431179751,,,,1054.0,54.118
12015,4,809,4524.678679311422,2581.312431179751,,,,1054.0,54.1
12016,4,810,4525.678679311422,2582.312431179751,,,,1055.0,54.083
12017,4,811,4526.678679311422,2583.312431179751,,,,1056.0,54.067
12018,4,812,4527.678679311422,2584.312431179751,,,,1059.0,54.051
12019,4,813,4528.678679311422,2585.312431179751,,,,1060.0,54.037
12020,4,814,4529.678679311422,2586.312431179751,,,,1058.0,54.024
12021,4,815,4530.678679311422,2587.312431179751,,,,1055.0,54.012
12022,4,816,4531.678679311422,2588.312431179751,,,,1054.0,54.0
12023,4,817,4532.678679311422,2589.312431179751,,,,1055.0,53.988
12024,4,818,4533.678679311422,2590.312431179751,,,,1057.0,53.975
12025,4,819,4534.678679311422,2591.312431179751,,,,1057.0,53.961
12026,4,820,4535.678679311422,2592.312431179751,,,,1056.0,53.948
12027,4,821,4536.678679311422,2593.312431179751,,,,1055.0,53.933
12028,4,822,4537.678679311422,2594.312431179751,,,,1054.0,53.917
12029,4,823,4538.678679311422,2595.312431179751,,,,1050.0,53.9
12030,4,824,4539.678679311422,2596.312431179751,,,,1048.0,53.879
12031,4,825,4540.678679311422,2597.312431179751,,,,1045.0,53.858
12032,4,826,4541.678679311422,2598.312431179751,,,,1043.0,53.838
12033,4,827,4542.678679311422,2599.312431179751,,,,1045.0,53.819
12034,4,828,4543.678679311422,2600.312431179751,,,,1046.0,53.799
12035,4,829,4544.678679311422,2601.312431179751,,,,1047.0,53.781
12036,4,830,4545.678679311422,2602.312431179751,,,,1046.0,53.763
12037,4,831,4546.678679311422,2603.312431179751,,,,1044.0,53.745
12038,4,832,4547.678679311422,2604.312431179751,,,,1042.0,53.726
12039,4,833,4548.678679311422,2605.312431179751,,,,1044.0,53.708
12040,4,834,4549.678679311422,2606.312431179751,,,,1043.0,53.691
12041,4,835,4550.678679311422,2607.312431179751,,,,1043.0,53.677
12042,4,836,4551.678679311422,2608.312431179751,,,,1043.0,53.662
12043,4,837,4552.678679311422,2609.312431179751,,,,1042.0,53.648
12044,4,838,4553.678679311422,2610.312431179751,,,,1040.0,53.634
12045,4,839,4554.678679311422,2611.312431179751,,,,1037.0,53.62
12046,4,840,4555.678679311422,2612.312431179751,,,,1035.0,53.606
12047,4,841,4556.678679311422,2613.312431179751,,,,1033.0,53.59
12048,4,842,4557.678679311422,2614.312431179751,,,,1033.0,53.575
12049,4,843,4558.678679311422,2615.312431179751,,,,1032.0,53.559
12050,4,844,4559.678679311422,2616.312431179751,,,,1031.0,53.546
12051,4,845,4560.678679311422,2617.312431179751,,,,1029.0,53.531
12052,4,846,4561.678679311422,2618.312431179751,,,,1028.0,53.519
12053,4,847,4562.678679311422,2619.312431179751,,,,1027.0,53.507
12054,4,848,4563.678679311422,2620.312431179751,,,,1026.0,53.496
12055,4,849,4564.678679311422,2621.312431179751,,,,1028.0,53.487
12056,4,850,4565.678679311422,2622.312431179751,,,,1029.0,53.477
12057,4,851,4566.678679311422,2623.312431179751,,,,1031.0,53.467
12058,4,852,4567.678679311422,2624.312431179751,,,,1031.0,53.457
12059,4,853,4568.678679311422,2625.312431179751,,,,1031.0,53.447
12060,4,854,4569.678679311422,2626.312431179751,,,,1033.0,53.436
12061,4,855,4570.678679311422,2627.312431179751,,,,1033.0,53.427
12062,4,856,4571.678679311422,2628.312431179751,,,,1031.0,53.415
12063,4,857,4572.678679311422,2629.312431179751,,,,1030.0,53.406
12064,4,858,4573.678679311422,2630.312431179751,,,,1029.0,53.395
12065,4,859,4574.678679311422,2631.312431179751,,,,1031.0,53.388
12066,4,860,4575.678679311422,2632.312431179751,,,,1033.0,53.381
12067,4,861,4576.678679311422,2633.312431179751,,,,1035.0,53.375
12068,4,862,4577.678679311422,2634.312431179751,,,,1034.0,53.366
12069,4,863,4578.678679311422,2635.312431179751,,,,1035.0,53.358
12070,4,864,4579.678679311422,2636.312431179751,,,,1037.0,53.347
12071,4,865,4580.678679311422,2637.312431179751,,,,1041.0,53.336
12072,4,866,4581.678679311422,2638.312431179751,,,,1044.0,53.325
12073,4,867,4582.678679311422,2639.312431179751,,,,1047.0,53.312
12074,4,868,4583.678679311422,2640.312431179751,,,,1048.0,53.301
12075,4,869,4584.678679311422,2641.312431179751,,,,1048.0,53.292
12076,4,870,4585.678679311422,2642.312431179751,,,,1050.0,53.286
12138,4,932,4647.678679311422,2704.312431179751,,,,1145.0,53.279
12139,4,933,4648.678679311422,2705.312431179751,,,,1148.0,53.271
12140,4,934,4649.678679311422,2706.312431179751,,,,1152.0,53.263
12141,4,935,4650.678679311422,2707.312431179751,,,,1153.0,53.255
12142,4,936,4651.678679311422,2708.312431179751,,,,1156.0,53.25
12143,4,937,4652.678679311422,2709.312431179751,,,,1158.0,53.248
12190,4,984,4699.678679311422,2756.312431179751,,,,1207.0,53.239
12191,4,985,4700.678679311422,2757.312431179751,,,,1209.0,53.232
12192,4,986,4701.678679311422,2758.312431179751,,,,1211.0,53.226
12193,4,987,4702.678679311422,2759.312431179751,,,,1211.0,53.224
12248,4,1042,4757.678679311422,2814.312431179751,,,,1249.0,53.21
12249,4,1043,4758.678679311422,2815.312431179751,,,,1249.0,53.194
12250,4,1044,4759.678679311422,2816.312431179751,,,,1249.0,53.18
12251,4,1045,4760.678679311422,2817.312431179751,,,,1248.0,53.164
12252,4,1046,4761.678679311422,2818.312431179751,,,,1248.0,53.15
12253,4,1047,4762.678679311422,2819.312431179751,,,,1246.0,53.136
12254,4,1048,4763.678679311422,2820.312431179751,,,,1247.0,53.122
12255,4,1049,4764.678679311422,2821.312431179751,,,,1250.0,53.109
12256,4,1050,4765.678679311422,2822.312431179751,,,,1250.0,53.098
12257,4,1051,4766.678679311422,2823.312431179751,,,,1250.0,53.085
12258,4,1052,4767.678679311422,2824.312431179751,,,,1249.0,53.073
12259,4,1053,4768.678679311422,2825.312431179751,,,,1249.0,53.063
12260,4,1054,4769.678679311422,2826.312431179751,,,,1247.0,53.052
12261,4,1055,4770.678679311422,2827.312431179751,,,,1246.0,53.038
12262,4,1056,4771.678679311422,2828.312431179751,,,,1249.0,53.026
12263,4,1057,4772.678679311422,2829.312431179751,,,,1251.0,53.012
12264,4,1058,4773.678679311422,2830.312431179751,,,,1251.0,52.999
12265,4,1059,4774.678679311422,2831.312431179751,,,,1253.0,52.986
12266,4,1060,4775.678679311422,2832.312431179751,,,,1256.0,52.976
12267,4,1061,4776.678679311422,2833.312431179751,,,,1259.0,52.968
12268,4,1062,4777.678679311422,2834.312431179751,,,,1260.0,52.961
12269,4,1063,4778.678679311422,2835.312431179751,,,,1259.0,52.957
12288,4,1082,4797.678679311422,2854.312431179751,,,,1246.0,52.95
12289,4,1083,4798.678679311422,2855.312431179751,,,,1247.0,52.938
12290,4,1084,4799.678679311422,2856.312431179751,,,,1248.0,52.924
12291,4,1085,4800.678679311422,2857.312431179751,,,,1250.0,52.91
12292,4,1086,4801.678679311422,2858.312431179751,,,,1249.0,52.896
12293,4,1087,4802.678679311422,2859.312431179751,,,,1251.0,52.882
12294,4,1088,4803.678679311422,2860.312431179751,,,,1254.0,52.868
12295,4,1089,4804.678679311422,2861.312431179751,,,,1255.0,52.856
12296,4,1090,4805.678679311422,2862.312431179751,,,,1257.0,52.842
12297,4,1091,4806.678679311422,2863.312431179751,,,,1254.0,52.83
12298,4,1092,4807.678679311422,2864.312431179751,,,,1254.0,52.816
12299,4,1093,4808.678679311422,2865.312431179751,,,,1253.0,52.8
12300,4,1094,4809.678679311422,2866.312431179751,,,,1250.0,52.784
12301,4,1095,4810.678679311422,2867.312431179751,,,,1247.0,52.768
12302,4,1096,4811.678679311422,2868.312431179751,,,,1246.0,52.752
12303,4,1097,4812.678679311422,2869.312431179751,,,,1243.0,52.736
12304,4,1098,4813.678679311422,2870.312431179751,,,,1240.0,52.718
12305,4,1099,4814.678679311422,2871.312431179751,,,,1237.0,52.701
12306,4,1100,4815.678679311422,2872.312431179751,,,,1238.0,52.685
12307,4,1101,4816.678679311422,2873.312431179751,,,,1238.0,52.669
12308,4,1102,4817.678679311422,2874.312431179751,,,,1237.0,52.656
12309,4,1103,4818.678679311422,2875.312431179751,,,,1236.0,52.639
12310,4,1104,4819.678679311422,2876.312431179751,,,,1233.0,52.624
12311,4,1105,4820.678679311422,2877.312431179751,,,,1234.0,52.609
12312,4,1106,4821.678679311422,2878.312431179751,,,,1232.0,52.594
12313,4,1107,4822.678679311422,2879.312431179751,,,,1232.0,52.58
12314,4,1108,4823.678679311422,2880.312431179751,,,,1231.0,52.566
12315,4,1109,4824.678679311422,2881.312431179751,,,,1230.0,52.553
12316,4,1110,4825.678679311422,2882.312431179751,,,,1228.0,52.54
12317,4,1111,4826.678679311422,2883.312431179751,,,,1226.0,52.527
12318,4,1112,4827.678679311422,2884.312431179751,,,,1225.0,52.512
12319,4,1113,4828.678679311422,2885.312431179751,,,,1222.0,52.499
12320,4,1114,4829.678679311422,2886.312431179751,,,,1221.0,52.484
12321,4,1115,4830.678679311422,2887.312431179751,,,,1224.0,52.469
12322,4,1116,4831.678679311422,2888.312431179751,,,,1225.0,52.454
12323,4,1117,4832.678679311422,2889.312431179751,,,,1224.0,52.438
12324,4,1118,4833.678679311422,2890.312431179751,,,,1221.0,52.421
12325,4,1119,4834.678679311422,2891.312431179751,,,,1220.0,52.403
12326,4,1120,4835.678679311422,2892.312431179751,,,,1219.0,52.387
12327,4,1121,4836.678679311422,2893.312431179751,,,,1220.0,52.371
12328,4,1122,4837.678679311422,2894.312431179751,,,,1222.0,52.356
12329,4,1123,4838.678679311422,2895.312431179751,,,,1223.0,52.341
12330,4,1124,4839.678679311422,2896.312431179751,,,,1221.0,52.326
12331,4,1125,4840.678679311422,2897.312431179751,,,,1218.0,52.309
12332,4,1126,4841.678679311422,2898.312431179751,,,,1215.0,52.29
12333,4,1127,4842.678679311422,2899.312431179751,,,,1215.0,52.271
12334,4,1128,4843.678679311422,2900.312431179751,,,,1216.0,52.254
12335,4,1129,4844.678679311422,2901.312431179751,,,,1215.0,52.237
12336,4,1130,4845.678679311422,2902.312431179751,,,,1214.0,52.221
12337,4,1131,4846.678679311422,2903.312431179751,,,,1211.0,52.206
12338,4,1132,4847.678679311422,2904.312431179751,,,,1209.0,52.191
12339,4,1133,4848.678679311422,2905.312431179751,,,,1208.0,52.177
12340,4,1134,4849.678679311422,2906.312431179751,,,,1208.0,52.163
12341,4,1135,4850.678679311422,2907.312431179751,,,,1207.0,52.149
12342,4,1136,4851.678679311422,2908.312431179751,,,,1205.0,52.136
12343,4,1137,4852.678679311422,2909.312431179751,,,,1204.0,52.123
12344,4,1138,4853.678679311422,2910.312431179751,,,,1203.0,52.109
12345,4,1139,4854.678679311422,2911.312431179751,,,,1203.0,52.096
12346,4,1140,4855.678679311422,2912.312431179751,,,,1204.0,52.08
12347,4,1141,4856.678679311422,2913.312431179751,,,,1204.0,52.064
12348,4,1142,4857.678679311422,2914.312431179751,,,,1203.0,52.048
12349,4,1143,4858.678679311422,2915.312431179751,,,,1206.0,52.031
12350,4,1144,4859.678679311422,2916.312431179751,,,,1206.0,52.014
12351,4,1145,4860.678679311422,2917.312431179751,,,,1209.0,51.997
12352,4,1146,4861.678679311422,2918.312431179751,,,,1209.0,51.98
12353,4,1147,4862.678679311422,2919.312431179751,,,,1209.0,51.964
12354,4,1148,4863.678679311422,2920.312431179751,,,,1207.0,51.946
12355,4,1149,4864.678679311422,2921.312431179751,,,,1207.0,51.928
12356,4,1150,4865.678679311422,2922.312431179751,,,,1205.0,51.911
12357,4,1151,4866.678679311422,2923.312431179751,,,,1204.0,51.895
12358,4,1152,4867.678679311422,2924.312431179751,,,,1204.0,51.879
12359,4,1153,4868.678679311422,2925.312431179751,,,,1202.0,51.864
12360,4,1154,4869.678679311422,2926.312431179751,,,,1202.0,51.849
12361,4,1155,4870.678679311422,2927.312431179751,,,,1205.0,51.834
12362,4,1156,4871.678679311422,2928.312431179751,,,,1204.0,51.821
12363,4,1157,4872.678679311422,2929.312431179751,,,,1205.0,51.808
12364,4,1158,4873.678679311422,2930.312431179751,,,,1203.0,51.794
12365,4,1159,4874.678679311422,2931.312431179751,,,,1203.0,51.78
12366,4,1160,4875.678679311422,2932.312431179751,,,,1202.0,51.768
12367,4,1161,4876.678679311422,2933.312431179751,,,,1202.0,51.754
12368,4,1162,4877.678679311422,2934.312431179751,,,,1200.0,51.742
12369,4,1163,4878.678679311422,2935.312431179751,,,,1198.0,51.729
12370,4,1164,4879.678679311422,2936.312431179751,,,,1195.0,51.717
12371,4,1165,4880.678679311422,2937.312431179751,,,,1195.0,51.703
12372,4,1166,4881.678679311422,2938.312431179751,,,,1191.0,51.69
12373,4,1167,4882.678679311422,2939.312431179751,,,,1188.0,51.675
12374,4,1168,4883.678679311422,2940.312431179751,,,,1187.0,51.662
12375,4,1169,4884.678679311422,2941.312431179751,,,,1189.0,51.649
12376,4,1170,4885.678679311422,2942.312431179751,,,,1191.0,51.636
12377,4,1171,4886.678679311422,2943.312431179751,,,,1193.0,51.623
12378,4,1172,4887.678679311422,2944.312431179751,,,,1191.0,51.608
12379,4,1173,4888.678679311422,2945.312431179751,,,,1190.0,51.591
12380,4,1174,4889.678679311422,2946.312431179751,,,,1191.0,51.575
12381,4,1175,4890.678679311422,2947.312431179751,,,,1192.0,51.558
12382,4,1176,4891.678679311422,2948.312431179751,,,,1193.0,51.543
12383,4,1177,4892.678679311422,2949.312431179751,,,,1194.0,51.527
12384,4,1178,4893.678679311422,2950.312431179751,,,,1196.0,51.511
12385,4,1179,4894.678679311422,2951.312431179751,,,,1197.0,51.497
12386,4,1180,4895.678679311422,2952.312431179751,,,,1198.0,51.481
12387,4,1181,4896.678679311422,2953.312431179751,,,,1197.0,51.464
12388,4,1182,4897.678679311422,2954.312431179751,,,,1193.0,51.449
12389,4,1183,4898.678679311422,2955.312431179751,,,,1192.0,51.432
12390,4,1184,4899.678679311422,2956.312431179751,,,,1191.0,51.417
12391,4,1185,4900.678679311422,2957.312431179751,,,,1193.0,51.401
12392,4,1186,4901.678679311422,2958.312431179751,,,,1193.0,51.388
12393,4,1187,4902.678679311422,2959.312431179751,,,,1191.0,51.375
12394,4,1188,4903.678679311422,2960.312431179751,,,,1192.0,51.361
12395,4,1189,4904.678679311422,2961.312431179751,,,,1189.0,51.346
12396,4,1190,4905.678679311422,2962.312431179751,,,,1188.0,51.331
12397,4,1191,4906.678679311422,2963.312431179751,,,,1187.0,51.316
12398,4,1192,4907.678679311422,2964.312431179751,,,,1187.0,51.3
12399,4,1193,4908.678679311422,2965.312431179751,,,,1187.0,51.285
12400,4,1194,4909.678679311422,2966.312431179751,,,,1187.0,51.27
12401,4,1195,4910.678679311422,2967.312431179751,,,,1186.0,51.255
12402,4,1196,4911.678679311422,2968.312431179751,,,,1185.0,51.241
12403,4,1197,4912.678679311422,2969.312431179751,,,,1185.0,51.226
12404,4,1198,4913.678679311422,2970.312431179751,,,,1186.0,51.212
12405,4,1199,4914.678679311422,2971.312431179751,,,,1184.0,51.198
12406,4,1200,4915.678679311422,2972.312431179751,,,,1184.0,51.182
12407,4,1201,4916.678679311422,2973.312431179751,,,,1182.0,51.167
12408,4,1202,4917.678679311422,2974.312431179751,,,,1181.0,51.151
12409,4,1203,4918.678679311422,2975.312431179751,,,,1179.0,51.134
12410,4,1204,4919.678679311422,2976.312431179751,,,,1176.0,51.117
12411,4,1205,4920.678679311422,2977.312431179751,,,,1175.0,51.1
12412,4,1206,4921.678679311422,2978.312431179751,,,,1175.0,51.083
12413,4,1207,4922.678679311422,2979.312431179751,,,,1174.0,51.065
12414,4,1208,4923.678679311422,2980.312431179751,,,,1172.0,51.049
12415,4,1209,4924.678679311422,2981.312431179751,,,,1172.0,51.032
12416,4,1210,4925.678679311422,2982.312431179751,,,,1172.0,51.017
12417,4,1211,4926.678679311422,2983.312431179751,,,,1172.0,51.002
12418,4,1212,4927.678679311422,2984.312431179751,,,,1172.0,50.986
12419,4,1213,4928.678679311422,2985.312431179751,,,,1172.0,50.97
12420,4,1214,4929.678679311422,2986.312431179751,,,,1172.0,50.953
12421,4,1215,4930.678679311422,2987.312431179751,,,,1171.0,50.937
12422,4,1216,4931.678679311422,2988.312431179751,,,,1170.0,50.919
12423,4,1217,4932.678679311422,2989.312431179751,,,,1169.0,50.903
12424,4,1218,4933.678679311422,2990.312431179751,,,,1168.0,50.885
12425,4,1219,4934.678679311422,2991.312431179751,,,,1166.0,50.868
12426,4,1220,4935.678679311422,2992.312431179751,,,,1164.0,50.852
12427,4,1221,4936.678679311422,2993.312431179751,,,,1163.0,50.838
12428,4,1222,4937.678679311422,2994.312431179751,,,,1161.0,50.824
12429,4,1223,4938.678679311422,2995.312431179751,,,,1157.0,50.812
12430,4,1224,4939.678679311422,2996.312431179751,,,,1156.0,50.798
12431,4,1225,4940.678679311422,2997.312431179751,,,,1155.0,50.783
12432,4,1226,4941.678679311422,2998.312431179751,,,,1155.0,50.768
12433,4,1227,4942.678679311422,2999.312431179751,,,,1153.0,50.753
12434,4,1228,4943.678679311422,3000.312431179751,,,,1152.0,50.738
12435,4,1229,4944.678679311422,3001.312431179751,,,,1152.0,50.723
12436,4,1230,4945.678679311422,3002.312431179751,,,,1151.0,50.708
12437,4,1231,4946.678679311422,3003.312431179751,,,,1151.0,50.693
12438,4,1232,4947.678679311422,3004.312431179751,,,,1150.0,50.677
12439,4,1233,4948.678679311422,3005.312431179751,,,,1148.0,50.663
12440,4,1234,4949.678679311422,3006.312431179751,,,,1146.0,50.649
12441,4,1235,4950.678679311422,3007.312431179751,,,,1144.0,50.633
12442,4,1236,4951.678679311422,3008.312431179751,,,,1143.0,50.618
12443,4,1237,4952.678679311422,3009.312431179751,,,,1143.0,50.604
12444,4,1238,4953.678679311422,3010.312431179751,,,,1143.0,50.591
12445,4,1239,4954.678679311422,3011.312431179751,,,,1141.0,50.576
12446,4,1240,4955.678679311422,3012.312431179751,,,,1139.0,50.562
12447,4,1241,4956.678679311422,3013.312431179751,,,,1137.0,50.546
12448,4,1242,4957.678679311422,3014.312431179751,,,,1138.0,50.53
12449,4,1243,4958.678679311422,3015.312431179751,,,,1139.0,50.515
12450,4,1244,4959.678679311422,3016.312431179751,,,,1141.0,50.499
12451,4,1245,4960.678679311422,3017.312431179751,,,,1142.0,50.485
12452,4,1246,4961.678679311422,3018.312431179751,,,,1142.0,50.469
12453,4,1247,4962.678679311422,3019.312431179751,,,,1142.0,50.455
12454,4,1248,4963.678679311422,3020.312431179751,,,,1142.0,50.442
12455,4,1249,4964.678679311422,3021.312431179751,,,,1139.0,50.426
12456,4,1250,4965.678679311422,3022.312431179751,,,,1138.0,50.412
12457,4,1251,4966.678679311422,3023.312431179751,,,,1136.0,50.395
12458,4,1252,4967.678679311422,3024.312431179751,,,,1134.0,50.378
12459,4,1253,4968.678679311422,3025.312431179751,,,,1133.0,50.361
12460,4,1254,4969.678679311422,3026.312431179751,,,,1132.0,50.343
12461,4,1255,4970.678679311422,3027.312431179751,,,,1133.0,50.326
12462,4,1256,4971.678679311422,3028.312431179751,,,,1133.0,50.309
12463,4,1257,4972.678679311422,3029.312431179751,,,,1132.0,50.293
12464,4,1258,4973.678679311422,3030.312431179751,,,,1130.0,50.278
12465,4,1259,4974.678679311422,3031.312431179751,,,,1129.0,50.262
12466,4,1260,4975.678679311422,3032.312431179751,,,,1127.0,50.246
12467,4,1261,4976.678679311422,3033.312431179751,,,,1126.0,50.23
12468,4,1262,4977.678679311422,3034.312431179751,,,,1123.0,50.215
12469,4,1263,4978.678679311422,3035.312431179751,,,,1122.0,50.2
12470,4,1264,4979.678679311422,3036.312431179751,,,,1119.0,50.183
12471,4,1265,4980.678679311422,3037.312431179751,,,,1117.0,50.167
12472,4,1266,4981.678679311422,3038.312431179751,,,,1116.0,50.15
12473,4,1267,4982.678679311422,3039.312431179751,,,,1115.0,50.134
12474,4,1268,4983.678679311422,3040.312431179751,,,,1114.0,50.118
12475,4,1269,4984.678679311422,3041.312431179751,,,,1114.0,50.103
12476,4,1270,4985.678679311422,3042.312431179751,,,,1112.0,50.086
12477,4,1271,4986.678679311422,3043.312431179751,,,,1109.0,50.067
12478,4,1272,4987.678679311422,3044.312431179751,,,,1107.0,50.051
12479,4,1273,4988.678679311422,3045.312431179751,,,,1106.0,50.034
12480,4,1274,4989.678679311422,3046.312431179751,,,,1108.0,50.019
12481,4,1275,4990.678679311422,3047.312431179751,,,,1107.0,50.001
12482,4,1276,4991.678679311422,3048.312431179751,,,,1105.0,49.987
12483,4,1277,4992.678679311422,3049.312431179751,,,,1102.0,49.972
12484,4,1278,4993.678679311422,3050.312431179751,,,,1100.0,49.958
12485,4,1279,4994.678679311422,3051.312431179751,,,,1098.0,49.942
12486,4,1280,4995.678679311422,3052.312431179751,,,,1095.0,49.926
12487,4,1281,4996.678679311422,3053.312431179751,,,,1094.0,49.91
12488,4,1282,4997.678679311422,3054.312431179751,,,,1091.0,49.893
12489,4,1283,4998.678679311422,3055.312431179751,,,,1090.0,49.875
12490,4,1284,4999.678679311422,3056.312431179751,,,,1088.0,49.86
12491,4,1285,5000.678679311422,3057.312431179751,,,,1085.0,49.844
12492,4,1286,5001.678679311422,3058.312431179751,,,,1084.0,49.829
12493,4,1287,5002.678679311422,3059.312431179751,,,,1080.0,49.813
12494,4,1288,5003.678679311422,3060.312431179751,,,,1077.0,49.796
12495,4,1289,5004.678679311422,3061.312431179751,,,,1076.0,49.777
12496,4,1290,5005.678679311422,3062.312431179751,,,,1076.0,49.76
12497,4,1291,5006.678679311422,3063.312431179751,,,,1078.0,49.744
12498,4,1292,5007.678679311422,3064.312431179751,,,,1078.0,49.728
12499,4,1293,5008.678679311422,3065.312431179751,,,,1078.0,49.713
12500,4,1294,5009.678679311422,3066.312431179751,,,,1076.0,49.696
12501,4,1295,5010.678679311422,3067.312431179751,,,,1075.0,49.677
12502,4,1296,5011.678679311422,3068.312431179751,,,,1074.0,49.66
12503,4,1297,5012.678679311422,3069.312431179751,,,,1074.0,49.643
12504,4,1298,5013.678679311422,3070.312431179751,,,,1074.0,49.628
12505,4,1299,5014.678679311422,3071.312431179751,,,,1075.0,49.612
12506,4,1300,5015.678679311422,3072.312431179751,,,,1071.0,49.595
12507,4,1301,5016.678679311422,3073.312431179751,,,,1070.0,49.576
12508,4,1302,5017.678679311422,3074.312431179751,,,,1071.0,49.559
12509,4,1303,5018.678679311422,3075.312431179751,,,,1073.0,49.544
12510,4,1304,5019.678679311422,3076.312431179751,,,,1075.0,49.529
12511,4,1305,5020.678679311422,3077.312431179751,,,,1077.0,49.517
12512,4,1306,5021.678679311422,3078.312431179751,,,,1079.0,49.504
12513,4,1307,5022.678679311422,3079.312431179751,,,,1080.0,49.491
12514,4,1308,5023.678679311422,3080.312431179751,,,,1082.0,49.48
12515,4,1309,5024.678679311422,3081.312431179751,,,,1081.0,49.468
12516,4,1310,5025.678679311422,3082.312431179751,,,,1080.0,49.455
12517,4,1311,5026.678679311422,3083.312431179751,,,,1080.0,49.441
12518,4,1312,5027.678679311422,3084.312431179751,,,,1079.0,49.427
12519,4,1313,5028.678679311422,3085.312431179751,,,,1079.0,49.415
12520,4,1314,5029.678679311422,3086.312431179751,,,,1077.0,49.401
12521,4,1315,5030.678679311422,3087.312431179751,,,,1078.0,49.386
12522,4,1316,5031.678679311422,3088.312431179751,,,,1077.0,49.371
12523,4,1317,5032.678679311422,3089.312431179751,,,,1076.0,49.356
12524,4,1318,5033.678679311422,3090.312431179751,,,,1078.0,49.343
12525,4,1319,5034.678679311422,3091.312431179751,,,,1078.0,49.328
12526,4,1320,5035.678679311422,3092.312431179751,,,,1074.0,49.313
12527,4,1321,5036.678679311422,3093.312431179751,,,,1072.0,49.298
12528,4,1322,5037.678679311422,3094.312431179751,,,,1071.0,49.283
12529,4,1323,5038.678679311422,3095.312431179751,,,,1071.0,49.269
12530,4,1324,5039.678679311422,3096.312431179751,,,,1070.0,49.254
12531,4,1325,5040.678679311422,3097.312431179751,,,,1069.0,49.241
12532,4,1326,5041.678679311422,3098.312431179751,,,,1069.0,49.228
12533,4,1327,5042.678679311422,3099.312431179751,,,,1070.0,49.215
12534,4,1328,5043.678679311422,3100.312431179751,,,,1072.0,49.203
12535,4,1329,5044.678679311422,3101.312431179751,,,,1074.0,49.192
12536,4,1330,5045.678679311422,3102.312431179751,,,,1077.0,49.18
12537,4,1331,5046.678679311422,3103.312431179751,,,,1077.0,49.168
12538,4,1332,5047.678679311422,3104.312431179751,,,,1077.0,49.155
12539,4,1333,5048.678679311422,3105.312431179751,,,,1076.0,49.141
12540,4,1334,5049.678679311422,3106.312431179751,,,,1078.0,49.127
12541,4,1335,5050.678679311422,3107.312431179751,,,,1081.0,49.114
12542,4,1336,5051.678679311422,3108.312431179751,,,,1083.0,49.099
12543,4,1337,5052.678679311422,3109.312431179751,,,,1088.0,49.085
12544,4,1338,5053.678679311422,3110.312431179751,,,,1091.0,49.072
12545,4,1339,5054.678679311422,3111.312431179751,,,,1093.0,49.062
12546,4,1340,5055.678679311422,3112.312431179751,,,,1093.0,49.057
12547,4,1341,5056.678679311422,3113.312431179751,,,,1093.0,49.055
12565,4,1359,5074.678679311422,3131.312431179751,,,,1116.0,49.048
12566,4,1360,5075.678679311422,3132.312431179751,,,,1120.0,49.043
12567,4,1361,5076.678679311422,3133.312431179751,,,,1122.0,49.04
12580,4,1374,5089.678679311422,3146.312431179751,,,,1140.0,49.035
12581,4,1375,5090.678679311422,3147.312431179751,,,,1143.0,49.018
12582,4,1376,5091.678679311422,3148.312431179751,,,,1144.0,49.003
12583,4,1377,5092.678679311422,3149.312431179751,,,,1145.0,48.989
12584,4,1378,5093.678679311422,3150.312431179751,,,,1146.0,48.978
12585,4,1379,5094.678679311422,3151.312431179751,,,,1148.0,48.97
12586,4,1380,5095.678679311422,3152.312431179751,,,,1147.0,48.965
12587,4,1381,5096.678679311422,3153.312431179751,,,,1145.0,48.964
12622,4,1416,5131.678679311422,3188.312431179751,,,,1182.0,48.961
12623,4,1417,5132.678679311422,3189.312431179751,,,,1184.0,48.954
12624,4,1418,5133.678679311422,3190.312431179751,,,,1187.0,48.95
12625,4,1419,5134.678679311422,3191.312431179751,,,,1189.0,48.949
12641,4,1435,5150.678679311422,3207.312431179751,,,,1202.0,48.942
12642,4,1436,5151.678679311422,3208.312431179751,,,,1203.0,48.928
12643,4,1437,5152.678679311422,3209.312431179751,,,,1204.0,48.915
12644,4,1438,5153.678679311422,3210.312431179751,,,,1208.0,48.905
12645,4,1439,5154.678679311422,3211.312431179751,,,,1209.0,48.896
12646,4,1440,5155.678679311422,3212.312431179751,,,,1210.0,48.89
12647,4,1441,5156.678679311422,3213.312431179751,,,,1209.0,48.887
12648,4,1442,5157.678679311422,3214.312431179751,,,,1213.0,48.886
12665,4,1459,5174.678679311422,3231.312431179751,,,,1235.0,48.884
12666,4,1460,5175.678679311422,3232.312431179751,,,,1237.0,48.877
12667,4,1461,5176.678679311422,3233.312431179751,,,,1236.0,48.874
12689,4,1483,5198.678679311422,3255.312431179751,,,,1254.0,48.861
12690,4,1484,5199.678679311422,3256.312431179751,,,,1256.0,48.845
12691,4,1485,5200.678679311422,3257.312431179751,,,,1260.0,48.831
12692,4,1486,5201.678679311422,3258.312431179751,,,,1264.0,48.822
12693,4,1487,5202.678679311422,3259.312431179751,,,,1267.0,48.819
12694,4,1488,5203.678679311422,3260.312431179751,,,,1266.0,48.814
12720,4,1514,5229.678679311422,3286.312431179751,,,,1293.0,48.81
12721,4,1515,5230.678679311422,3287.312431179751,,,,1295.0,48.802
12722,4,1516,5231.678679311422,3288.312431179751,,,,1298.0,48.795
12723,4,1517,5232.678679311422,3289.312431179751,,,,1299.0,48.791
12724,4,1518,5233.678679311422,3290.312431179751,,,,1298.0,48.79
12749,4,1543,5258.678679311422,3315.312431179751,,,,1307.0,48.783
12750,4,1544,5259.678679311422,3316.312431179751,,,,1310.0,48.769
12751,4,1545,5260.678679311422,3317.312431179751,,,,1311.0,48.76
12752,4,1546,5261.678679311422,3318.312431179751,,,,1312.0,48.754
12753,4,1547,5262.678679311422,3319.312431179751,,,,1313.0,48.751
12772,4,1566,5281.678679311422,3338.312431179751,,,,1348.0,48.744
12773,4,1567,5282.678679311422,3339.312431179751,,,,1350.0,48.737
12807,4,1601,5316.678679311422,3373.312431179751,,,,1405.0,48.73
12808,4,1602,5317.678679311422,3374.312431179751,,,,1405.0,48.725
12809,4,1603,5318.678679311422,3375.312431179751,,,,1406.0,48.722
12810,4,1604,5319.678679311422,3376.312431179751,,,,1406.0,48.721
12828,4,1622,5337.678679311422,3394.312431179751,,,,1434.0,48.717
12829,4,1623,5338.678679311422,3395.312431179751,,,,1434.0,48.707
12830,4,1624,5339.678679311422,3396.312431179751,,,,1435.0,48.699
12831,4,1625,5340.678679311422,3397.312431179751,,,,1437.0,48.694
12876,4,1670,5385.678679311422,3442.312431179751,,,,1501.0,48.68
12877,4,1671,5386.678679311422,3443.312431179751,,,,1502.0,48.668
12878,4,1672,5387.678679311422,3444.312431179751,,,,1501.0,48.658
12879,4,1673,5388.678679311422,3445.312431179751,,,,1501.0,48.649
12880,4,1674,5389.678679311422,3446.312431179751,,,,1502.0,48.643
12881,4,1675,5390.678679311422,3447.312431179751,,,,1505.0,48.64
12882,4,1676,5391.678679311422,3448.312431179751,,,,1507.0,48.637
12904,4,1698,5413.678679311422,3470.312431179751,,,,1527.0,48.636
12905,4,1699,5414.678679311422,3471.312431179751,,,,1524.0,48.622
12906,4,1700,5415.678679311422,3472.312431179751,,,,1523.0,48.607
12907,4,1701,5416.678679311422,3473.312431179751,,,,1519.0,48.593
12908,4,1702,5417.678679311422,3474.312431179751,,,,1516.0,48.577
12909,4,1703,5418.678679311422,3475.312431179751,,,,1515.0,48.56
12910,4,1704,5419.678679311422,3476.312431179751,,,,1512.0,48.544
12911,4,1705,5420.678679311422,3477.312431179751,,,,1507.0,48.527
12912,4,1706,5421.678679311422,3478.312431179751,,,,1503.0,48.509
12913,4,1707,5422.678679311422,3479.312431179751,,,,1501.0,48.491
12914,4,1708,5423.678679311422,3480.312431179751,,,,1499.0,48.475
12915,4,1709,5424.678679311422,3481.312431179751,,,,1498.0,48.459
12916,4,1710,5425.678679311422,3482.312431179751,,,,1497.0,48.443
12917,4,1711,5426.678679311422,3483.312431179751,,,,1494.0,48.428
12918,4,1712,5427.678679311422,3484.312431179751,,,,1493.0,48.412
12919,4,1713,5428.678679311422,3485.312431179751,,,,1489.0,48.398
12920,4,1714,5429.678679311422,3486.312431179751,,,,1487.0,48.382
12921,4,1715,5430.678679311422,3487.312431179751,,,,1484.0,48.365
12922,4,1716,5431.678679311422,3488.312431179751,,,,1479.0,48.348
12923,4,1717,5432.678679311422,3489.312431179751,,,,1477.0,48.332
12924,4,1718,5433.678679311422,3490.312431179751,,,,1476.0,48.318
12925,4,1719,5434.678679311422,3491.312431179751,,,,1477.0,48.304
12926,4,1720,5435.678679311422,3492.312431179751,,,,1477.0,48.29
12927,4,1721,5436.678679311422,3493.312431179751,,,,1475.0,48.276
12928,4,1722,5437.678679311422,3494.312431179751,,,,1474.0,48.26
12929,4,1723,5438.678679311422,3495.312431179751,,,,1471.0,48.245
12930,4,1724,5439.678679311422,3496.312431179751,,,,1467.0,48.229
12931,4,1725,5440.678679311422,3497.312431179751,,,,1463.0,48.213
12932,4,1726,5441.678679311422,3498.312431179751,,,,1460.0,48.195
12933,4,1727,5442.678679311422,3499.312431179751,,,,1455.0,48.178
12934,4,1728,5443.678679311422,3500.312431179751,,,,1454.0,48.16
12935,4,1729,5444.678679311422,3501.312431179751,,,,1452.0,48.144
12936,4,1730,5445.678679311422,3502.312431179751,,,,1453.0,48.128
12937,4,1731,5446.678679311422,3503.312431179751,,,,1452.0,48.113
12938,4,1732,5447.678679311422,3504.312431179751,,,,1450.0,48.097
12939,4,1733,5448.678679311422,3505.312431179751,,,,1451.0,48.084
12940,4,1734,5449.678679311422,3506.312431179751,,,,1449.0,48.068
12941,4,1735,5450.678679311422,3507.312431179751,,,,1446.0,48.051
12942,4,1736,5451.678679311422,3508.312431179751,,,,1447.0,48.034
12943,4,1737,5452.678679311422,3509.312431179751,,,,1443.0,48.018
12944,4,1738,5453.678679311422,3510.312431179751,,,,1442.0,48.001
12945,4,1739,5454.678679311422,3511.312431179751,,,,1443.0,47.986
12946,4,1740,5455.678679311422,3512.312431179751,,,,1441.0,47.969
12947,4,1741,5456.678679311422,3513.312431179751,,,,1439.0,47.952
12948,4,1742,5457.678679311422,3514.312431179751,,,,1435.0,47.935
12949,4,1743,5458.678679311422,3515.312431179751,,,,1432.0,47.915
12950,4,1744,5459.678679311422,3516.312431179751,,,,1427.0,47.896
12951,4,1745,5460.678679311422,3517.312431179751,,,,1426.0,47.875
12952,4,1746,5461.678679311422,3518.312431179751,,,,1425.0,47.857
12953,4,1747,5462.678679311422,3519.312431179751,,,,1425.0,47.839
12954,4,1748,5463.678679311422,3520.312431179751,,,,1425.0,47.823
12955,4,1749,5464.678679311422,3521.312431179751,,,,1423.0,47.807
12956,4,1750,5465.678679311422,3522.312431179751,,,,1423.0,47.791
12957,4,1751,5466.678679311422,3523.312431179751,,,,1420.0,47.776
12958,4,1752,5467.678679311422,3524.312431179751,,,,1420.0,47.761
12959,4,1753,5468.678679311422,3525.312431179751,,,,1419.0,47.748
12960,4,1754,5469.678679311422,3526.312431179751,,,,1419.0,47.736
12961,4,1755,5470.678679311422,3527.312431179751,,,,1417.0,47.726
12962,4,1756,5471.678679311422,3528.312431179751,,,,1416.0,47.715
12963,4,1757,5472.678679311422,3529.312431179751,,,,1415.0,47.705
12964,4,1758,5473.678679311422,3530.312431179751,,,,1414.0,47.694
12965,4,1759,5474.678679311422,3531.312431179751,,,,1415.0,47.683
12966,4,1760,5475.678679311422,3532.312431179751,,,,1415.0,47.672
12967,4,1761,5476.678679311422,3533.312431179751,,,,1411.0,47.658
12968,4,1762,5477.678679311422,3534.312431179751,,,,1409.0,47.644
12969,4,1763,5478.678679311422,3535.312431179751,,,,1410.0,47.628
12970,4,1764,5479.678679311422,3536.312431179751,,,,1413.0,47.613
12971,4,1765,5480.678679311422,3537.312431179751,,,,1415.0,47.599
12972,4,1766,5481.678679311422,3538.312431179751,,,,1417.0,47.586
12973,4,1767,5482.678679311422,3539.312431179751,,,,1417.0,47.574
12974,4,1768,5483.678679311422,3540.312431179751,,,,1414.0,47.561
12975,4,1769,5484.678679311422,3541.312431179751,,,,1409.0,47.544
12976,4,1770,5485.678679311422,3542.312431179751,,,,1407.0,47.525
12977,4,1771,5486.678679311422,3543.312431179751,,,,1404.0,47.506
12978,4,1772,5487.678679311422,3544.312431179751,,,,1404.0,47.486
12979,4,1773,5488.678679311422,3545.312431179751,,,,1402.0,47.467
12980,4,1774,5489.678679311422,3546.312431179751,,,,1400.0,47.449
12981,4,1775,5490.678679311422,3547.312431179751,,,,1399.0,47.432
12982,4,1776,5491.678679311422,3548.312431179751,,,,1398.0,47.415
12983,4,1777,5492.678679311422,3549.312431179751,,,,1396.0,47.4
12984,4,1778,5493.678679311422,3550.312431179751,,,,1395.0,47.385
12985,4,1779,5494.678679311422,3551.312431179751,,,,1396.0,47.372
12986,4,1780,5495.678679311422,3552.312431179751,,,,1393.0,47.359
12987,4,1781,5496.678679311422,3553.312431179751,,,,1394.0,47.347
12988,4,1782,5497.678679311422,3554.312431179751,,,,1394.0,47.336
12989,4,1783,5498.678679311422,3555.312431179751,,,,1395.0,47.324
12990,4,1784,5499.678679311422,3556.312431179751,,,,1393.0,47.313
12991,4,1785,5500.678679311422,3557.312431179751,,,,1386.0,47.3
12992,4,1786,5501.678679311422,3558.312431179751,,,,1383.0,47.286
12993,4,1787,5502.678679311422,3559.312431179751,,,,1381.0,47.27
12994,4,1788,5503.678679311422,3560.312431179751,,,,1382.0,47.257
12995,4,1789,5504.678679311422,3561.312431179751,,,,1382.0,47.244
12996,4,1790,5505.678679311422,3562.312431179751,,,,1380.0,47.23
12997,4,1791,5506.678679311422,3563.312431179751,,,,1378.0,47.217
12998,4,1792,5507.678679311422,3564.312431179751,,,,1375.0,47.203
12999,4,1793,5508.678679311422,3565.312431179751,,,,1372.0,47.188
13000,4,1794,5509.678679311422,3566.312431179751,,,,1370.0,47.174
13001,4,1795,5510.678679311422,3567.312431179751,,,,1371.0,47.16
13002,4,1796,5511.678679311422,3568.312431179751,,,,1368.0,47.147
13003,4,1797,5512.678679311422,3569.312431179751,,,,1367.0,47.132
13004,4,1798,5513.678679311422,3570.312431179751,,,,1366.0,47.119
13005,4,1799,5514.678679311422,3571.312431179751,,,,1363.0,47.106
13006,4,1800,5515.678679311422,3572.312431179751,,,,1362.0,47.093
13007,4,1801,5516.678679311422,3573.312431179751,,,,1362.0,47.08
13008,4,1802,5517.678679311422,3574.312431179751,,,,1360.0,47.067
13009,4,1803,5518.678679311422,3575.312431179751,,,,1359.0,47.052
13010,4,1804,5519.678679311422,3576.312431179751,,,,1357.0,47.038
13011,4,1805,5520.678679311422,3577.312431179751,,,,1355.0,47.021
13012,4,1806,5521.678679311422,3578.312431179751,,,,1353.0,47.005
13013,4,1807,5522.678679311422,3579.312431179751,,,,1353.0,46.988
13014,4,1808,5523.678679311422,3580.312431179751,,,,1352.0,46.971
13015,4,1809,5524.678679311422,3581.312431179751,,,,1352.0,46.955
13016,4,1810,5525.678679311422,3582.312431179751,,,,1351.0,46.939
13017,4,1811,5526.678679311422,3583.312431179751,,,,1350.0,46.924
13018,4,1812,5527.678679311422,3584.312431179751,,,,1348.0,46.907
13019,4,1813,5528.678679311422,3585.312431179751,,,,1345.0,46.89
13020,4,1814,5529.678679311422,3586.312431179751,,,,1343.0,46.871
13021,4,1815,5530.678679311422,3587.312431179751,,,,1342.0,46.853
13022,4,1816,5531.678679311422,3588.312431179751,,,,1342.0,46.834
13023,4,1817,5532.678679311422,3589.312431179751,,,,1341.0,46.817
13024,4,1818,5533.678679311422,3590.312431179751,,,,1340.0,46.8
13025,4,1819,5534.678679311422,3591.312431179751,,,,1338.0,46.783
13026,4,1820,5535.678679311422,3592.312431179751,,,,1334.0,46.764
13027,4,1821,5536.678679311422,3593.312431179751,,,,1332.0,46.745
13028,4,1822,5537.678679311422,3594.312431179751,,,,1330.0,46.726
13029,4,1823,5538.678679311422,3595.312431179751,,,,1330.0,46.707
13030,4,1824,5539.678679311422,3596.312431179751,,,,1330.0,46.69
13031,4,1825,5540.678679311422,3597.312431179751,,,,1329.0,46.673
13032,4,1826,5541.678679311422,3598.312431179751,,,,1331.0,46.658
13033,4,1827,5542.678679311422,3599.312431179751,,,,1332.0,46.645
13034,4,1828,5543.678679311422,3600.312431179751,,,,1331.0,46.631
13035,4,1829,5544.678679311422,3601.312431179751,,,,1329.0,46.617
13036,4,1830,5545.678679311422,3602.312431179751,,,,1328.0,46.603
13037,4,1831,5546.678679311422,3603.312431179751,,,,1328.0,46.589
13038,4,1832,5547.678679311422,3604.312431179751,,,,1326.0,46.574
13039,4,1833,5548.678679311422,3605.312431179751,,,,1325.0,46.557
13040,4,1834,5549.678679311422,3606.312431179751,,,,1323.0,46.541
13041,4,1835,5550.678679311422,3607.312431179751,,,,1322.0,46.524
13042,4,1836,5551.678679311422,3608.312431179751,,,,1320.0,46.507
13043,4,1837,5552.678679311422,3609.312431179751,,,,1319.0,46.49
13044,4,1838,5553.678679311422,3610.312431179751,,,,1317.0,46.472
13045,4,1839,5554.678679311422,3611.312431179751,,,,1316.0,46.455
13046,4,1840,5555.678679311422,3612.312431179751,,,,1316.0,46.439
13047,4,1841,5556.678679311422,3613.312431179751,,,,1316.0,46.423
13048,4,1842,5557.678679311422,3614.312431179751,,,,1314.0,46.406
13049,4,1843,5558.678679311422,3615.312431179751,,,,1314.0,46.391
13050,4,1844,5559.678679311422,3616.312431179751,,,,1313.0,46.375
13051,4,1845,5560.678679311422,3617.312431179751,,,,1310.0,46.36
13052,4,1846,5561.678679311422,3618.312431179751,,,,1308.0,46.345
13053,4,1847,5562.678679311422,3619.312431179751,,,,1306.0,46.332
13054,4,1848,5563.678679311422,3620.312431179751,,,,1304.0,46.318
13055,4,1849,5564.678679311422,3621.312431179751,,,,1303.0,46.306
13056,4,1850,5565.678679311422,3622.312431179751,,,,1301.0,46.294
13057,4,1851,5566.678679311422,3623.312431179751,,,,1296.0,46.283
13058,4,1852,5567.678679311422,3624.312431179751,,,,1289.0,46.269
13059,4,1853,5568.678679311422,3625.312431179751,,,,1286.0,46.256
13060,4,1854,5569.678679311422,3626.312431179751,,,,1283.0,46.243
13061,4,1855,5570.678679311422,3627.312431179751,,,,1280.0,46.231
13062,4,1856,5571.678679311422,3628.312431179751,,,,1276.0,46.218
13063,4,1857,5572.678679311422,3629.312431179751,,,,1271.0,46.204
13064,4,1858,5573.678679311422,3630.312431179751,,,,1267.0,46.19
13065,4,1859,5574.678679311422,3631.312431179751,,,,1264.0,46.173
13066,4,1860,5575.678679311422,3632.312431179751,,,,1262.0,46.156
13067,4,1861,5576.678679311422,3633.312431179751,,,,1263.0,46.137
13068,4,1862,5577.678679311422,3634.312431179751,,,,1265.0,46.119
13069,4,1863,5578.678679311422,3635.312431179751,,,,1263.0,46.102
13070,4,1864,5579.678679311422,3636.312431179751,,,,1261.0,46.084
13071,4,1865,5580.678679311422,3637.312431179751,,,,1258.0,46.066
13072,4,1866,5581.678679311422,3638.312431179751,,,,1256.0,46.049
13073,4,1867,5582.678679311422,3639.312431179751,,,,1254.0,46.031
13074,4,1868,5583.678679311422,3640.312431179751,,,,1252.0,46.012
13075,4,1869,5584.678679311422,3641.312431179751,,,,1249.0,45.995
13076,4,1870,5585.678679311422,3642.312431179751,,,,1247.0,45.978
13077,4,1871,5586.678679311422,3643.312431179751,,,,1244.0,45.961
13078,4,1872,5587.678679311422,3644.312431179751,,,,1242.0,45.943
13079,4,1873,5588.678679311422,3645.312431179751,,,,1241.0,45.925
13080,4,1874,5589.678679311422,3646.312431179751,,,,1240.0,45.905
13081,4,1875,5590.678679311422,3647.312431179751,,,,1239.0,45.886
13082,4,1876,5591.678679311422,3648.312431179751,,,,1238.0,45.868
13083,4,1877,5592.678679311422,3649.312431179751,,,,1237.0,45.851
13084,4,1878,5593.678679311422,3650.312431179751,,,,1237.0,45.834
13085,4,1879,5594.678679311422,3651.312431179751,,,,1236.0,45.816
13086,4,1880,5595.678679311422,3652.312431179751,,,,1234.0,45.799
13087,4,1881,5596.678679311422,3653.312431179751,,,,1233.0,45.782
13088,4,1882,5597.678679311422,3654.312431179751,,,,1230.0,45.764
13089,4,1883,5598.678679311422,3655.312431179751,,,,1227.0,45.748
13090,4,1884,5599.678679311422,3656.312431179751,,,,1227.0,45.732
13091,4,1885,5600.678679311422,3657.312431179751,,,,1225.0,45.715
13092,4,1886,5601.678679311422,3658.312431179751,,,,1224.0,45.7
13093,4,1887,5602.678679311422,3659.312431179751,,,,1223.0,45.683
13094,4,1888,5603.678679311422,3660.312431179751,,,,1220.0,45.667
13095,4,1889,5604.678679311422,3661.312431179751,,,,1221.0,45.65
13096,4,1890,5605.678679311422,3662.312431179751,,,,1217.0,45.632
13097,4,1891,5606.678679311422,3663.312431179751,,,,1215.0,45.615
13098,4,1892,5607.678679311422,3664.312431179751,,,,1208.0,45.595
13099,4,1893,5608.678679311422,3665.312431179751,,,,1203.0,45.575
13100,4,1894,5609.678679311422,3666.312431179751,,,,1199.0,45.555
13101,4,1895,5610.678679311422,3667.312431179751,,,,1196.0,45.535
13102,4,1896,5611.678679311422,3668.312431179751,,,,1191.0,45.516
13103,4,1897,5612.678679311422,3669.312431179751,,,,1188.0,45.497
13104,4,1898,5613.678679311422,3670.312431179751,,,,1185.0,45.478
13105,4,1899,5614.678679311422,3671.312431179751,,,,1182.0,45.459
13106,4,1900,5615.678679311422,3672.312431179751,,,,1180.0,45.441
13107,4,1901,5616.678679311422,3673.312431179751,,,,1178.0,45.423
13108,4,1902,5617.678679311422,3674.312431179751,,,,1178.0,45.404
13109,4,1903,5618.678679311422,3675.312431179751,,,,1177.0,45.386
13110,4,1904,5619.678679311422,3676.312431179751,,,,1177.0,45.367
13111,4,1905,5620.678679311422,3677.312431179751,,,,1176.0,45.35
13112,4,1906,5621.678679311422,3678.312431179751,,,,1171.0,45.331
13113,4,1907,5622.678679311422,3679.312431179751,,,,1167.0,45.314
13114,4,1908,5623.678679311422,3680.312431179751,,,,1161.0,45.296
13115,4,1909,5624.678679311422,3681.312431179751,,,,1157.0,45.275
13116,4,1910,5625.678679311422,3682.312431179751,,,,1155.0,45.255
13117,4,1911,5626.678679311422,3683.312431179751,,,,1151.0,45.236
13118,4,1912,5627.678679311422,3684.312431179751,,,,1148.0,45.216
13119,4,1913,5628.678679311422,3685.312431179751,,,,1147.0,45.198
13120,4,1914,5629.678679311422,3686.312431179751,,,,1145.0,45.179
13121,4,1915,5630.678679311422,3687.312431179751,,,,1145.0,45.161
13122,4,1916,5631.678679311422,3688.312431179751,,,,1146.0,45.144
13123,4,1917,5632.678679311422,3689.312431179751,,,,1146.0,45.126
13124,4,1918,5633.678679311422,3690.312431179751,,,,1146.0,45.109
13125,4,1919,5634.678679311422,3691.312431179751,,,,1146.0,45.091
13126,4,1920,5635.678679311422,3692.312431179751,,,,1147.0,45.075
13127,4,1921,5636.678679311422,3693.312431179751,,,,1147.0,45.058
13128,4,1922,5637.678679311422,3694.312431179751,,,,1148.0,45.044
13129,4,1923,5638.678679311422,3695.312431179751,,,,1148.0,45.028
13130,4,1924,5639.678679311422,3696.312431179751,,,,1146.0,45.013
13131,4,1925,5640.678679311422,3697.312431179751,,,,1145.0,44.997
13132,4,1926,5641.678679311422,3698.312431179751,,,,1143.0,44.982
13133,4,1927,5642.678679311422,3699.312431179751,,,,1141.0,44.965
13134,4,1928,5643.678679311422,3700.312431179751,,,,1141.0,44.949
13135,4,1929,5644.678679311422,3701.312431179751,,,,1139.0,44.932
13136,4,1930,5645.678679311422,3702.312431179751,,,,1137.0,44.915
13137,4,1931,5646.678679311422,3703.312431179751,,,,1135.0,44.899
13138,4,1932,5647.678679311422,3704.312431179751,,,,1134.0,44.883
13139,4,1933,5648.678679311422,3705.312431179751,,,,1133.0,44.866
13140,4,1934,5649.678679311422,3706.312431179751,,,,1133.0,44.851
13141,4,1935,5650.678679311422,3707.312431179751,,,,1135.0,44.836
13142,4,1936,5651.678679311422,3708.312431179751,,,,1137.0,44.822
13143,4,1937,5652.678679311422,3709.312431179751,,,,1139.0,44.809
13144,4,1938,5653.678679311422,3710.312431179751,,,,1138.0,44.796
13145,4,1939,5654.678679311422,3711.312431179751,,,,1138.0,44.781
13146,4,1940,5655.678679311422,3712.312431179751,,,,1136.0,44.766
13147,4,1941,5656.678679311422,3713.312431179751,,,,1133.0,44.751
13148,4,1942,5657.678679311422,3714.312431179751,,,,1132.0,44.735
13149,4,1943,5658.678679311422,3715.312431179751,,,,1130.0,44.72
13150,4,1944,5659.678679311422,3716.312431179751,,,,1127.0,44.704
13151,4,1945,5660.678679311422,3717.312431179751,,,,1125.0,44.688
13152,4,1946,5661.678679311422,3718.312431179751,,,,1124.0,44.672
13153,4,1947,5662.678679311422,3719.312431179751,,,,1122.0,44.655
13154,4,1948,5663.678679311422,3720.312431179751,,,,1120.0,44.64
13155,4,1949,5664.678679311422,3721.312431179751,,,,1120.0,44.625
13156,4,1950,5665.678679311422,3722.312431179751,,,,1120.0,44.61
13157,4,1951,5666.678679311422,3723.312431179751,,,,1122.0,44.596
13158,4,1952,5667.678679311422,3724.312431179751,,,,1124.0,44.581
13159,4,1953,5668.678679311422,3725.312431179751,,,,1124.0,44.567
13160,4,1954,5669.678679311422,3726.312431179751,,,,1123.0,44.552
13161,4,1955,5670.678679311422,3727.312431179751,,,,1121.0,44.538
13162,4,1956,5671.678679311422,3728.312431179751,,,,1120.0,44.523
13163,4,1957,5672.678679311422,3729.312431179751,,,,1117.0,44.506
13164,4,1958,5673.678679311422,3730.312431179751,,,,1114.0,44.488
13165,4,1959,5674.678679311422,3731.312431179751,,,,1111.0,44.47
13166,4,1960,5675.678679311422,3732.312431179751,,,,1110.0,44.454
13167,4,1961,5676.678679311422,3733.312431179751,,,,1109.0,44.439
13168,4,1962,5677.678679311422,3734.312431179751,,,,1111.0,44.424
13169,4,1963,5678.678679311422,3735.312431179751,,,,1113.0,44.409
13170,4,1964,5679.678679311422,3736.312431179751,,,,1113.0,44.393
13171,4,1965,5680.678679311422,3737.312431179751,,,,1110.0,44.38
13172,4,1966,5681.678679311422,3738.312431179751,,,,1105.0,44.367
13173,4,1967,5682.678679311422,3739.312431179751,,,,1102.0,44.355
13174,4,1968,5683.678679311422,3740.312431179751,,,,1100.0,44.345
13175,4,1969,5684.678679311422,3741.312431179751,,,,1099.0,44.335
13176,4,1970,5685.678679311422,3742.312431179751,,,,1098.0,44.326
13177,4,1971,5686.678679311422,3743.312431179751,,,,1097.0,44.317
13178,4,1972,5687.678679311422,3744.312431179751,,,,1099.0,44.306
13179,4,1973,5688.678679311422,3745.312431179751,,,,1101.0,44.296
13180,4,1974,5689.678679311422,3746.312431179751,,,,1100.0,44.285
13181,4,1975,5690.678679311422,3747.312431179751,,,,1099.0,44.272
13182,4,1976,5691.678679311422,3748.312431179751,,,,1097.0,44.258
13183,4,1977,5692.678679311422,3749.312431179751,,,,1093.0,44.242
13184,4,1978,5693.678679311422,3750.312431179751,,,,1090.0,44.224
13185,4,1979,5694.678679311422,3751.312431179751,,,,1090.0,44.207
13186,4,1980,5695.678679311422,3752.312431179751,,,,1089.0,44.192
13187,4,1981,5696.678679311422,3753.312431179751,,,,1088.0,44.177
13188,4,1982,5697.678679311422,3754.312431179751,,,,1086.0,44.161
13189,4,1983,5698.678679311422,3755.312431179751,,,,1086.0,44.148
13190,4,1984,5699.678679311422,3756.312431179751,,,,1087.0,44.132
13191,4,1985,5700.678679311422,3757.312431179751,,,,1088.0,44.118
13192,4,1986,5701.678679311422,3758.312431179751,,,,1088.0,44.103
13193,4,1987,5702.678679311422,3759.312431179751,,,,1087.0,44.087
13194,4,1988,5703.678679311422,3760.312431179751,,,,1086.0,44.071
13195,4,1989,5704.678679311422,3761.312431179751,,,,1088.0,44.055
13196,4,1990,5705.678679311422,3762.312431179751,,,,1089.0,44.038
13197,4,1991,5706.678679311422,3763.312431179751,,,,1090.0,44.022
13198,4,1992,5707.678679311422,3764.312431179751,,,,1090.0,44.005
13199,4,1993,5708.678679311422,3765.312431179751,,,,1090.0,43.989
13200,4,1994,5709.678679311422,3766.312431179751,,,,1090.0,43.974
13201,4,1995,5710.678679311422,3767.312431179751,,,,1089.0,43.959
13202,4,1996,5711.678679311422,3768.312431179751,,,,1089.0,43.943
13203,4,1997,5712.678679311422,3769.312431179751,,,,1088.0,43.929
13204,4,1998,5713.678679311422,3770.312431179751,,,,1087.0,43.912
13205,4,1999,5714.678679311422,3771.312431179751,,,,1084.0,43.896
13206,4,2000,5715.678679311422,3772.312431179751,,,,1084.0,43.879
13207,4,2001,5716.678679311422,3773.312431179751,,,,1083.0,43.864
13208,4,2002,5717.678679311422,3774.312431179751,,,,1084.0,43.847
13209,4,2003,5718.678679311422,3775.312431179751,,,,1083.0,43.831
13210,4,2004,5719.678679311422,3776.312431179751,,,,1085.0,43.814
13211,4,2005,5720.678679311422,3777.312431179751,,,,1086.0,43.796
13212,4,2006,5721.678679311422,3778.312431179751,,,,1084.0,43.78
13213,4,2007,5722.678679311422,3779.312431179751,,,,1083.0,43.762
13214,4,2008,5723.678679311422,3780.312431179751,,,,1083.0,43.747
13215,4,2009,5724.678679311422,3781.312431179751,,,,1083.0,43.73
13216,4,2010,5725.678679311422,3782.312431179751,,,,1082.0,43.715
13217,4,2011,5726.678679311422,3783.312431179751,,,,1081.0,43.7
13218,4,2012,5727.678679311422,3784.312431179751,,,,1078.0,43.683
13219,4,2013,5728.678679311422,3785.312431179751,,,,1076.0,43.667
13220,4,2014,5729.678679311422,3786.312431179751,,,,1075.0,43.652
13221,4,2015,5730.678679311422,3787.312431179751,,,,1074.0,43.637
13222,4,2016,5731.678679311422,3788.312431179751,,,,1074.0,43.623
13223,4,2017,5732.678679311422,3789.312431179751,,,,1072.0,43.608
13224,4,2018,5733.678679311422,3790.312431179751,,,,1073.0,43.591
13225,4,2019,5734.678679311422,3791.312431179751,,,,1072.0,43.574
13226,4,2020,5735.678679311422,3792.312431179751,,,,1073.0,43.559
13227,4,2021,5736.678679311422,3793.312431179751,,,,1072.0,43.543
13228,4,2022,5737.678679311422,3794.312431179751,,,,1071.0,43.526
13229,5,1,5738.678679311422,3795.312431179751,,,,1070.0,43.51
13230,5,2,5739.678679311422,3796.312431179751,,,,1068.0,43.492
13231,5,3,5740.678679311422,3797.312431179751,,,,1068.0,43.474
13232,5,4,5741.678679311422,3798.312431179751,,,,1066.0,43.457
13233,5,5,5742.678679311422,3799.312431179751,,,,1065.0,43.44
13234,5,6,5743.678679311422,3800.312431179751,,,,1065.0,43.423
13235,5,7,5744.678679311422,3801.312431179751,,,,1063.0,43.404
13236,5,8,5745.678679311422,3802.312431179751,,,,1061.0,43.386
13237,5,9,5746.678679311422,3803.312431179751,,,,1059.0,43.368
13238,5,10,5747.678679311422,3804.312431179751,,,,1057.0,43.348
13239,5,11,5748.678679311422,3805.312431179751,,,,1055.0,43.329
13240,5,12,5749.678679311422,3806.312431179751,,,,1054.0,43.312
13241,5,13,5750.678679311422,3807.312431179751,,,,1053.0,43.294
13242,5,14,5751.678679311422,3808.312431179751,,,,1053.0,43.276
13243,5,15,5752.678679311422,3809.312431179751,,,,1051.0,43.258
13244,5,16,5753.678679311422,3810.312431179751,,,,1049.0,43.24
13245,5,17,5754.678679311422,3811.312431179751,,,,1047.0,43.221
13246,5,18,5755.678679311422,3812.312431179751,,,,1046.0,43.203
13247,5,19,5756.678679311422,3813.312431179751,,,,1045.0,43.185
13248,5,20,5757.678679311422,3814.312431179751,,,,1044.0,43.168
13249,5,21,5758.678679311422,3815.312431179751,,,,1043.0,43.151
13250,5,22,5759.678679311422,3816.312431179751,,,,1040.0,43.133
13251,5,23,5760.678679311422,3817.312431179751,,,,1039.0,43.115
13252,5,24,5761.678679311422,3818.312431179751,,,,1036.0,43.096
13253,5,25,5762.678679311422,3819.312431179751,,,,1035.0,43.076
13254,5,26,5763.678679311422,3820.312431179751,,,,1032.0,43.057
13255,5,27,5764.678679311422,3821.312431179751,,,,1032.0,43.039
13256,5,28,5765.678679311422,3822.312431179751,,,,1032.0,43.022
13257,5,29,5766.678679311422,3823.312431179751,,,,1030.0,43.005
13258,5,30,5767.678679311422,3824.312431179751,,,,1028.0,42.989
13259,5,31,5768.678679311422,3825.312431179751,,,,1027.0,42.971
13260,5,32,5769.678679311422,3826.312431179751,,,,1025.0,42.955
13261,5,33,5770.678679311422,3827.312431179751,,,,1022.0,42.937
13262,5,34,5771.678679311422,3828.312431179751,,,,1019.0,42.917
13263,5,35,5772.678679311422,3829.312431179751,,,,1018.0,42.899
13264,5,36,5773.678679311422,3830.312431179751,,,,1017.0,42.882
13265,5,37,5774.678679311422,3831.312431179751,,,,1016.0,42.865
13266,5,38,5775.678679311422,3832.312431179751,,,,1015.0,42.848
13267,5,39,5776.678679311422,3833.312431179751,,,,1014.0,42.831
13268,5,40,5777.678679311422,3834.312431179751,,,,1013.0,42.815
13269,5,41,5778.678679311422,3835.312431179751,,,,1011.0,42.798
13270,5,42,5779.678679311422,3836.312431179751,,,,1010.0,42.781
13271,5,43,5780.678679311422,3837.312431179751,,,,1008.0,42.764
13272,5,44,5781.678679311422,3838.312431179751,,,,1008.0,42.747
13273,5,45,5782.678679311422,3839.312431179751,,,,1006.0,42.732
13274,5,46,5783.678679311422,3840.312431179751,,,,1005.0,42.716
13275,5,47,5784.678679311422,3841.312431179751,,,,1005.0,42.7
13276,5,48,5785.678679311422,3842.312431179751,,,,1003.0,42.683
13277,5,49,5786.678679311422,3843.312431179751,,,,1001.0,42.666
13278,5,50,5787.678679311422,3844.312431179751,,,,1000.0,42.65
13279,5,51,5788.678679311422,3845.312431179751,,,,999.0,42.633
13280,5,52,5789.678679311422,3846.312431179751,,,,998.0,42.618
13281,5,53,5790.678679311422,3847.312431179751,,,,999.0,42.602
13282,5,54,5791.678679311422,3848.312431179751,,,,998.0,42.587
13283,5,55,5792.678679311422,3849.312431179751,,,,997.0,42.573
13284,5,56,5793.678679311422,3850.312431179751,,,,996.0,42.557
13285,5,57,5794.678679311422,3851.312431179751,,,,995.0,42.542
13286,5,58,5795.678679311422,3852.312431179751,,,,994.0,42.527
13287,5,59,5796.678679311422,3853.312431179751,,,,995.0,42.51
13288,5,60,5797.678679311422,3854.312431179751,,,,998.0,42.494
13289,5,61,5798.678679311422,3855.312431179751,,,,999.0,42.479
13290,5,62,5799.678679311422,3856.312431179751,,,,1002.0,42.463
13291,5,63,5800.678679311422,3857.312431179751,,,,1003.0,42.448
13292,5,64,5801.678679311422,3858.312431179751,,,,1004.0,42.431
13293,5,65,5802.678679311422,3859.312431179751,,,,1005.0,42.416
13294,5,66,5803.678679311422,3860.312431179751,,,,1006.0,42.401
13295,5,67,5804.678679311422,3861.312431179751,,,,1008.0,42.386
13296,5,68,5805.678679311422,3862.312431179751,,,,1010.0,42.371
13297,5,69,5806.678679311422,3863.312431179751,,,,1010.0,42.355
13298,5,70,5807.678679311422,3864.312431179751,,,,1011.0,42.339
13299,5,71,5808.678679311422,3865.312431179751,,,,1011.0,42.323
13300,5,72,5809.678679311422,3866.312431179751,,,,1012.0,42.307
13301,5,73,5810.678679311422,3867.312431179751,,,,1012.0,42.291
13302,5,74,5811.678679311422,3868.312431179751,,,,1013.0,42.274
13303,5,75,5812.678679311422,3869.312431179751,,,,1014.0,42.258
13304,5,76,5813.678679311422,3870.312431179751,,,,1016.0,42.242
13305,5,77,5814.678679311422,3871.312431179751,,,,1017.0,42.225
13306,5,78,5815.678679311422,3872.312431179751,,,,1017.0,42.209
13307,5,79,5816.678679311422,3873.312431179751,,,,1015.0,42.193
13308,5,80,5817.678679311422,3874.312431179751,,,,1015.0,42.177
13309,5,81,5818.678679311422,3875.312431179751,,,,1013.0,42.16
13310,5,82,5819.678679311422,3876.312431179751,,,,1012.0,42.145
13311,5,83,5820.678679311422,3877.312431179751,,,,1009.0,42.129
13312,5,84,5821.678679311422,3878.312431179751,,,,1006.0,42.112
13313,5,85,5822.678679311422,3879.312431179751,,,,1003.0,42.093
13314,5,86,5823.678679311422,3880.312431179751,,,,1000.0,42.076
13315,5,87,5824.678679311422,3881.312431179751,,,,996.0,42.058
13316,5,88,5825.678679311422,3882.312431179751,,,,993.0,42.041
13317,5,89,5826.678679311422,3883.312431179751,,,,989.0,42.022
13318,5,90,5827.678679311422,3884.312431179751,,,,987.0,42.004
13319,5,91,5828.678679311422,3885.312431179751,,,,984.0,41.986
13320,5,92,5829.678679311422,3886.312431179751,,,,982.0,41.967
13321,5,93,5830.678679311422,3887.312431179751,,,,981.0,41.951
13322,5,94,5831.678679311422,3888.312431179751,,,,981.0,41.935
13323,5,95,5832.678679311422,3889.312431179751,,,,981.0,41.921
13324,5,96,5833.678679311422,3890.312431179751,,,,977.0,41.908
13325,5,97,5834.678679311422,3891.312431179751,,,,975.0,41.896
13326,5,98,5835.678679311422,3892.312431179751,,,,972.0,41.884
13327,5,99,5836.678679311422,3893.312431179751,,,,970.0,41.872
13328,5,100,5837.678679311422,3894.312431179751,,,,967.0,41.86
13329,5,101,5838.678679311422,3895.312431179751,,,,965.0,41.847
13330,5,102,5839.678679311422,3896.312431179751,,,,963.0,41.834
13331,5,103,5840.678679311422,3897.312431179751,,,,961.0,41.817
13332,5,104,5841.678679311422,3898.312431179751,,,,959.0,41.801
13333,5,105,5842.678679311422,3899.312431179751,,,,956.0,41.785
13334,5,106,5843.678679311422,3900.312431179751,,,,954.0,41.769
13335,5,107,5844.678679311422,3901.312431179751,,,,953.0,41.754
13336,5,108,5845.678679311422,3902.312431179751,,,,952.0,41.74
13337,5,109,5846.678679311422,3903.312431179751,,,,951.0,41.727
13338,5,110,5847.678679311422,3904.312431179751,,,,951.0,41.714
13339,5,111,5848.678679311422,3905.312431179751,,,,948.0,41.701
13340,5,112,5849.678679311422,3906.312431179751,,,,946.0,41.688
13341,5,113,5850.678679311422,3907.312431179751,,,,944.0,41.673
13342,5,114,5851.678679311422,3908.312431179751,,,,943.0,41.659
13343,5,115,5852.678679311422,3909.312431179751,,,,942.0,41.646
13344,5,116,5853.678679311422,3910.312431179751,,,,940.0,41.631
13345,5,117,5854.678679311422,3911.312431179751,,,,940.0,41.618
13346,5,118,5855.678679311422,3912.312431179751,,,,940.0,41.606
13347,5,119,5856.678679311422,3913.312431179751,,,,938.0,41.592
13348,5,120,5857.678679311422,3914.312431179751,,,,938.0,41.58
13349,5,121,5858.678679311422,3915.312431179751,,,,937.0,41.566
13350,5,122,5859.678679311422,3916.312431179751,,,,936.0,41.555
13351,5,123,5860.678679311422,3917.312431179751,,,,936.0,41.542
13352,5,124,5861.678679311422,3918.312431179751,,,,933.0,41.529
13353,5,125,5862.678679311422,3919.312431179751,,,,932.0,41.516
13354,5,126,5863.678679311422,3920.312431179751,,,,931.0,41.502
13355,5,127,5864.678679311422,3921.312431179751,,,,929.0,41.489
13356,5,128,5865.678679311422,3922.312431179751,,,,926.0,41.475
13357,5,129,5866.678679311422,3923.312431179751,,,,926.0,41.462
13358,5,130,5867.678679311422,3924.312431179751,,,,925.0,41.449
13359,5,131,5868.678679311422,3925.312431179751,,,,925.0,41.437
13360,5,132,5869.678679311422,3926.312431179751,,,,925.0,41.425
13361,5,133,5870.678679311422,3927.312431179751,,,,924.0,41.413
13362,5,134,5871.678679311422,3928.312431179751,,,,923.0,41.401
13363,5,135,5872.678679311422,3929.312431179751,,,,922.0,41.39
13364,5,136,5873.678679311422,3930.312431179751,,,,921.0,41.378
13365,5,137,5874.678679311422,3931.312431179751,,,,921.0,41.365
13366,5,138,5875.678679311422,3932.312431179751,,,,920.0,41.353
13367,5,139,5876.678679311422,3933.312431179751,,,,920.0,41.341
13368,5,140,5877.678679311422,3934.312431179751,,,,919.0,41.328
13369,5,141,5878.678679311422,3935.312431179751,,,,918.0,41.316
13370,5,142,5879.678679311422,3936.312431179751,,,,918.0,41.302
13371,5,143,5880.678679311422,3937.312431179751,,,,918.0,41.29
13372,5,144,5881.678679311422,3938.312431179751,,,,916.0,41.277
13373,5,145,5882.678679311422,3939.312431179751,,,,915.0,41.263
13374,5,146,5883.678679311422,3940.312431179751,,,,916.0,41.25
13375,5,147,5884.678679311422,3941.312431179751,,,,914.0,41.236
13376,5,148,5885.678679311422,3942.312431179751,,,,914.0,41.222
13377,5,149,5886.678679311422,3943.312431179751,,,,915.0,41.207
13378,5,150,5887.678679311422,3944.312431179751,,,,914.0,41.194
13379,5,151,5888.678679311422,3945.312431179751,,,,912.0,41.179
13380,5,152,5889.678679311422,3946.312431179751,,,,911.0,41.164
13381,5,153,5890.678679311422,3947.312431179751,,,,911.0,41.15
13382,5,154,5891.678679311422,3948.312431179751,,,,910.0,41.134
13383,5,155,5892.678679311422,3949.312431179751,,,,910.0,41.118
13384,5,156,5893.678679311422,3950.312431179751,,,,908.0,41.101
13385,5,157,5894.678679311422,3951.312431179751,,,,907.0,41.083
13386,5,158,5895.678679311422,3952.312431179751,,,,905.0,41.066
13387,5,159,5896.678679311422,3953.312431179751,,,,905.0,41.048
13388,5,160,5897.678679311422,3954.312431179751,,,,904.0,41.031
13389,5,161,5898.678679311422,3955.312431179751,,,,903.0,41.015
13390,5,162,5899.678679311422,3956.312431179751,,,,903.0,40.998
13391,5,163,5900.678679311422,3957.312431179751,,,,904.0,40.982
13392,5,164,5901.678679311422,3958.312431179751,,,,904.0,40.967
13393,5,165,5902.678679311422,3959.312431179751,,,,902.0,40.952
13394,5,166,5903.678679311422,3960.312431179751,,,,901.0,40.935
13395,5,167,5904.678679311422,3961.312431179751,,,,899.0,40.917
13396,5,168,5905.678679311422,3962.312431179751,,,,899.0,40.897
13397,5,169,5906.678679311422,3963.312431179751,,,,900.0,40.879
13398,5,170,5907.678679311422,3964.312431179751,,,,898.0,40.86
13399,5,171,5908.678679311422,3965.312431179751,,,,897.0,40.842
13400,5,172,5909.678679311422,3966.312431179751,,,,894.0,40.823
13401,5,173,5910.678679311422,3967.312431179751,,,,891.0,40.806
13402,5,174,5911.678679311422,3968.312431179751,,,,889.0,40.79
13403,5,175,5912.678679311422,3969.312431179751,,,,886.0,40.775
13404,5,176,5913.678679311422,3970.312431179751,,,,884.0,40.762
13405,5,177,5914.678679311422,3971.312431179751,,,,882.0,40.749
13406,5,178,5915.678679311422,3972.312431179751,,,,880.0,40.738
13407,5,179,5916.678679311422,3973.312431179751,,,,878.0,40.726
13408,5,180,5917.678679311422,3974.312431179751,,,,876.0,40.715
13409,5,181,5918.678679311422,3975.312431179751,,,,875.0,40.704
13410,5,182,5919.678679311422,3976.312431179751,,,,872.0,40.692
13411,5,183,5920.678679311422,3977.312431179751,,,,871.0,40.682
13412,5,184,5921.678679311422,3978.312431179751,,,,870.0,40.672
13413,5,185,5922.678679311422,3979.312431179751,,,,870.0,40.662
13414,5,186,5923.678679311422,3980.312431179751,,,,869.0,40.653
13415,5,187,5924.678679311422,3981.312431179751,,,,867.0,40.645
13416,5,188,5925.678679311422,3982.312431179751,,,,866.0,40.636
13417,5,189,5926.678679311422,3983.312431179751,,,,865.0,40.628
13418,5,190,5927.678679311422,3984.312431179751,,,,861.0,40.62
13419,5,191,5928.678679311422,3985.312431179751,,,,858.0,40.611
13420,5,192,5929.678679311422,3986.312431179751,,,,856.0,40.601
13421,5,193,5930.678679311422,3987.312431179751,,,,853.0,40.591
13422,5,194,5931.678679311422,3988.312431179751,,,,852.0,40.581
13423,5,195,5932.678679311422,3989.312431179751,,,,852.0,40.573
13424,5,196,5933.678679311422,3990.312431179751,,,,851.0,40.564
13425,5,197,5934.678679311422,3991.312431179751,,,,851.0,40.557
13426,5,198,5935.678679311422,3992.312431179751,,,,851.0,40.549
13427,5,199,5936.678679311422,3993.312431179751,,,,848.0,40.543
13428,5,200,5937.678679311422,3994.312431179751,,,,846.0,40.537
13429,5,201,5938.678679311422,3995.312431179751,,,,845.0,40.531
13430,5,202,5939.678679311422,3996.312431179751,,,,843.0,40.524
13431,5,203,5940.678679311422,3997.312431179751,,,,841.0,40.517
13432,5,204,5941.678679311422,3998.312431179751,,,,838.0,40.508
13433,5,205,5942.678679311422,3999.312431179751,,,,836.0,40.499
13434,5,206,5943.678679311422,4000.312431179751,,,,834.0,40.489
13435,5,207,5944.678679311422,4001.312431179751,,,,833.0,40.48
13436,5,208,5945.678679311422,4002.312431179751,,,,833.0,40.471
13437,5,209,5946.678679311422,4003.312431179751,,,,834.0,40.464
13438,5,210,5947.678679311422,4004.312431179751,,,,833.0,40.457
13439,5,211,5948.678679311422,4005.312431179751,,,,835.0,40.452
13440,5,212,5949.678679311422,4006.312431179751,,,,838.0,40.448
13441,5,213,5950.678679311422,4007.312431179751,,,,840.0,40.445
13442,5,214,5951.678679311422,4008.312431179751,,,,842.0,40.444
13460,5,232,5969.678679311422,4026.312431179751,,,,844.0,40.44
13461,5,233,5970.678679311422,4027.312431179751,,,,845.0,40.422
13462,5,234,5971.678679311422,4028.312431179751,,,,844.0,40.403
13463,5,235,5972.678679311422,4029.312431179751,,,,845.0,40.385
13464,5,236,5973.678679311422,4030.312431179751,,,,849.0,40.368
13465,5,237,5974.678679311422,4031.312431179751,,,,852.0,40.352
13466,5,238,5975.678679311422,4032.312431179751,,,,857.0,40.338
13467,5,239,5976.678679311422,4033.312431179751,,,,859.0,40.328
13468,5,240,5977.678679311422,4034.312431179751,,,,855.0,40.323
13480,5,252,5989.678679311422,4046.312431179751,,,,875.0,40.322
13481,5,253,5990.678679311422,4047.312431179751,,,,878.0,40.302
13482,5,254,5991.678679311422,4048.312431179751,,,,880.0,40.284
13483,5,255,5992.678679311422,4049.312431179751,,,,881.0,40.27
13484,5,256,5993.678679311422,4050.312431179751,,,,883.0,40.262
13485,5,257,5994.678679311422,4051.312431179751,,,,886.0,40.257
13498,5,270,6007.678679311422,4064.312431179751,,,,905.0,40.246
13499,5,271,6008.678679311422,4065.312431179751,,,,906.0,40.229
13500,5,272,6009.678679311422,4066.312431179751,,,,907.0,40.21
13501,5,273,6010.678679311422,4067.312431179751,,,,908.0,40.194
13502,5,274,6011.678679311422,4068.312431179751,,,,909.0,40.176
13503,5,275,6012.678679311422,4069.312431179751,,,,907.0,40.162
13504,5,276,6013.678679311422,4070.312431179751,,,,909.0,40.152
13505,5,277,6014.678679311422,4071.312431179751,,,,912.0,40.145
13506,5,278,6015.678679311422,4072.312431179751,,,,916.0,40.143
13521,5,293,6030.678679311422,4087.312431179751,,,,934.0,40.136
13522,5,294,6031.678679311422,4088.312431179751,,,,938.0,40.121
13523,5,295,6032.678679311422,4089.312431179751,,,,940.0,40.105
13524,5,296,6033.678679311422,4090.312431179751,,,,940.0,40.088
13525,5,297,6034.678679311422,4091.312431179751,,,,939.0,40.07
13526,5,298,6035.678679311422,4092.312431179751,,,,939.0,40.052
13527,5,299,6036.678679311422,4093.312431179751,,,,941.0,40.037
13528,5,300,6037.678679311422,4094.312431179751,,,,943.0,40.024
13529,5,301,6038.678679311422,4095.312431179751,,,,947.0,40.017
13530,5,302,6039.678679311422,4096.312431179751,,,,949.0,40.012
13531,5,303,6040.678679311422,4097.312431179751,,,,952.0,40.011
13550,5,322,6059.678679311422,4116.312431179751,,,,973.0,40.005
13551,5,323,6060.678679311422,4117.312431179751,,,,972.0,39.989
13552,5,324,6061.678679311422,4118.312431179751,,,,972.0,39.971
13553,5,325,6062.678679311422,4119.312431179751,,,,971.0,39.952
13554,5,326,6063.678679311422,4120.312431179751,,,,970.0,39.933
13555,5,327,6064.678679311422,4121.312431179751,,,,971.0,39.918
13556,5,328,6065.678679311422,4122.312431179751,,,,974.0,39.905
13557,5,329,6066.678679311422,4123.312431179751,,,,977.0,39.896
13558,5,330,6067.678679311422,4124.312431179751,,,,979.0,39.891
13580,5,352,6089.678679311422,4146.312431179751,,,,993.0,39.882
13581,5,353,6090.678679311422,4147.312431179751,,,,995.0,39.866
13582,5,354,6091.678679311422,4148.312431179751,,,,995.0,39.851
13583,5,355,6092.678679311422,4149.312431179751,,,,996.0,39.837
13584,5,356,6093.678679311422,4150.312431179751,,,,997.0,39.826
13585,5,357,6094.678679311422,4151.312431179751,,,,998.0,39.818
13586,5,358,6095.678679311422,4152.312431179751,,,,998.0,39.815
13665,5,437,6174.678679311422,4231.312431179751,,,,1017.0,39.806
13666,5,438,6175.678679311422,4232.312431179751,,,,1018.0,39.787
13667,5,439,6176.678679311422,4233.312431179751,,,,1018.0,39.768
13668,5,440,6177.678679311422,4234.312431179751,,,,1018.0,39.75
13669,5,441,6178.678679311422,4235.312431179751,,,,1018.0,39.734
13670,5,442,6179.678679311422,4236.312431179751,,,,1018.0,39.721
13671,5,443,6180.678679311422,4237.312431179751,,,,1019.0,39.708
13672,5,444,6181.678679311422,4238.312431179751,,,,1020.0,39.697
13673,5,445,6182.678679311422,4239.312431179751,,,,1019.0,39.688
13674,5,446,6183.678679311422,4240.312431179751,,,,1020.0,39.68
13675,5,447,6184.678679311422,4241.312431179751,,,,1022.0,39.677
13710,5,482,6219.678679311422,4276.312431179751,,,,1027.0,39.665
13711,5,483,6220.678679311422,4277.312431179751,,,,1026.0,39.649
13712,5,484,6221.678679311422,4278.312431179751,,,,1023.0,39.635
13713,5,485,6222.678679311422,4279.312431179751,,,,1022.0,39.624
13714,5,486,6223.678679311422,4280.312431179751,,,,1025.0,39.616
13715,5,487,6224.678679311422,4281.312431179751,,,,1030.0,39.61
13716,5,488,6225.678679311422,4282.312431179751,,,,1030.0,39.606
13717,5,489,6226.678679311422,4283.312431179751,,,,1030.0,39.605
13718,5,490,6227.678679311422,4284.312431179751,,,,1032.0,39.604
13738,5,510,6247.678679311422,4304.312431179751,,,,1051.0,39.597
13739,5,511,6248.678679311422,4305.312431179751,,,,1052.0,39.58
13740,5,512,6249.678679311422,4306.312431179751,,,,1052.0,39.565
13741,5,513,6250.678679311422,4307.312431179751,,,,1050.0,39.552
13742,5,514,6251.678679311422,4308.312431179751,,,,1048.0,39.541
13743,5,515,6252.678679311422,4309.312431179751,,,,1048.0,39.532
13744,5,516,6253.678679311422,4310.312431179751,,,,1050.0,39.527
13770,5,542,6279.678679311422,4336.312431179751,,,,1064.0,39.513
13771,5,543,6280.678679311422,4337.312431179751,,,,1064.0,39.497
13772,5,544,6281.678679311422,4338.312431179751,,,,1064.0,39.484
13773,5,545,6282.678679311422,4339.312431179751,,,,1064.0,39.474
13774,5,546,6283.678679311422,4340.312431179751,,,,1064.0,39.47
14760,5,1532,7269.678679311422,5326.312431179751,,,,1373.0,39.461
14761,5,1533,7270.678679311422,5327.312431179751,,,,1371.0,39.443
14762,5,1534,7271.678679311422,5328.312431179751,,,,1371.0,39.423
14763,5,1535,7272.678679311422,5329.312431179751,,,,1372.0,39.403
14764,5,1536,7273.678679311422,5330.312431179751,,,,1371.0,39.385
14765,5,1537,7274.678679311422,5331.312431179751,,,,1371.0,39.366
14766,5,1538,7275.678679311422,5332.312431179751,,,,1372.0,39.347
14767,5,1539,7276.678679311422,5333.312431179751,,,,1370.0,39.33
14768,5,1540,7277.678679311422,5334.312431179751,,,,1369.0,39.312
14769,5,1541,7278.678679311422,5335.312431179751,,,,1370.0,39.295
14770,5,1542,7279.678679311422,5336.312431179751,,,,1369.0,39.277
14771,5,1543,7280.678679311422,5337.312431179751,,,,1365.0,39.26
14772,5,1544,7281.678679311422,5338.312431179751,,,,1360.0,39.241
14773,5,1545,7282.678679311422,5339.312431179751,,,,1356.0,39.223
14774,5,1546,7283.678679311422,5340.312431179751,,,,1354.0,39.205
14775,5,1547,7284.678679311422,5341.312431179751,,,,1354.0,39.189
14776,5,1548,7285.678679311422,5342.312431179751,,,,1354.0,39.172
14777,5,1549,7286.678679311422,5343.312431179751,,,,1352.0,39.156
14778,5,1550,7287.678679311422,5344.312431179751,,,,1350.0,39.138
14779,5,1551,7288.678679311422,5345.312431179751,,,,1347.0,39.12
14780,5,1552,7289.678679311422,5346.312431179751,,,,1344.0,39.102
14781,5,1553,7290.678679311422,5347.312431179751,,,,1343.0,39.084
14782,5,1554,7291.678679311422,5348.312431179751,,,,1340.0,39.067
14783,5,1555,7292.678679311422,5349.312431179751,,,,1337.0,39.049
14784,5,1556,7293.678679311422,5350.312431179751,,,,1335.0,39.031
14785,5,1557,7294.678679311422,5351.312431179751,,,,1332.0,39.013
14786,5,1558,7295.678679311422,5352.312431179751,,,,1331.0,38.996
14787,5,1559,7296.678679311422,5353.312431179751,,,,1329.0,38.978
14788,5,1560,7297.678679311422,5354.312431179751,,,,1328.0,38.962
14789,5,1561,7298.678679311422,5355.312431179751,,,,1326.0,38.945
14790,5,1562,7299.678679311422,5356.312431179751,,,,1324.0,38.928
14791,5,1563,7300.678679311422,5357.312431179751,,,,1322.0,38.91
14792,5,1564,7301.678679311422,5358.312431179751,,,,1320.0,38.892
14793,5,1565,7302.678679311422,5359.312431179751,,,,1320.0,38.875
14794,5,1566,7303.678679311422,5360.312431179751,,,,1318.0,38.856
14795,5,1567,7304.678679311422,5361.312431179751,,,,1319.0,38.838
14796,5,1568,7305.678679311422,5362.312431179751,,,,1318.0,38.821
14797,5,1569,7306.678679311422,5363.312431179751,,,,1317.0,38.804
14798,5,1570,7307.678679311422,5364.312431179751,,,,1312.0,38.786
14799,5,1571,7308.678679311422,5365.312431179751,,,,1308.0,38.768
14800,5,1572,7309.678679311422,5366.312431179751,,,,1303.0,38.749
14801,5,1573,7310.678679311422,5367.312431179751,,,,1301.0,38.73
14802,5,1574,7311.678679311422,5368.312431179751,,,,1300.0,38.712
14803,5,1575,7312.678679311422,5369.312431179751,,,,1301.0,38.696
14804,5,1576,7313.678679311422,5370.312431179751,,,,1300.0,38.68
14805,5,1577,7314.678679311422,5371.312431179751,,,,1299.0,38.664
14806,5,1578,7315.678679311422,5372.312431179751,,,,1296.0,38.647
14807,5,1579,7316.678679311422,5373.312431179751,,,,1294.0,38.629
14808,5,1580,7317.678679311422,5374.312431179751,,,,1290.0,38.61
14809,5,1581,7318.678679311422,5375.312431179751,,,,1286.0,38.59
14810,5,1582,7319.678679311422,5376.312431179751,,,,1284.0,38.57
14811,5,1583,7320.678679311422,5377.312431179751,,,,1283.0,38.553
14812,5,1584,7321.678679311422,5378.312431179751,,,,1281.0,38.536
14813,5,1585,7322.678679311422,5379.312431179751,,,,1280.0,38.52
14814,5,1586,7323.678679311422,5380.312431179751,,,,1280.0,38.504
14815,5,1587,7324.678679311422,5381.312431179751,,,,1277.0,38.488
14816,5,1588,7325.678679311422,5382.312431179751,,,,1273.0,38.469
14817,5,1589,7326.678679311422,5383.312431179751,,,,1270.0,38.45
14818,5,1590,7327.678679311422,5384.312431179751,,,,1268.0,38.431
14819,5,1591,7328.678679311422,5385.312431179751,,,,1267.0,38.414
14820,5,1592,7329.678679311422,5386.312431179751,,,,1267.0,38.397
14821,5,1593,7330.678679311422,5387.312431179751,,,,1268.0,38.381
14822,5,1594,7331.678679311422,5388.312431179751,,,,1270.0,38.366
14823,5,1595,7332.678679311422,5389.312431179751,,,,1269.0,38.352
14824,5,1596,7333.678679311422,5390.312431179751,,,,1268.0,38.337
14825,5,1597,7334.678679311422,5391.312431179751,,,,1268.0,38.321
14826,5,1598,7335.678679311422,5392.312431179751,,,,1265.0,38.304
14827,5,1599,7336.678679311422,5393.312431179751,,,,1264.0,38.285
14828,5,1600,7337.678679311422,5394.312431179751,,,,1264.0,38.267
14829,5,1601,7338.678679311422,5395.312431179751,,,,1261.0,38.249
14830,5,1602,7339.678679311422,5396.312431179751,,,,1259.0,38.231
14831,5,1603,7340.678679311422,5397.312431179751,,,,1258.0,38.213
14832,5,1604,7341.678679311422,5398.312431179751,,,,1258.0,38.196
14833,5,1605,7342.678679311422,5399.312431179751,,,,1256.0,38.18
14834,5,1606,7343.678679311422,5400.312431179751,,,,1255.0,38.164
14835,5,1607,7344.678679311422,5401.312431179751,,,,1253.0,38.148
14836,5,1608,7345.678679311422,5402.312431179751,,,,1250.0,38.132
14837,5,1609,7346.678679311422,5403.312431179751,,,,1247.0,38.116
14838,5,1610,7347.678679311422,5404.312431179751,,,,1245.0,38.1
14839,5,1611,7348.678679311422,5405.312431179751,,,,1244.0,38.084
14840,5,1612,7349.678679311422,5406.312431179751,,,,1242.0,38.069
14841,5,1613,7350.678679311422,5407.312431179751,,,,1240.0,38.054
14842,5,1614,7351.678679311422,5408.312431179751,,,,1239.0,38.04
14843,5,1615,7352.678679311422,5409.312431179751,,,,1238.0,38.026
14844,5,1616,7353.678679311422,5410.312431179751,,,,1239.0,38.013
14845,5,1617,7354.678679311422,5411.312431179751,,,,1238.0,37.999
14846,5,1618,7355.678679311422,5412.312431179751,,,,1237.0,37.984
14847,5,1619,7356.678679311422,5413.312431179751,,,,1235.0,37.969
14848,5,1620,7357.678679311422,5414.312431179751,,,,1232.0,37.951
14849,5,1621,7358.678679311422,5415.312431179751,,,,1230.0,37.934
14850,5,1622,7359.678679311422,5416.312431179751,,,,1229.0,37.915
14851,5,1623,7360.678679311422,5417.312431179751,,,,1227.0,37.898
14852,5,1624,7361.678679311422,5418.312431179751,,,,1225.0,37.881
14853,5,1625,7362.678679311422,5419.312431179751,,,,1226.0,37.862
14854,5,1626,7363.678679311422,5420.312431179751,,,,1224.0,37.845
14855,5,1627,7364.678679311422,5421.312431179751,,,,1223.0,37.825
14856,5,1628,7365.678679311422,5422.312431179751,,,,1220.0,37.805
14857,5,1629,7366.678679311422,5423.312431179751,,,,1221.0,37.786
14858,5,1630,7367.678679311422,5424.312431179751,,,,1222.0,37.767
14859,5,1631,7368.678679311422,5425.312431179751,,,,1223.0,37.751
14860,5,1632,7369.678679311422,5426.312431179751,,,,1224.0,37.735
14861,5,1633,7370.678679311422,5427.312431179751,,,,1224.0,37.721
14862,5,1634,7371.678679311422,5428.312431179751,,,,1224.0,37.705
14863,5,1635,7372.678679311422,5429.312431179751,,,,1223.0,37.689
14864,5,1636,7373.678679311422,5430.312431179751,,,,1222.0,37.673
14865,5,1637,7374.678679311422,5431.312431179751,,,,1220.0,37.658
14866,5,1638,7375.678679311422,5432.312431179751,,,,1220.0,37.642
14867,5,1639,7376.678679311422,5433.312431179751,,,,1219.0,37.626
14868,5,1640,7377.678679311422,5434.312431179751,,,,1215.0,37.609
14869,5,1641,7378.678679311422,5435.312431179751,,,,1213.0,37.592
14870,5,1642,7379.678679311422,5436.312431179751,,,,1212.0,37.574
14871,5,1643,7380.678679311422,5437.312431179751,,,,1212.0,37.557
14872,5,1644,7381.678679311422,5438.312431179751,,,,1211.0,37.541
14873,5,1645,7382.678679311422,5439.312431179751,,,,1212.0,37.525
14874,5,1646,7383.678679311422,5440.312431179751,,,,1212.0,37.511
14875,5,1647,7384.678679311422,5441.312431179751,,,,1213.0,37.496
14876,5,1648,7385.678679311422,5442.312431179751,,,,1213.0,37.483
14877,5,1649,7386.678679311422,5443.312431179751,,,,1213.0,37.469
14878,5,1650,7387.678679311422,5444.312431179751,,,,1212.0,37.456
14879,5,1651,7388.678679311422,5445.312431179751,,,,1211.0,37.444
14880,5,1652,7389.678679311422,5446.312431179751,,,,1210.0,37.43
14881,5,1653,7390.678679311422,5447.312431179751,,,,1207.0,37.416
14882,5,1654,7391.678679311422,5448.312431179751,,,,1204.0,37.401
14883,5,1655,7392.678679311422,5449.312431179751,,,,1201.0,37.388
14884,5,1656,7393.678679311422,5450.312431179751,,,,1199.0,37.373
14885,5,1657,7394.678679311422,5451.312431179751,,,,1198.0,37.359
14886,5,1658,7395.678679311422,5452.312431179751,,,,1198.0,37.344
14887,5,1659,7396.678679311422,5453.312431179751,,,,1197.0,37.328
14888,5,1660,7397.678679311422,5454.312431179751,,,,1196.0,37.312
14889,5,1661,7398.678679311422,5455.312431179751,,,,1195.0,37.295
14890,5,1662,7399.678679311422,5456.312431179751,,,,1192.0,37.277
14891,5,1663,7400.678679311422,5457.312431179751,,,,1190.0,37.257
14892,5,1664,7401.678679311422,5458.312431179751,,,,1190.0,37.239
14893,5,1665,7402.678679311422,5459.312431179751,,,,1190.0,37.223
14894,5,1666,7403.678679311422,5460.312431179751,,,,1189.0,37.207
14895,5,1667,7404.678679311422,5461.312431179751,,,,1190.0,37.194
14896,5,1668,7405.678679311422,5462.312431179751,,,,1190.0,37.179
14897,5,1669,7406.678679311422,5463.312431179751,,,,1187.0,37.164
14898,5,1670,7407.678679311422,5464.312431179751,,,,1185.0,37.151
14899,5,1671,7408.678679311422,5465.312431179751,,,,1185.0,37.137
14900,5,1672,7409.678679311422,5466.312431179751,,,,1186.0,37.122
14901,5,1673,7410.678679311422,5467.312431179751,,,,1185.0,37.11
14902,5,1674,7411.678679311422,5468.312431179751,,,,1186.0,37.096
14903,5,1675,7412.678679311422,5469.312431179751,,,,1186.0,37.084
14904,5,1676,7413.678679311422,5470.312431179751,,,,1184.0,37.07
14905,5,1677,7414.678679311422,5471.312431179751,,,,1182.0,37.057
14906,5,1678,7415.678679311422,5472.312431179751,,,,1179.0,37.043
14907,5,1679,7416.678679311422,5473.312431179751,,,,1178.0,37.029
14908,5,1680,7417.678679311422,5474.312431179751,,,,1178.0,37.015
14909,5,1681,7418.678679311422,5475.312431179751,,,,1176.0,37.001
14910,5,1682,7419.678679311422,5476.312431179751,,,,1177.0,36.987
14911,5,1683,7420.678679311422,5477.312431179751,,,,1177.0,36.974
14912,5,1684,7421.678679311422,5478.312431179751,,,,1175.0,36.958
14913,5,1685,7422.678679311422,5479.312431179751,,,,1172.0,36.94
14914,5,1686,7423.678679311422,5480.312431179751,,,,1170.0,36.923
14915,5,1687,7424.678679311422,5481.312431179751,,,,1168.0,36.906
14916,5,1688,7425.678679311422,5482.312431179751,,,,1168.0,36.889
14917,5,1689,7426.678679311422,5483.312431179751,,,,1166.0,36.873
14918,5,1690,7427.678679311422,5484.312431179751,,,,1165.0,36.856
14919,5,1691,7428.678679311422,5485.312431179751,,,,1162.0,36.837
14920,5,1692,7429.678679311422,5486.312431179751,,,,1160.0,36.818
14921,5,1693,7430.678679311422,5487.312431179751,,,,1159.0,36.798
14922,5,1694,7431.678679311422,5488.312431179751,,,,1158.0,36.778
14923,5,1695,7432.678679311422,5489.312431179751,,,,1158.0,36.758
14924,5,1696,7433.678679311422,5490.312431179751,,,,1156.0,36.74
14925,5,1697,7434.678679311422,5491.312431179751,,,,1155.0,36.723
14926,5,1698,7435.678679311422,5492.312431179751,,,,1155.0,36.706
14927,5,1699,7436.678679311422,5493.312431179751,,,,1152.0,36.688
14928,5,1700,7437.678679311422,5494.312431179751,,,,1149.0,36.672
14929,5,1701,7438.678679311422,5495.312431179751,,,,1148.0,36.656
14930,5,1702,7439.678679311422,5496.312431179751,,,,1146.0,36.64
14931,5,1703,7440.678679311422,5497.312431179751,,,,1142.0,36.622
14932,5,1704,7441.678679311422,5498.312431179751,,,,1139.0,36.606
14933,5,1705,7442.678679311422,5499.312431179751,,,,1138.0,36.591
14934,5,1706,7443.678679311422,5500.312431179751,,,,1138.0,36.576
14935,5,1707,7444.678679311422,5501.312431179751,,,,1138.0,36.563
14936,5,1708,7445.678679311422,5502.312431179751,,,,1138.0,36.55
14937,5,1709,7446.678679311422,5503.312431179751,,,,1137.0,36.537
14938,5,1710,7447.678679311422,5504.312431179751,,,,1135.0,36.525
14939,5,1711,7448.678679311422,5505.312431179751,,,,1132.0,36.513
14940,5,1712,7449.678679311422,5506.312431179751,,,,1130.0,36.499
14941,5,1713,7450.678679311422,5507.312431179751,,,,1128.0,36.487
14942,5,1714,7451.678679311422,5508.312431179751,,,,1126.0,36.473
14943,5,1715,7452.678679311422,5509.312431179751,,,,1126.0,36.461
14944,5,1716,7453.678679311422,5510.312431179751,,,,1124.0,36.447
14945,5,1717,7454.678679311422,5511.312431179751,,,,1122.0,36.434
14946,5,1718,7455.678679311422,5512.312431179751,,,,1117.0,36.418
14947,5,1719,7456.678679311422,5513.312431179751,,,,1113.0,36.403
14948,5,1720,7457.678679311422,5514.312431179751,,,,1111.0,36.388
14949,5,1721,7458.678679311422,5515.312431179751,,,,1110.0,36.375
14950,5,1722,7459.678679311422,5516.312431179751,,,,1112.0,36.361
14951,5,1723,7460.678679311422,5517.312431179751,,,,1111.0,36.349
14952,5,1724,7461.678679311422,5518.312431179751,,,,1110.0,36.335
14953,5,1725,7462.678679311422,5519.312431179751,,,,1108.0,36.321
14954,5,1726,7463.678679311422,5520.312431179751,,,,1108.0,36.307
14955,5,1727,7464.678679311422,5521.312431179751,,,,1107.0,36.292
14956,5,1728,7465.678679311422,5522.312431179751,,,,1105.0,36.277
14957,5,1729,7466.678679311422,5523.312431179751,,,,1103.0,36.261
14958,5,1730,7467.678679311422,5524.312431179751,,,,1100.0,36.244
14959,5,1731,7468.678679311422,5525.312431179751,,,,1097.0,36.227
14960,5,1732,7469.678679311422,5526.312431179751,,,,1096.0,36.21
14961,5,1733,7470.678679311422,5527.312431179751,,,,1095.0,36.194
14962,5,1734,7471.678679311422,5528.312431179751,,,,1093.0,36.178
14963,5,1735,7472.678679311422,5529.312431179751,,,,1091.0,36.161
14964,5,1736,7473.678679311422,5530.312431179751,,,,1089.0,36.145
14965,5,1737,7474.678679311422,5531.312431179751,,,,1087.0,36.13
14966,5,1738,7475.678679311422,5532.312431179751,,,,1085.0,36.114
14967,5,1739,7476.678679311422,5533.312431179751,,,,1082.0,36.097
14968,5,1740,7477.678679311422,5534.312431179751,,,,1077.0,36.078
14969,5,1741,7478.678679311422,5535.312431179751,,,,1075.0,36.06
14970,5,1742,7479.678679311422,5536.312431179751,,,,1072.0,36.044
14971,5,1743,7480.678679311422,5537.312431179751,,,,1073.0,36.028
14972,5,1744,7481.678679311422,5538.312431179751,,,,1072.0,36.013
14973,5,1745,7482.678679311422,5539.312431179751,,,,1071.0,35.999
14974,5,1746,7483.678679311422,5540.312431179751,,,,1069.0,35.986
14975,5,1747,7484.678679311422,5541.312431179751,,,,1069.0,35.972
14976,5,1748,7485.678679311422,5542.312431179751,,,,1068.0,35.959
14977,5,1749,7486.678679311422,5543.312431179751,,,,1069.0,35.947
14978,5,1750,7487.678679311422,5544.312431179751,,,,1068.0,35.936
14979,5,1751,7488.678679311422,5545.312431179751,,,,1068.0,35.923
14980,5,1752,7489.678679311422,5546.312431179751,,,,1065.0,35.91
14981,5,1753,7490.678679311422,5547.312431179751,,,,1064.0,35.897
14982,5,1754,7491.678679311422,5548.312431179751,,,,1062.0,35.882
14983,5,1755,7492.678679311422,5549.312431179751,,,,1060.0,35.866
14984,5,1756,7493.678679311422,5550.312431179751,,,,1058.0,35.85
14985,5,1757,7494.678679311422,5551.312431179751,,,,1055.0,35.833
14986,5,1758,7495.678679311422,5552.312431179751,,,,1053.0,35.818
14987,5,1759,7496.678679311422,5553.312431179751,,,,1052.0,35.801
14988,5,1760,7497.678679311422,5554.312431179751,,,,1050.0,35.785
14989,5,1761,7498.678679311422,5555.312431179751,,,,1048.0,35.768
14990,5,1762,7499.678679311422,5556.312431179751,,,,1047.0,35.752
14991,5,1763,7500.678679311422,5557.312431179751,,,,1044.0,35.735
14992,5,1764,7501.678679311422,5558.312431179751,,,,1043.0,35.718
14993,5,1765,7502.678679311422,5559.312431179751,,,,1043.0,35.701
14994,5,1766,7503.678679311422,5560.312431179751,,,,1041.0,35.686
14995,5,1767,7504.678679311422,5561.312431179751,,,,1038.0,35.67
14996,5,1768,7505.678679311422,5562.312431179751,,,,1036.0,35.653
14997,5,1769,7506.678679311422,5563.312431179751,,,,1033.0,35.636
14998,5,1770,7507.678679311422,5564.312431179751,,,,1029.0,35.618
14999,5,1771,7508.678679311422,5565.312431179751,,,,1027.0,35.602
15000,5,1772,7509.678679311422,5566.312431179751,,,,1026.0,35.585
15001,5,1773,7510.678679311422,5567.312431179751,,,,1025.0,35.571
15002,5,1774,7511.678679311422,5568.312431179751,,,,1023.0,35.555
15003,5,1775,7512.678679311422,5569.312431179751,,,,1020.0,35.538
15004,5,1776,7513.678679311422,5570.312431179751,,,,1019.0,35.521
15005,5,1777,7514.678679311422,5571.312431179751,,,,1020.0,35.505
15006,5,1778,7515.678679311422,5572.312431179751,,,,1018.0,35.488
15007,5,1779,7516.678679311422,5573.312431179751,,,,1016.0,35.471
15008,5,1780,7517.678679311422,5574.312431179751,,,,1016.0,35.454
15009,5,1781,7518.678679311422,5575.312431179751,,,,1015.0,35.437
15010,5,1782,7519.678679311422,5576.312431179751,,,,1014.0,35.421
15011,5,1783,7520.678679311422,5577.312431179751,,,,1014.0,35.405
15012,5,1784,7521.678679311422,5578.312431179751,,,,1014.0,35.391
15013,5,1785,7522.678679311422,5579.312431179751,,,,1011.0,35.377
15014,5,1786,7523.678679311422,5580.312431179751,,,,1007.0,35.362
15015,5,1787,7524.678679311422,5581.312431179751,,,,1006.0,35.348
15016,5,1788,7525.678679311422,5582.312431179751,,,,1003.0,35.334
15017,5,1789,7526.678679311422,5583.312431179751,,,,1002.0,35.322
15018,5,1790,7527.678679311422,5584.312431179751,,,,1003.0,35.31
15019,5,1791,7528.678679311422,5585.312431179751,,,,1006.0,35.299
15020,5,1792,7529.678679311422,5586.312431179751,,,,1005.0,35.288
15021,5,1793,7530.678679311422,5587.312431179751,,,,1004.0,35.279
15022,5,1794,7531.678679311422,5588.312431179751,,,,1001.0,35.267
15023,5,1795,7532.678679311422,5589.312431179751,,,,999.0,35.254
15024,5,1796,7533.678679311422,5590.312431179751,,,,996.0,35.239
15025,5,1797,7534.678679311422,5591.312431179751,,,,996.0,35.223
15026,5,1798,7535.678679311422,5592.312431179751,,,,997.0,35.207
15027,5,1799,7536.678679311422,5593.312431179751,,,,994.0,35.191
15028,5,1800,7537.678679311422,5594.312431179751,,,,989.0,35.174
15029,5,1801,7538.678679311422,5595.312431179751,,,,986.0,35.156
15030,5,1802,7539.678679311422,5596.312431179751,,,,985.0,35.137
15031,5,1803,7540.678679311422,5597.312431179751,,,,983.0,35.119
15032,5,1804,7541.678679311422,5598.312431179751,,,,980.0,35.102
15033,5,1805,7542.678679311422,5599.312431179751,,,,979.0,35.087
15034,5,1806,7543.678679311422,5600.312431179751,,,,976.0,35.07
15035,5,1807,7544.678679311422,5601.312431179751,,,,975.0,35.054
15036,5,1808,7545.678679311422,5602.312431179751,,,,973.0,35.039
15037,5,1809,7546.678679311422,5603.312431179751,,,,970.0,35.022
15038,5,1810,7547.678679311422,5604.312431179751,,,,966.0,35.004
15039,5,1811,7548.678679311422,5605.312431179751,,,,964.0,34.987
15040,5,1812,7549.678679311422,5606.312431179751,,,,961.0,34.969
15041,5,1813,7550.678679311422,5607.312431179751,,,,959.0,34.95
15042,5,1814,7551.678679311422,5608.312431179751,,,,957.0,34.932
15043,5,1815,7552.678679311422,5609.312431179751,,,,957.0,34.915
15044,5,1816,7553.678679311422,5610.312431179751,,,,957.0,34.898
15045,5,1817,7554.678679311422,5611.312431179751,,,,957.0,34.88
15046,5,1818,7555.678679311422,5612.312431179751,,,,956.0,34.862
15047,5,1819,7556.678679311422,5613.312431179751,,,,955.0,34.846
15048,5,1820,7557.678679311422,5614.312431179751,,,,954.0,34.829
15049,5,1821,7558.678679311422,5615.312431179751,,,,953.0,34.813
15050,5,1822,7559.678679311422,5616.312431179751,,,,953.0,34.797
15051,5,1823,7560.678679311422,5617.312431179751,,,,953.0,34.781
15052,5,1824,7561.678679311422,5618.312431179751,,,,950.0,34.764
15053,5,1825,7562.678679311422,5619.312431179751,,,,949.0,34.747
15054,5,1826,7563.678679311422,5620.312431179751,,,,946.0,34.73
15055,5,1827,7564.678679311422,5621.312431179751,,,,944.0,34.713
15056,5,1828,7565.678679311422,5622.312431179751,,,,945.0,34.698
15057,5,1829,7566.678679311422,5623.312431179751,,,,944.0,34.682
15058,5,1830,7567.678679311422,5624.312431179751,,,,943.0,34.668
15059,5,1831,7568.678679311422,5625.312431179751,,,,942.0,34.655
15060,5,1832,7569.678679311422,5626.312431179751,,,,941.0,34.641
15061,5,1833,7570.678679311422,5627.312431179751,,,,940.0,34.628
15062,5,1834,7571.678679311422,5628.312431179751,,,,940.0,34.615
15063,5,1835,7572.678679311422,5629.312431179751,,,,939.0,34.602
15064,5,1836,7573.678679311422,5630.312431179751,,,,938.0,34.588
15065,5,1837,7574.678679311422,5631.312431179751,,,,936.0,34.573
15066,5,1838,7575.678679311422,5632.312431179751,,,,935.0,34.559
15067,5,1839,7576.678679311422,5633.312431179751,,,,933.0,34.545
15068,5,1840,7577.678679311422,5634.312431179751,,,,933.0,34.529
15069,5,1841,7578.678679311422,5635.312431179751,,,,932.0,34.515
15070,5,1842,7579.678679311422,5636.312431179751,,,,931.0,34.501
15071,5,1843,7580.678679311422,5637.312431179751,,,,929.0,34.487
15072,5,1844,7581.678679311422,5638.312431179751,,,,927.0,34.473
15073,5,1845,7582.678679311422,5639.312431179751,,,,926.0,34.459
15074,5,1846,7583.678679311422,5640.312431179751,,,,924.0,34.444
15075,5,1847,7584.678679311422,5641.312431179751,,,,922.0,34.429
15076,5,1848,7585.678679311422,5642.312431179751,,,,921.0,34.412
15077,5,1849,7586.678679311422,5643.312431179751,,,,922.0,34.397
15078,5,1850,7587.678679311422,5644.312431179751,,,,921.0,34.38
15079,5,1851,7588.678679311422,5645.312431179751,,,,921.0,34.365
15080,5,1852,7589.678679311422,5646.312431179751,,,,921.0,34.348
15081,5,1853,7590.678679311422,5647.312431179751,,,,920.0,34.33
15082,5,1854,7591.678679311422,5648.312431179751,,,,919.0,34.313
15083,5,1855,7592.678679311422,5649.312431179751,,,,918.0,34.295
15084,5,1856,7593.678679311422,5650.312431179751,,,,920.0,34.279
15085,5,1857,7594.678679311422,5651.312431179751,,,,921.0,34.26
15086,5,1858,7595.678679311422,5652.312431179751,,,,919.0,34.244
15087,5,1859,7596.678679311422,5653.312431179751,,,,919.0,34.224
15088,5,1860,7597.678679311422,5654.312431179751,,,,920.0,34.206
15089,5,1861,7598.678679311422,5655.312431179751,,,,921.0,34.188
15090,5,1862,7599.678679311422,5656.312431179751,,,,922.0,34.171
15091,5,1863,7600.678679311422,5657.312431179751,,,,923.0,34.153
15092,5,1864,7601.678679311422,5658.312431179751,,,,923.0,34.136
15093,5,1865,7602.678679311422,5659.312431179751,,,,925.0,34.118
15094,5,1866,7603.678679311422,5660.312431179751,,,,927.0,34.1
15095,5,1867,7604.678679311422,5661.312431179751,,,,929.0,34.082
15096,5,1868,7605.678679311422,5662.312431179751,,,,928.0,34.064
15097,5,1869,7606.678679311422,5663.312431179751,,,,925.0,34.046
15098,5,1870,7607.678679311422,5664.312431179751,,,,923.0,34.029
15099,5,1871,7608.678679311422,5665.312431179751,,,,925.0,34.013
15100,5,1872,7609.678679311422,5666.312431179751,,,,925.0,33.996
15101,5,1873,7610.678679311422,5667.312431179751,,,,921.0,33.979
15102,5,1874,7611.678679311422,5668.312431179751,,,,918.0,33.961
15103,5,1875,7612.678679311422,5669.312431179751,,,,915.0,33.943
15104,5,1876,7613.678679311422,5670.312431179751,,,,915.0,33.925
15105,5,1877,7614.678679311422,5671.312431179751,,,,914.0,33.907
15106,5,1878,7615.678679311422,5672.312431179751,,,,911.0,33.89
15107,5,1879,7616.678679311422,5673.312431179751,,,,910.0,33.873
15108,5,1880,7617.678679311422,5674.312431179751,,,,909.0,33.858
15109,5,1881,7618.678679311422,5675.312431179751,,,,907.0,33.843
15110,5,1882,7619.678679311422,5676.312431179751,,,,904.0,33.828
15111,5,1883,7620.678679311422,5677.312431179751,,,,901.0,33.813
15112,5,1884,7621.678679311422,5678.312431179751,,,,896.0,33.796
15113,5,1885,7622.678679311422,5679.312431179751,,,,893.0,33.776
15114,5,1886,7623.678679311422,5680.312431179751,,,,890.0,33.756
15115,5,1887,7624.678679311422,5681.312431179751,,,,888.0,33.736
15116,5,1888,7625.678679311422,5682.312431179751,,,,886.0,33.717
15117,5,1889,7626.678679311422,5683.312431179751,,,,882.0,33.7
15118,5,1890,7627.678679311422,5684.312431179751,,,,880.0,33.684
15119,5,1891,7628.678679311422,5685.312431179751,,,,879.0,33.67
15120,5,1892,7629.678679311422,5686.312431179751,,,,878.0,33.657
15121,5,1893,7630.678679311422,5687.312431179751,,,,871.0,33.642
15122,5,1894,7631.678679311422,5688.312431179751,,,,866.0,33.628
15123,5,1895,7632.678679311422,5689.312431179751,,,,861.0,33.613
15124,5,1896,7633.678679311422,5690.312431179751,,,,856.0,33.6
15125,5,1897,7634.678679311422,5691.312431179751,,,,853.0,33.587
15126,5,1898,7635.678679311422,5692.312431179751,,,,854.0,33.575
15127,5,1899,7636.678679311422,5693.312431179751,,,,854.0,33.563
15128,5,1900,7637.678679311422,5694.312431179751,,,,852.0,33.55
15129,5,1901,7638.678679311422,5695.312431179751,,,,849.0,33.537
15130,5,1902,7639.678679311422,5696.312431179751,,,,846.0,33.524
15131,5,1903,7640.678679311422,5697.312431179751,,,,839.0,33.507
15132,5,1904,7641.678679311422,5698.312431179751,,,,837.0,33.488
15133,5,1905,7642.678679311422,5699.312431179751,,,,835.0,33.47
15134,5,1906,7643.678679311422,5700.312431179751,,,,835.0,33.455
15135,5,1907,7644.678679311422,5701.312431179751,,,,836.0,33.439
15136,5,1908,7645.678679311422,5702.312431179751,,,,836.0,33.424
15137,5,1909,7646.678679311422,5703.312431179751,,,,834.0,33.409
15138,5,1910,7647.678679311422,5704.312431179751,,,,831.0,33.394
15139,5,1911,7648.678679311422,5705.312431179751,,,,828.0,33.377
15140,5,1912,7649.678679311422,5706.312431179751,,,,825.0,33.36
15141,5,1913,7650.678679311422,5707.312431179751,,,,820.0,33.345
15142,5,1914,7651.678679311422,5708.312431179751,,,,818.0,33.329
15143,5,1915,7652.678679311422,5709.312431179751,,,,817.0,33.315
15144,5,1916,7653.678679311422,5710.312431179751,,,,814.0,33.301
15145,5,1917,7654.678679311422,5711.312431179751,,,,812.0,33.288
15146,5,1918,7655.678679311422,5712.312431179751,,,,810.0,33.276
15147,5,1919,7656.678679311422,5713.312431179751,,,,809.0,33.264
15148,5,1920,7657.678679311422,5714.312431179751,,,,807.0,33.252
15149,5,1921,7658.678679311422,5715.312431179751,,,,806.0,33.239
15150,5,1922,7659.678679311422,5716.312431179751,,,,804.0,33.225
15151,5,1923,7660.678679311422,5717.312431179751,,,,804.0,33.212
15152,5,1924,7661.678679311422,5718.312431179751,,,,802.0,33.197
15153,5,1925,7662.678679311422,5719.312431179751,,,,799.0,33.182
15154,5,1926,7663.678679311422,5720.312431179751,,,,798.0,33.169
15155,5,1927,7664.678679311422,5721.312431179751,,,,796.0,33.157
15156,5,1928,7665.678679311422,5722.312431179751,,,,794.0,33.144
15157,5,1929,7666.678679311422,5723.312431179751,,,,791.0,33.131
15158,5,1930,7667.678679311422,5724.312431179751,,,,789.0,33.118
15159,5,1931,7668.678679311422,5725.312431179751,,,,786.0,33.103
15160,5,1932,7669.678679311422,5726.312431179751,,,,786.0,33.091
15161,5,1933,7670.678679311422,5727.312431179751,,,,786.0,33.078
15162,5,1934,7671.678679311422,5728.312431179751,,,,785.0,33.066
15163,5,1935,7672.678679311422,5729.312431179751,,,,783.0,33.056
15164,5,1936,7673.678679311422,5730.312431179751,,,,783.0,33.045
15165,5,1937,7674.678679311422,5731.312431179751,,,,782.0,33.035
15166,5,1938,7675.678679311422,5732.312431179751,,,,780.0,33.026
15167,5,1939,7676.678679311422,5733.312431179751,,,,778.0,33.017
15168,5,1940,7677.678679311422,5734.312431179751,,,,776.0,33.007
15169,5,1941,7678.678679311422,5735.312431179751,,,,775.0,32.999
15170,5,1942,7679.678679311422,5736.312431179751,,,,774.0,32.991
15171,5,1943,7680.678679311422,5737.312431179751,,,,773.0,32.983
15172,5,1944,7681.678679311422,5738.312431179751,,,,772.0,32.976
15173,5,1945,7682.678679311422,5739.312431179751,,,,771.0,32.969
15174,5,1946,7683.678679311422,5740.312431179751,,,,769.0,32.961
15175,5,1947,7684.678679311422,5741.312431179751,,,,766.0,32.955
15176,5,1948,7685.678679311422,5742.312431179751,,,,763.0,32.946
15177,5,1949,7686.678679311422,5743.312431179751,,,,762.0,32.938
15178,5,1950,7687.678679311422,5744.312431179751,,,,758.0,32.931
15179,5,1951,7688.678679311422,5745.312431179751,,,,756.0,32.923
15180,5,1952,7689.678679311422,5746.312431179751,,,,756.0,32.914
15181,5,1953,7690.678679311422,5747.312431179751,,,,756.0,32.907
15182,5,1954,7691.678679311422,5748.312431179751,,,,754.0,32.898
15183,5,1955,7692.678679311422,5749.312431179751,,,,753.0,32.889
15184,5,1956,7693.678679311422,5750.312431179751,,,,750.0,32.88
15185,5,1957,7694.678679311422,5751.312431179751,,,,749.0,32.871
15186,5,1958,7695.678679311422,5752.312431179751,,,,746.0,32.862
15187,5,1959,7696.678679311422,5753.312431179751,,,,743.0,32.853
15188,5,1960,7697.678679311422,5754.312431179751,,,,738.0,32.844
15189,5,1961,7698.678679311422,5755.312431179751,,,,737.0,32.836
15190,5,1962,7699.678679311422,5756.312431179751,,,,738.0,32.828
15191,5,1963,7700.678679311422,5757.312431179751,,,,738.0,32.82
15192,5,1964,7701.678679311422,5758.312431179751,,,,738.0,32.813
15193,5,1965,7702.678679311422,5759.312431179751,,,,736.0,32.804
15194,5,1966,7703.678679311422,5760.312431179751,,,,732.0,32.794
15195,5,1967,7704.678679311422,5761.312431179751,,,,729.0,32.784
15196,5,1968,7705.678679311422,5762.312431179751,,,,726.0,32.774
15197,5,1969,7706.678679311422,5763.312431179751,,,,722.0,32.764
15198,5,1970,7707.678679311422,5764.312431179751,,,,721.0,32.755
15199,5,1971,7708.678679311422,5765.312431179751,,,,717.0,32.746
15200,5,1972,7709.678679311422,5766.312431179751,,,,715.0,32.739
15201,5,1973,7710.678679311422,5767.312431179751,,,,715.0,32.732
15202,5,1974,7711.678679311422,5768.312431179751,,,,716.0,32.726
15203,5,1975,7712.678679311422,5769.312431179751,,,,718.0,32.719
15204,5,1976,7713.678679311422,5770.312431179751,,,,717.0,32.713
15205,5,1977,7714.678679311422,5771.312431179751,,,,716.0,32.707
15206,5,1978,7715.678679311422,5772.312431179751,,,,715.0,32.7
15207,5,1979,7716.678679311422,5773.312431179751,,,,715.0,32.693
15208,5,1980,7717.678679311422,5774.312431179751,,,,714.0,32.684
15209,5,1981,7718.678679311422,5775.312431179751,,,,714.0,32.674
15210,5,1982,7719.678679311422,5776.312431179751,,,,715.0,32.663
15211,5,1983,7720.678679311422,5777.312431179751,,,,713.0,32.65
15212,5,1984,7721.678679311422,5778.312431179751,,,,711.0,32.636
15213,5,1985,7722.678679311422,5779.312431179751,,,,711.0,32.623
15214,5,1986,7723.678679311422,5780.312431179751,,,,711.0,32.608
15215,5,1987,7724.678679311422,5781.312431179751,,,,711.0,32.594
15216,5,1988,7725.678679311422,5782.312431179751,,,,710.0,32.581
15217,5,1989,7726.678679311422,5783.312431179751,,,,710.0,32.569
15218,5,1990,7727.678679311422,5784.312431179751,,,,709.0,32.555
15219,5,1991,7728.678679311422,5785.312431179751,,,,707.0,32.542
15220,5,1992,7729.678679311422,5786.312431179751,,,,706.0,32.528
15221,5,1993,7730.678679311422,5787.312431179751,,,,706.0,32.516
15222,5,1994,7731.678679311422,5788.312431179751,,,,705.0,32.503
15223,5,1995,7732.678679311422,5789.312431179751,,,,704.0,32.491
15224,5,1996,7733.678679311422,5790.312431179751,,,,704.0,32.48
15225,5,1997,7734.678679311422,5791.312431179751,,,,704.0,32.468
15226,5,1998,7735.678679311422,5792.312431179751,,,,705.0,32.457
15227,5,1999,7736.678679311422,5793.312431179751,,,,704.0,32.446
15228,5,2000,7737.678679311422,5794.312431179751,,,,705.0,32.433
15229,5,2001,7738.678679311422,5795.312431179751,,,,706.0,32.421
15230,5,2002,7739.678679311422,5796.312431179751,,,,706.0,32.407
15231,5,2003,7740.678679311422,5797.312431179751,,,,704.0,32.393
15232,5,2004,7741.678679311422,5798.312431179751,,,,703.0,32.379
15233,5,2005,7742.678679311422,5799.312431179751,,,,702.0,32.365
15234,5,2006,7743.678679311422,5800.312431179751,,,,702.0,32.35
15235,5,2007,7744.678679311422,5801.312431179751,,,,701.0,32.336
15236,5,2008,7745.678679311422,5802.312431179751,,,,699.0,32.32
15237,5,2009,7746.678679311422,5803.312431179751,,,,699.0,32.305
15238,5,2010,7747.678679311422,5804.312431179751,,,,699.0,32.29
15239,5,2011,7748.678679311422,5805.312431179751,,,,698.0,32.276
15240,5,2012,7749.678679311422,5806.312431179751,,,,695.0,32.262
15241,5,2013,7750.678679311422,5807.312431179751,,,,694.0,32.247
15242,5,2014,7751.678679311422,5808.312431179751,,,,693.0,32.233
15243,5,2015,7752.678679311422,5809.312431179751,,,,692.0,32.219
15244,5,2016,7753.678679311422,5810.312431179751,,,,691.0,32.204
15245,5,2017,7754.678679311422,5811.312431179751,,,,690.0,32.191
15246,5,2018,7755.678679311422,5812.312431179751,,,,689.0,32.177
15247,5,2019,7756.678679311422,5813.312431179751,,,,691.0,32.163
15248,5,2020,7757.678679311422,5814.312431179751,,,,693.0,32.149
15249,5,2021,7758.678679311422,5815.312431179751,,,,692.0,32.134
15250,5,2022,7759.678679311422,5816.312431179751,,,,687.0,32.117
15251,5,2023,7760.678679311422,5817.312431179751,,,,685.0,32.102
15252,5,2024,7761.678679311422,5818.312431179751,,,,684.0,32.087
15253,5,2025,7762.678679311422,5819.312431179751,,,,685.0,32.072
15254,5,2026,7763.678679311422,5820.312431179751,,,,685.0,32.058
15255,5,2027,7764.678679311422,5821.312431179751,,,,684.0,32.044
15256,5,2028,7765.678679311422,5822.312431179751,,,,684.0,32.03
15257,5,2029,7766.678679311422,5823.312431179751,,,,684.0,32.016
15258,5,2030,7767.678679311422,5824.312431179751,,,,681.0,32.0
15259,5,2031,7768.678679311422,5825.312431179751,,,,679.0,31.983
15260,5,2032,7769.678679311422,5826.312431179751,,,,677.0,31.967
15261,5,2033,7770.678679311422,5827.312431179751,,,,677.0,31.949
15262,5,2034,7771.678679311422,5828.312431179751,,,,679.0,31.934
15263,5,2035,7772.678679311422,5829.312431179751,,,,679.0,31.919
15264,5,2036,7773.678679311422,5830.312431179751,,,,680.0,31.903
15265,5,2037,7774.678679311422,5831.312431179751,,,,680.0,31.886
15266,5,2038,7775.678679311422,5832.312431179751,,,,679.0,31.87
15267,5,2039,7776.678679311422,5833.312431179751,,,,681.0,31.854
15268,5,2040,7777.678679311422,5834.312431179751,,,,682.0,31.84
15269,5,2041,7778.678679311422,5835.312431179751,,,,681.0,31.824
15270,5,2042,7779.678679311422,5836.312431179751,,,,678.0,31.809
15271,5,2043,7780.678679311422,5837.312431179751,,,,678.0,31.793
15272,5,2044,7781.678679311422,5838.312431179751,,,,678.0,31.778
15273,5,2045,7782.678679311422,5839.312431179751,,,,678.0,31.763
15274,5,2046,7783.678679311422,5840.312431179751,,,,678.0,31.747
15275,5,2047,7784.678679311422,5841.312431179751,,,,678.0,31.732
15276,5,2048,7785.678679311422,5842.312431179751,,,,678.0,31.718
15277,5,2049,7786.678679311422,5843.312431179751,,,,678.0,31.704
15278,5,2050,7787.678679311422,5844.312431179751,,,,677.0,31.69
15279,5,2051,7788.678679311422,5845.312431179751,,,,676.0,31.676
15280,5,2052,7789.678679311422,5846.312431179751,,,,676.0,31.662
15281,5,2053,7790.678679311422,5847.312431179751,,,,676.0,31.647
15282,5,2054,7791.678679311422,5848.312431179751,,,,673.0,31.631
15283,5,2055,7792.678679311422,5849.312431179751,,,,673.0,31.615
15284,5,2056,7793.678679311422,5850.312431179751,,,,673.0,31.598
15285,5,2057,7794.678679311422,5851.312431179751,,,,674.0,31.583
15286,5,2058,7795.678679311422,5852.312431179751,,,,676.0,31.568
15287,5,2059,7796.678679311422,5853.312431179751,,,,676.0,31.552
15288,5,2060,7797.678679311422,5854.312431179751,,,,678.0,31.537
15289,5,2061,7798.678679311422,5855.312431179751,,,,678.0,31.523
15290,5,2062,7799.678679311422,5856.312431179751,,,,679.0,31.506
15291,5,2063,7800.678679311422,5857.312431179751,,,,679.0,31.49
15292,5,2064,7801.678679311422,5858.312431179751,,,,679.0,31.473
15293,5,2065,7802.678679311422,5859.312431179751,,,,679.0,31.457
15294,5,2066,7803.678679311422,5860.312431179751,,,,681.0,31.441
15295,5,2067,7804.678679311422,5861.312431179751,,,,682.0,31.425
15296,5,2068,7805.678679311422,5862.312431179751,,,,682.0,31.41
15297,5,2069,7806.678679311422,5863.312431179751,,,,681.0,31.394
15298,5,2070,7807.678679311422,5864.312431179751,,,,682.0,31.379
15299,5,2071,7808.678679311422,5865.312431179751,,,,679.0,31.362
15300,5,2072,7809.678679311422,5866.312431179751,,,,680.0,31.347
15301,5,2073,7810.678679311422,5867.312431179751,,,,680.0,31.333
15302,5,2074,7811.678679311422,5868.312431179751,,,,681.0,31.316
15303,5,2075,7812.678679311422,5869.312431179751,,,,683.0,31.302
15304,5,2076,7813.678679311422,5870.312431179751,,,,683.0,31.287
15305,5,2077,7814.678679311422,5871.312431179751,,,,684.0,31.272
15306,5,2078,7815.678679311422,5872.312431179751,,,,683.0,31.257
15307,5,2079,7816.678679311422,5873.312431179751,,,,682.0,31.242
15308,5,2080,7817.678679311422,5874.312431179751,,,,681.0,31.226
15309,5,2081,7818.678679311422,5875.312431179751,,,,680.0,31.211
15310,5,2082,7819.678679311422,5876.312431179751,,,,681.0,31.194
15311,5,2083,7820.678679311422,5877.312431179751,,,,683.0,31.177
15312,5,2084,7821.678679311422,5878.312431179751,,,,686.0,31.159
15313,5,2085,7822.678679311422,5879.312431179751,,,,688.0,31.142
15314,5,2086,7823.678679311422,5880.312431179751,,,,691.0,31.127
15315,5,2087,7824.678679311422,5881.312431179751,,,,689.0,31.111
15316,5,2088,7825.678679311422,5882.312431179751,,,,691.0,31.096
15317,5,2089,7826.678679311422,5883.312431179751,,,,692.0,31.082
15318,5,2090,7827.678679311422,5884.312431179751,,,,692.0,31.067
15319,5,2091,7828.678679311422,5885.312431179751,,,,693.0,31.053
15320,5,2092,7829.678679311422,5886.312431179751,,,,694.0,31.04
15321,5,2093,7830.678679311422,5887.312431179751,,,,696.0,31.027
15322,5,2094,7831.678679311422,5888.312431179751,,,,697.0,31.014
15323,5,2095,7832.678679311422,5889.312431179751,,,,697.0,31.003
15324,5,2096,7833.678679311422,5890.312431179751,,,,696.0,30.991
15325,5,2097,7834.678679311422,5891.312431179751,,,,698.0,30.977
15326,5,2098,7835.678679311422,5892.312431179751,,,,699.0,30.964
15327,5,2099,7836.678679311422,5893.312431179751,,,,699.0,30.95
15328,5,2100,7837.678679311422,5894.312431179751,,,,700.0,30.937
15329,5,2101,7838.678679311422,5895.312431179751,,,,700.0,30.924
15330,5,2102,7839.678679311422,5896.312431179751,,,,700.0,30.911
15331,5,2103,7840.678679311422,5897.312431179751,,,,700.0,30.898
15332,5,2104,7841.678679311422,5898.312431179751,,,,701.0,30.885
15333,5,2105,7842.678679311422,5899.312431179751,,,,703.0,30.872
15334,5,2106,7843.678679311422,5900.312431179751,,,,704.0,30.86
15335,5,2107,7844.678679311422,5901.312431179751,,,,706.0,30.847
15336,5,2108,7845.678679311422,5902.312431179751,,,,706.0,30.836
15337,5,2109,7846.678679311422,5903.312431179751,,,,704.0,30.825
15338,5,2110,7847.678679311422,5904.312431179751,,,,703.0,30.813
15339,5,2111,7848.678679311422,5905.312431179751,,,,703.0,30.802
15340,5,2112,7849.678679311422,5906.312431179751,,,,705.0,30.789
15341,5,2113,7850.678679311422,5907.312431179751,,,,705.0,30.777
15342,5,2114,7851.678679311422,5908.312431179751,,,,703.0,30.764
15343,5,2115,7852.678679311422,5909.312431179751,,,,704.0,30.75
15344,5,2116,7853.678679311422,5910.312431179751,,,,703.0,30.735
15345,5,2117,7854.678679311422,5911.312431179751,,,,705.0,30.718
15346,5,2118,7855.678679311422,5912.312431179751,,,,705.0,30.701
15347,5,2119,7856.678679311422,5913.312431179751,,,,705.0,30.687
15348,5,2120,7857.678679311422,5914.312431179751,,,,706.0,30.671
15349,5,2121,7858.678679311422,5915.312431179751,,,,707.0,30.657
15350,5,2122,7859.678679311422,5916.312431179751,,,,711.0,30.643
15351,5,2123,7860.678679311422,5917.312431179751,,,,714.0,30.632
15352,5,2124,7861.678679311422,5918.312431179751,,,,717.0,30.624
15353,5,2125,7862.678679311422,5919.312431179751,,,,721.0,30.617
15354,5,2126,7863.678679311422,5920.312431179751,,,,722.0,30.612
15355,5,2127,7864.678679311422,5921.312431179751,,,,720.0,30.609
15356,5,2128,7865.678679311422,5922.312431179751,,,,722.0,30.607
15366,5,2138,7875.678679311422,5932.312431179751,,,,733.0,30.599
15367,5,2139,7876.678679311422,5933.312431179751,,,,736.0,30.584
15368,5,2140,7877.678679311422,5934.312431179751,,,,740.0,30.573
15369,5,2141,7878.678679311422,5935.312431179751,,,,744.0,30.563
15370,5,2142,7879.678679311422,5936.312431179751,,,,746.0,30.557
15371,5,2143,7880.678679311422,5937.312431179751,,,,747.0,30.554
15407,5,2179,7916.678679311422,5973.312431179751,,,,798.0,30.542
15408,5,2180,7917.678679311422,5974.312431179751,,,,798.0,30.527
15409,5,2181,7918.678679311422,5975.312431179751,,,,799.0,30.513
15410,5,2182,7919.678679311422,5976.312431179751,,,,802.0,30.505
15411,5,2183,7920.678679311422,5977.312431179751,,,,803.0,30.497
15412,5,2184,7921.678679311422,5978.312431179751,,,,805.0,30.493
15429,5,2201,7938.678679311422,5995.312431179751,,,,838.0,30.485
15430,5,2202,7939.678679311422,5996.312431179751,,,,838.0,30.469
15431,5,2203,7940.678679311422,5997.312431179751,,,,840.0,30.456
15432,5,2204,7941.678679311422,5998.312431179751,,,,841.0,30.447
15433,5,2205,7942.678679311422,5999.312431179751,,,,846.0,30.445
15450,5,2222,7959.678679311422,6016.312431179751,,,,872.0,30.427
15451,5,2223,7960.678679311422,6017.312431179751,,,,874.0,30.411
15452,5,2224,7961.678679311422,6018.312431179751,,,,874.0,30.397
15453,5,2225,7962.678679311422,6019.312431179751,,,,875.0,30.385
15454,5,2226,7963.678679311422,6020.312431179751,,,,877.0,30.376
15455,5,2227,7964.678679311422,6021.312431179751,,,,879.0,30.373
15488,5,2260,7997.678679311422,6054.312431179751,,,,899.0,30.369
15489,5,2261,7998.678679311422,6055.312431179751,,,,898.0,30.359
15490,5,2262,7999.678679311422,6056.312431179751,,,,896.0,30.351
15491,5,2263,8000.678679311422,6057.312431179751,,,,898.0,30.347
15492,5,2264,8001.678679311422,6058.312431179751,,,,899.0,30.345
16072,5,2844,8581.678679311422,6638.312431179751,,,,1395.0,30.335
16073,5,2845,8582.678679311422,6639.312431179751,,,,1395.0,30.322
16074,5,2846,8583.678679311422,6640.312431179751,,,,1393.0,30.307
16075,5,2847,8584.678679311422,6641.312431179751,,,,1389.0,30.293
16076,5,2848,8585.678679311422,6642.312431179751,,,,1386.0,30.278
16077,5,2849,8586.678679311422,6643.312431179751,,,,1386.0,30.266
16078,5,2850,8587.678679311422,6644.312431179751,,,,1386.0,30.255
16079,5,2851,8588.678679311422,6645.312431179751,,,,1386.0,30.246
16080,5,2852,8589.678679311422,6646.312431179751,,,,1385.0,30.238
16081,5,2853,8590.678679311422,6647.312431179751,,,,1382.0,30.23
16082,5,2854,8591.678679311422,6648.312431179751,,,,1379.0,30.22
16083,5,2855,8592.678679311422,6649.312431179751,,,,1374.0,30.21
16084,5,2856,8593.678679311422,6650.312431179751,,,,1368.0,30.195
16085,5,2857,8594.678679311422,6651.312431179751,,,,1365.0,30.181
16086,5,2858,8595.678679311422,6652.312431179751,,,,1363.0,30.167
16087,5,2859,8596.678679311422,6653.312431179751,,,,1364.0,30.154
16088,5,2860,8597.678679311422,6654.312431179751,,,,1363.0,30.142
16089,5,2861,8598.678679311422,6655.312431179751,,,,1359.0,30.129
16090,5,2862,8599.678679311422,6656.312431179751,,,,1355.0,30.116
16091,5,2863,8600.678679311422,6657.312431179751,,,,1352.0,30.102
16092,5,2864,8601.678679311422,6658.312431179751,,,,1348.0,30.089
16093,5,2865,8602.678679311422,6659.312431179751,,,,1345.0,30.076
16094,5,2866,8603.678679311422,6660.312431179751,,,,1343.0,30.063
16095,5,2867,8604.678679311422,6661.312431179751,,,,1340.0,30.05
16096,5,2868,8605.678679311422,6662.312431179751,,,,1335.0,30.037
16097,5,2869,8606.678679311422,6663.312431179751,,,,1331.0,30.023
16098,5,2870,8607.678679311422,6664.312431179751,,,,1327.0,30.009
16099,5,2871,8608.678679311422,6665.312431179751,,,,1324.0,29.993
16100,5,2872,8609.678679311422,6666.312431179751,,,,1324.0,29.98
16101,5,2873,8610.678679311422,6667.312431179751,,,,1326.0,29.967
16102,5,2874,8611.678679311422,6668.312431179751,,,,1327.0,29.956
16103,5,2875,8612.678679311422,6669.312431179751,,,,1327.0,29.945
16104,5,2876,8613.678679311422,6670.312431179751,,,,1325.0,29.934
16105,5,2877,8614.678679311422,6671.312431179751,,,,1323.0,29.921
16106,5,2878,8615.678679311422,6672.312431179751,,,,1318.0,29.908
16107,5,2879,8616.678679311422,6673.312431179751,,,,1315.0,29.892
16108,5,2880,8617.678679311422,6674.312431179751,,,,1313.0,29.875
16109,5,2881,8618.678679311422,6675.312431179751,,,,1312.0,29.86
16110,5,2882,8619.678679311422,6676.312431179751,,,,1312.0,29.844
16111,5,2883,8620.678679311422,6677.312431179751,,,,1312.0,29.83
16112,5,2884,8621.678679311422,6678.312431179751,,,,1313.0,29.814
16113,5,2885,8622.678679311422,6679.312431179751,,,,1312.0,29.8
16114,5,2886,8623.678679311422,6680.312431179751,,,,1309.0,29.784
16115,5,2887,8624.678679311422,6681.312431179751,,,,1304.0,29.765
16116,5,2888,8625.678679311422,6682.312431179751,,,,1301.0,29.747
16117,5,2889,8626.678679311422,6683.312431179751,,,,1301.0,29.731
16118,5,2890,8627.678679311422,6684.312431179751,,,,1302.0,29.717
16119,5,2891,8628.678679311422,6685.312431179751,,,,1305.0,29.702
16120,5,2892,8629.678679311422,6686.312431179751,,,,1306.0,29.689
16121,5,2893,8630.678679311422,6687.312431179751,,,,1307.0,29.676
16122,5,2894,8631.678679311422,6688.312431179751,,,,1308.0,29.663
16123,5,2895,8632.678679311422,6689.312431179751,,,,1308.0,29.651
16124,5,2896,8633.678679311422,6690.312431179751,,,,1309.0,29.64
16125,5,2897,8634.678679311422,6691.312431179751,,,,1310.0,29.629
16126,5,2898,8635.678679311422,6692.312431179751,,,,1313.0,29.618
16127,5,2899,8636.678679311422,6693.312431179751,,,,1316.0,29.608
16128,5,2900,8637.678679311422,6694.312431179751,,,,1318.0,29.598
16129,5,2901,8638.678679311422,6695.312431179751,,,,1320.0,29.59
16130,5,2902,8639.678679311422,6696.312431179751,,,,1322.0,29.584
16131,5,2903,8640.678679311422,6697.312431179751,,,,1325.0,29.58
16132,5,2904,8641.678679311422,6698.312431179751,,,,1325.0,29.578
16196,5,2968,8705.678679311422,6762.312431179751,,,,1362.0,29.576
16197,5,2969,8706.678679311422,6763.312431179751,,,,1362.0,29.572
16198,5,2970,8707.678679311422,6764.312431179751,,,,1360.0,29.569
16199,5,2971,8708.678679311422,6765.312431179751,,,,1360.0,29.563
16200,5,2972,8709.678679311422,6766.312431179751,,,,1361.0,29.559
16201,5,2973,8710.678679311422,6767.312431179751,,,,1361.0,29.554
16202,5,2974,8711.678679311422,6768.312431179751,,,,1362.0,29.549
16203,5,2975,8712.678679311422,6769.312431179751,,,,1363.0,29.544
16204,5,2976,8713.678679311422,6770.312431179751,,,,1364.0,29.541
16205,5,2977,8714.678679311422,6771.312431179751,,,,1363.0,29.539
16206,5,2978,8715.678679311422,6772.312431179751,,,,1362.0,29.538
16213,5,2985,8722.678679311422,6779.312431179751,,,,1361.0,29.536
16214,5,2986,8723.678679311422,6780.312431179751,,,,1362.0,29.533
16215,5,2987,8724.678679311422,6781.312431179751,,,,1360.0,29.531
16216,5,2988,8725.678679311422,6782.312431179751,,,,1360.0,29.529
16217,5,2989,8726.678679311422,6783.312431179751,,,,1359.0,29.528
16218,5,2990,8727.678679311422,6784.312431179751,,,,1360.0,29.527
16219,5,2991,8728.678679311422,6785.312431179751,,,,1361.0,29.525
16220,5,2992,8729.678679311422,6786.312431179751,,,,1361.0,29.524
16221,5,2993,8730.678679311422,6787.312431179751,,,,1358.0,29.522
16222,5,2994,8731.678679311422,6788.312431179751,,,,1357.0,29.521
16223,5,2995,8732.678679311422,6789.312431179751,,,,1358.0,29.519
16224,5,2996,8733.678679311422,6790.312431179751,,,,1359.0,29.517
16225,5,2997,8734.678679311422,6791.312431179751,,,,1363.0,29.515
16226,5,2998,8735.678679311422,6792.312431179751,,,,1362.0,29.514
16227,5,2999,8736.678679311422,6793.312431179751,,,,1360.0,29.513
16232,5,3004,8741.678679311422,6798.312431179751,,,,1357.0,29.512
16233,5,3005,8742.678679311422,6799.312431179751,,,,1358.0,29.51
16234,5,3006,8743.678679311422,6800.312431179751,,,,1358.0,29.507
16235,5,3007,8744.678679311422,6801.312431179751,,,,1359.0,29.501
16236,5,3008,8745.678679311422,6802.312431179751,,,,1359.0,29.496
16237,5,3009,8746.678679311422,6803.312431179751,,,,1359.0,29.489
16238,5,3010,8747.678679311422,6804.312431179751,,,,1360.0,29.482
16239,5,3011,8748.678679311422,6805.312431179751,,,,1361.0,29.475
16240,5,3012,8749.678679311422,6806.312431179751,,,,1361.0,29.468
16241,5,3013,8750.678679311422,6807.312431179751,,,,1362.0,29.463
16242,5,3014,8751.678679311422,6808.312431179751,,,,1362.0,29.457
16243,5,3015,8752.678679311422,6809.312431179751,,,,1364.0,29.45
16244,5,3016,8753.678679311422,6810.312431179751,,,,1367.0,29.445
16245,5,3017,8754.678679311422,6811.312431179751,,,,1370.0,29.44
16246,5,3018,8755.678679311422,6812.312431179751,,,,1372.0,29.436
16247,5,3019,8756.678679311422,6813.312431179751,,,,1374.0,29.432
16248,5,3020,8757.678679311422,6814.312431179751,,,,1375.0,29.429
16249,5,3021,8758.678679311422,6815.312431179751,,,,1376.0,29.425
16250,5,3022,8759.678679311422,6816.312431179751,,,,1376.0,29.42
16251,5,3023,8760.678679311422,6817.312431179751,,,,1378.0,29.415
16252,5,3024,8761.678679311422,6818.312431179751,,,,1379.0,29.41
16253,5,3025,8762.678679311422,6819.312431179751,,,,1383.0,29.407
16276,5,3048,8785.678679311422,6842.312431179751,,,,1418.0,29.4
16277,5,3049,8786.678679311422,6843.312431179751,,,,1419.0,29.387
16278,5,3050,8787.678679311422,6844.312431179751,,,,1421.0,29.375
16279,5,3051,8788.678679311422,6845.312431179751,,,,1423.0,29.363
16280,5,3052,8789.678679311422,6846.312431179751,,,,1424.0,29.355
16281,5,3053,8790.678679311422,6847.312431179751,,,,1424.0,29.347
16282,5,3054,8791.678679311422,6848.312431179751,,,,1423.0,29.342
16283,5,3055,8792.678679311422,6849.312431179751,,,,1424.0,29.339
16284,5,3056,8793.678679311422,6850.312431179751,,,,1425.0,29.337
16296,5,3068,8805.678679311422,6862.312431179751,,,,1426.0,29.334
16297,5,3069,8806.678679311422,6863.312431179751,,,,1427.0,29.325
16298,5,3070,8807.678679311422,6864.312431179751,,,,1428.0,29.313
16299,5,3071,8808.678679311422,6865.312431179751,,,,1429.0,29.301
16300,5,3072,8809.678679311422,6866.312431179751,,,,1431.0,29.291
16301,5,3073,8810.678679311422,6867.312431179751,,,,1434.0,29.28
16302,5,3074,8811.678679311422,6868.312431179751,,,,1436.0,29.271
16303,5,3075,8812.678679311422,6869.312431179751,,,,1438.0,29.262
16304,5,3076,8813.678679311422,6870.312431179751,,,,1439.0,29.254
16305,5,3077,8814.678679311422,6871.312431179751,,,,1438.0,29.244
16306,5,3078,8815.678679311422,6872.312431179751,,,,1437.0,29.236
16307,5,3079,8816.678679311422,6873.312431179751,,,,1436.0,29.226
16308,5,3080,8817.678679311422,6874.312431179751,,,,1435.0,29.215
16309,5,3081,8818.678679311422,6875.312431179751,,,,1432.0,29.205
16310,5,3082,8819.678679311422,6876.312431179751,,,,1430.0,29.193
16311,5,3083,8820.678679311422,6877.312431179751,,,,1430.0,29.183
16312,5,3084,8821.678679311422,6878.312431179751,,,,1429.0,29.172
16313,5,3085,8822.678679311422,6879.312431179751,,,,1426.0,29.163
16314,5,3086,8823.678679311422,6880.312431179751,,,,1424.0,29.155
16315,5,3087,8824.678679311422,6881.312431179751,,,,1422.0,29.148
16316,5,3088,8825.678679311422,6882.312431179751,,,,1421.0,29.143
16317,5,3089,8826.678679311422,6883.312431179751,,,,1420.0,29.139
16318,5,3090,8827.678679311422,6884.312431179751,,,,1420.0,29.136
16319,5,3091,8828.678679311422,6885.312431179751,,,,1421.0,29.133
16320,5,3092,8829.678679311422,6886.312431179751,,,,1426.0,29.132
16328,5,3100,8837.678679311422,6894.312431179751,,,,1415.0,29.127
16329,5,3101,8838.678679311422,6895.312431179751,,,,1415.0,29.122
16330,5,3102,8839.678679311422,6896.312431179751,,,,1417.0,29.118
16331,5,3103,8840.678679311422,6897.312431179751,,,,1419.0,29.114
16332,5,3104,8841.678679311422,6898.312431179751,,,,1420.0,29.111
16333,5,3105,8842.678679311422,6899.312431179751,,,,1420.0,29.11
16334,5,3106,8843.678679311422,6900.312431179751,,,,1419.0,29.109
16335,5,3107,8844.678679311422,6901.312431179751,,,,1419.0,29.108
16336,5,3108,8845.678679311422,6902.312431179751,,,,1419.0,29.106
16337,5,3109,8846.678679311422,6903.312431179751,,,,1420.0,29.105
16338,5,3110,8847.678679311422,6904.312431179751,,,,1420.0,29.101
16339,5,3111,8848.678679311422,6905.312431179751,,,,1422.0,29.097
16340,5,3112,8849.678679311422,6906.312431179751,,,,1424.0,29.093
16341,5,3113,8850.678679311422,6907.312431179751,,,,1427.0,29.091
16355,5,3127,8864.678679311422,6921.312431179751,,,,1424.0,29.089
16356,5,3128,8865.678679311422,6922.312431179751,,,,1424.0,29.08
16357,5,3129,8866.678679311422,6923.312431179751,,,,1420.0,29.068
16358,5,3130,8867.678679311422,6924.312431179751,,,,1418.0,29.054
16359,5,3131,8868.678679311422,6925.312431179751,,,,1417.0,29.037
16360,5,3132,8869.678679311422,6926.312431179751,,,,1418.0,29.023
16361,5,3133,8870.678679311422,6927.312431179751,,,,1419.0,29.01
16362,5,3134,8871.678679311422,6928.312431179751,,,,1421.0,28.997
16363,5,3135,8872.678679311422,6929.312431179751,,,,1423.0,28.986
16364,5,3136,8873.678679311422,6930.312431179751,,,,1422.0,28.975
16365,5,3137,8874.678679311422,6931.312431179751,,,,1421.0,28.964
16366,5,3138,8875.678679311422,6932.312431179751,,,,1420.0,28.954
16367,5,3139,8876.678679311422,6933.312431179751,,,,1420.0,28.942
16368,5,3140,8877.678679311422,6934.312431179751,,,,1418.0,28.93
16369,5,3141,8878.678679311422,6935.312431179751,,,,1416.0,28.916
16370,5,3142,8879.678679311422,6936.312431179751,,,,1418.0,28.903
16371,5,3143,8880.678679311422,6937.312431179751,,,,1420.0,28.89
16372,5,3144,8881.678679311422,6938.312431179751,,,,1420.0,28.879
16373,5,3145,8882.678679311422,6939.312431179751,,,,1422.0,28.867
16374,5,3146,8883.678679311422,6940.312431179751,,,,1421.0,28.855
16375,5,3147,8884.678679311422,6941.312431179751,,,,1421.0,28.843
16376,5,3148,8885.678679311422,6942.312431179751,,,,1420.0,28.833
16377,5,3149,8886.678679311422,6943.312431179751,,,,1421.0,28.823
16378,5,3150,8887.678679311422,6944.312431179751,,,,1422.0,28.815
16379,5,3151,8888.678679311422,6945.312431179751,,,,1423.0,28.807
16380,5,3152,8889.678679311422,6946.312431179751,,,,1422.0,28.8
16381,5,3153,8890.678679311422,6947.312431179751,,,,1421.0,28.794
16382,5,3154,8891.678679311422,6948.312431179751,,,,1422.0,28.787
16383,5,3155,8892.678679311422,6949.312431179751,,,,1424.0,28.782
16384,5,3156,8893.678679311422,6950.312431179751,,,,1426.0,28.775
16385,5,3157,8894.678679311422,6951.312431179751,,,,1428.0,28.771
16386,5,3158,8895.678679311422,6952.312431179751,,,,1431.0,28.769
16387,5,3159,8896.678679311422,6953.312431179751,,,,1431.0,28.767
16401,5,3173,8910.678679311422,6967.312431179751,,,,1438.0,28.766
16402,5,3174,8911.678679311422,6968.312431179751,,,,1436.0,28.758
16403,5,3175,8912.678679311422,6969.312431179751,,,,1433.0,28.749
16404,5,3176,8913.678679311422,6970.312431179751,,,,1432.0,28.739
16405,5,3177,8914.678679311422,6971.312431179751,,,,1431.0,28.726
16406,5,3178,8915.678679311422,6972.312431179751,,,,1431.0,28.713
16407,5,3179,8916.678679311422,6973.312431179751,,,,1430.0,28.701
16408,5,3180,8917.678679311422,6974.312431179751,,,,1429.0,28.689
16409,5,3181,8918.678679311422,6975.312431179751,,,,1428.0,28.677
16410,5,3182,8919.678679311422,6976.312431179751,,,,1429.0,28.667
16411,5,3183,8920.678679311422,6977.312431179751,,,,1426.0,28.654
16412,5,3184,8921.678679311422,6978.312431179751,,,,1422.0,28.642
16413,5,3185,8922.678679311422,6979.312431179751,,,,1419.0,28.629
16414,5,3186,8923.678679311422,6980.312431179751,,,,1418.0,28.616
16415,5,3187,8924.678679311422,6981.312431179751,,,,1419.0,28.604
16416,5,3188,8925.678679311422,6982.312431179751,,,,1420.0,28.595
16417,5,3189,8926.678679311422,6983.312431179751,,,,1419.0,28.586
16418,5,3190,8927.678679311422,6984.312431179751,,,,1416.0,28.579
16419,5,3191,8928.678679311422,6985.312431179751,,,,1413.0,28.571
16420,5,3192,8929.678679311422,6986.312431179751,,,,1411.0,28.564
16421,5,3193,8930.678679311422,6987.312431179751,,,,1412.0,28.556
16422,5,3194,8931.678679311422,6988.312431179751,,,,1411.0,28.548
16423,5,3195,8932.678679311422,6989.312431179751,,,,1409.0,28.539
16424,5,3196,8933.678679311422,6990.312431179751,,,,1407.0,28.532
16425,5,3197,8934.678679311422,6991.312431179751,,,,1407.0,28.523
16426,5,3198,8935.678679311422,6992.312431179751,,,,1405.0,28.513
16427,5,3199,8936.678679311422,6993.312431179751,,,,1403.0,28.501
16428,5,3200,8937.678679311422,6994.312431179751,,,,1401.0,28.486
16429,5,3201,8938.678679311422,6995.312431179751,,,,1398.0,28.47
16430,5,3202,8939.678679311422,6996.312431179751,,,,1393.0,28.451
16431,5,3203,8940.678679311422,6997.312431179751,,,,1390.0,28.432
16432,5,3204,8941.678679311422,6998.312431179751,,,,1391.0,28.414
16433,5,3205,8942.678679311422,6999.312431179751,,,,1391.0,28.396
16434,5,3206,8943.678679311422,7000.312431179751,,,,1393.0,28.379
16435,5,3207,8944.678679311422,7001.312431179751,,,,1393.0,28.364
16436,5,3208,8945.678679311422,7002.312431179751,,,,1391.0,28.349
16437,5,3209,8946.678679311422,7003.312431179751,,,,1391.0,28.335
16438,5,3210,8947.678679311422,7004.312431179751,,,,1392.0,28.322
16439,5,3211,8948.678679311422,7005.312431179751,,,,1390.0,28.311
16440,5,3212,8949.678679311422,7006.312431179751,,,,1391.0,28.299
16441,5,3213,8950.678679311422,7007.312431179751,,,,1391.0,28.288
16442,5,3214,8951.678679311422,7008.312431179751,,,,1390.0,28.278
16443,5,3215,8952.678679311422,7009.312431179751,,,,1389.0,28.266
16444,5,3216,8953.678679311422,7010.312431179751,,,,1390.0,28.255
16445,5,3217,8954.678679311422,7011.312431179751,,,,1391.0,28.242
16446,5,3218,8955.678679311422,7012.312431179751,,,,1391.0,28.229
16447,5,3219,8956.678679311422,7013.312431179751,,,,1391.0,28.215
16448,5,3220,8957.678679311422,7014.312431179751,,,,1391.0,28.201
16449,5,3221,8958.678679311422,7015.312431179751,,,,1388.0,28.184
16450,5,3222,8959.678679311422,7016.312431179751,,,,1387.0,28.168
16451,5,3223,8960.678679311422,7017.312431179751,,,,1385.0,28.15
16452,5,3224,8961.678679311422,7018.312431179751,,,,1382.0,28.131
16453,5,3225,8962.678679311422,7019.312431179751,,,,1379.0,28.111
16454,5,3226,8963.678679311422,7020.312431179751,,,,1379.0,28.093
16455,5,3227,8964.678679311422,7021.312431179751,,,,1378.0,28.077
16456,5,3228,8965.678679311422,7022.312431179751,,,,1379.0,28.06
16457,5,3229,8966.678679311422,7023.312431179751,,,,1378.0,28.043
16458,5,3230,8967.678679311422,7024.312431179751,,,,1378.0,28.027
16459,5,3231,8968.678679311422,7025.312431179751,,,,1377.0,28.011
16460,5,3232,8969.678679311422,7026.312431179751,,,,1374.0,27.995
16461,5,3233,8970.678679311422,7027.312431179751,,,,1373.0,27.977
16462,5,3234,8971.678679311422,7028.312431179751,,,,1371.0,27.96
16463,5,3235,8972.678679311422,7029.312431179751,,,,1370.0,27.945
16464,5,3236,8973.678679311422,7030.312431179751,,,,1368.0,27.93
16465,5,3237,8974.678679311422,7031.312431179751,,,,1367.0,27.914
16466,5,3238,8975.678679311422,7032.312431179751,,,,1365.0,27.9
16467,5,3239,8976.678679311422,7033.312431179751,,,,1362.0,27.887
16468,5,3240,8977.678679311422,7034.312431179751,,,,1359.0,27.872
16469,5,3241,8978.678679311422,7035.312431179751,,,,1356.0,27.857
16470,5,3242,8979.678679311422,7036.312431179751,,,,1355.0,27.84
16471,5,3243,8980.678679311422,7037.312431179751,,,,1352.0,27.825
16472,5,3244,8981.678679311422,7038.312431179751,,,,1351.0,27.808
16473,5,3245,8982.678679311422,7039.312431179751,,,,1351.0,27.791
16474,5,3246,8983.678679311422,7040.312431179751,,,,1351.0,27.774
16475,5,3247,8984.678679311422,7041.312431179751,,,,1351.0,27.759
16476,5,3248,8985.678679311422,7042.312431179751,,,,1352.0,27.745
16477,5,3249,8986.678679311422,7043.312431179751,,,,1353.0,27.731
16478,5,3250,8987.678679311422,7044.312431179751,,,,1354.0,27.717
16479,5,3251,8988.678679311422,7045.312431179751,,,,1354.0,27.701
16480,5,3252,8989.678679311422,7046.312431179751,,,,1352.0,27.686
16481,5,3253,8990.678679311422,7047.312431179751,,,,1352.0,27.669
16482,5,3254,8991.678679311422,7048.312431179751,,,,1351.0,27.651
16483,5,3255,8992.678679311422,7049.312431179751,,,,1350.0,27.633
16484,5,3256,8993.678679311422,7050.312431179751,,,,1348.0,27.615
16485,5,3257,8994.678679311422,7051.312431179751,,,,1345.0,27.6
16486,5,3258,8995.678679311422,7052.312431179751,,,,1346.0,27.586
16487,5,3259,8996.678679311422,7053.312431179751,,,,1340.0,27.572
16488,5,3260,8997.678679311422,7054.312431179751,,,,1337.0,27.556
16489,5,3261,8998.678679311422,7055.312431179751,,,,1333.0,27.541
16490,5,3262,8999.678679311422,7056.312431179751,,,,1330.0,27.525
16491,5,3263,9000.678679311422,7057.312431179751,,,,1328.0,27.509
16492,5,3264,9001.678679311422,7058.312431179751,,,,1323.0,27.492
16493,5,3265,9002.678679311422,7059.312431179751,,,,1321.0,27.475
16494,5,3266,9003.678679311422,7060.312431179751,,,,1319.0,27.457
16495,5,3267,9004.678679311422,7061.312431179751,,,,1318.0,27.442
16496,5,3268,9005.678679311422,7062.312431179751,,,,1316.0,27.426
16497,5,3269,9006.678679311422,7063.312431179751,,,,1316.0,27.412
16498,5,3270,9007.678679311422,7064.312431179751,,,,1314.0,27.398
16499,5,3271,9008.678679311422,7065.312431179751,,,,1315.0,27.384
16500,5,3272,9009.678679311422,7066.312431179751,,,,1314.0,27.369
16501,5,3273,9010.678679311422,7067.312431179751,,,,1310.0,27.354
16502,5,3274,9011.678679311422,7068.312431179751,,,,1307.0,27.337
16503,5,3275,9012.678679311422,7069.312431179751,,,,1304.0,27.318
16504,5,3276,9013.678679311422,7070.312431179751,,,,1303.0,27.299
16505,5,3277,9014.678679311422,7071.312431179751,,,,1303.0,27.279
16506,5,3278,9015.678679311422,7072.312431179751,,,,1302.0,27.261
16507,5,3279,9016.678679311422,7073.312431179751,,,,1303.0,27.245
16508,5,3280,9017.678679311422,7074.312431179751,,,,1302.0,27.229
16509,5,3281,9018.678679311422,7075.312431179751,,,,1301.0,27.213
16510,5,3282,9019.678679311422,7076.312431179751,,,,1299.0,27.197
16511,5,3283,9020.678679311422,7077.312431179751,,,,1298.0,27.179
16512,5,3284,9021.678679311422,7078.312431179751,,,,1296.0,27.161
16513,5,3285,9022.678679311422,7079.312431179751,,,,1297.0,27.142
16514,5,3286,9023.678679311422,7080.312431179751,,,,1294.0,27.124
16515,5,3287,9024.678679311422,7081.312431179751,,,,1292.0,27.108
16516,5,3288,9025.678679311422,7082.312431179751,,,,1292.0,27.091
16517,5,3289,9026.678679311422,7083.312431179751,,,,1292.0,27.075
16518,5,3290,9027.678679311422,7084.312431179751,,,,1290.0,27.06
16519,5,3291,9028.678679311422,7085.312431179751,,,,1289.0,27.045
16520,5,3292,9029.678679311422,7086.312431179751,,,,1285.0,27.025
16521,5,3293,9030.678679311422,7087.312431179751,,,,1282.0,27.006
16522,5,3294,9031.678679311422,7088.312431179751,,,,1278.0,26.986
16523,5,3295,9032.678679311422,7089.312431179751,,,,1278.0,26.965
16524,5,3296,9033.678679311422,7090.312431179751,,,,1276.0,26.946
16525,5,3297,9034.678679311422,7091.312431179751,,,,1277.0,26.928
16526,5,3298,9035.678679311422,7092.312431179751,,,,1275.0,26.91
16527,5,3299,9036.678679311422,7093.312431179751,,,,1274.0,26.893
16528,5,3300,9037.678679311422,7094.312431179751,,,,1272.0,26.876
16529,5,3301,9038.678679311422,7095.312431179751,,,,1270.0,26.857
16530,5,3302,9039.678679311422,7096.312431179751,,,,1265.0,26.839
16531,5,3303,9040.678679311422,7097.312431179751,,,,1262.0,26.819
16532,5,3304,9041.678679311422,7098.312431179751,,,,1258.0,26.798
16533,5,3305,9042.678679311422,7099.312431179751,,,,1257.0,26.779
16534,5,3306,9043.678679311422,7100.312431179751,,,,1254.0,26.76
16535,5,3307,9044.678679311422,7101.312431179751,,,,1253.0,26.742
16536,5,3308,9045.678679311422,7102.312431179751,,,,1251.0,26.725
16537,5,3309,9046.678679311422,7103.312431179751,,,,1249.0,26.708
16538,5,3310,9047.678679311422,7104.312431179751,,,,1249.0,26.69
16539,5,3311,9048.678679311422,7105.312431179751,,,,1247.0,26.672
16540,5,3312,9049.678679311422,7106.312431179751,,,,1245.0,26.654
16541,5,3313,9050.678679311422,7107.312431179751,,,,1242.0,26.637
16542,5,3314,9051.678679311422,7108.312431179751,,,,1240.0,26.619
16543,5,3315,9052.678679311422,7109.312431179751,,,,1238.0,26.599
16544,5,3316,9053.678679311422,7110.312431179751,,,,1236.0,26.58
16545,5,3317,9054.678679311422,7111.312431179751,,,,1234.0,26.562
16546,5,3318,9055.678679311422,7112.312431179751,,,,1233.0,26.543
16547,5,3319,9056.678679311422,7113.312431179751,,,,1231.0,26.525
16548,5,3320,9057.678679311422,7114.312431179751,,,,1231.0,26.508
16549,5,3321,9058.678679311422,7115.312431179751,,,,1231.0,26.492
16550,5,3322,9059.678679311422,7116.312431179751,,,,1230.0,26.475
16551,5,3323,9060.678679311422,7117.312431179751,,,,1228.0,26.457
16552,5,3324,9061.678679311422,7118.312431179751,,,,1225.0,26.439
16553,5,3325,9062.678679311422,7119.312431179751,,,,1224.0,26.421
16554,5,3326,9063.678679311422,7120.312431179751,,,,1223.0,26.403
16555,5,3327,9064.678679311422,7121.312431179751,,,,1222.0,26.386
16556,5,3328,9065.678679311422,7122.312431179751,,,,1221.0,26.37
16557,5,3329,9066.678679311422,7123.312431179751,,,,1220.0,26.353
16558,5,3330,9067.678679311422,7124.312431179751,,,,1220.0,26.336
16559,5,3331,9068.678679311422,7125.312431179751,,,,1220.0,26.32
16560,5,3332,9069.678679311422,7126.312431179751,,,,1220.0,26.302
16561,5,3333,9070.678679311422,7127.312431179751,,,,1219.0,26.285
16562,5,3334,9071.678679311422,7128.312431179751,,,,1217.0,26.268
16563,5,3335,9072.678679311422,7129.312431179751,,,,1214.0,26.25
16564,5,3336,9073.678679311422,7130.312431179751,,,,1213.0,26.232
16565,5,3337,9074.678679311422,7131.312431179751,,,,1211.0,26.214
16566,5,3338,9075.678679311422,7132.312431179751,,,,1210.0,26.196
16567,5,3339,9076.678679311422,7133.312431179751,,,,1209.0,26.178
16568,5,3340,9077.678679311422,7134.312431179751,,,,1208.0,26.162
16569,5,3341,9078.678679311422,7135.312431179751,,,,1207.0,26.144
16570,5,3342,9079.678679311422,7136.312431179751,,,,1207.0,26.127
16571,5,3343,9080.678679311422,7137.312431179751,,,,1211.0,26.11
16572,5,3344,9081.678679311422,7138.312431179751,,,,1212.0,26.094
16573,5,3345,9082.678679311422,7139.312431179751,,,,1213.0,26.076
16574,5,3346,9083.678679311422,7140.312431179751,,,,1211.0,26.058
16575,5,3347,9084.678679311422,7141.312431179751,,,,1210.0,26.041
16576,5,3348,9085.678679311422,7142.312431179751,,,,1206.0,26.024
16577,5,3349,9086.678679311422,7143.312431179751,,,,1208.0,26.01
16578,5,3350,9087.678679311422,7144.312431179751,,,,1208.0,25.995
16579,5,3351,9088.678679311422,7145.312431179751,,,,1208.0,25.981
16580,5,3352,9089.678679311422,7146.312431179751,,,,1212.0,25.968
16581,5,3353,9090.678679311422,7147.312431179751,,,,1215.0,25.955
16582,5,3354,9091.678679311422,7148.312431179751,,,,1214.0,25.945
16583,5,3355,9092.678679311422,7149.312431179751,,,,1210.0,25.934
16584,5,3356,9093.678679311422,7150.312431179751,,,,1207.0,25.922
16585,5,3357,9094.678679311422,7151.312431179751,,,,1206.0,25.909
16586,5,3358,9095.678679311422,7152.312431179751,,,,1207.0,25.894
16587,5,3359,9096.678679311422,7153.312431179751,,,,1206.0,25.88
16588,5,3360,9097.678679311422,7154.312431179751,,,,1205.0,25.866
16589,5,3361,9098.678679311422,7155.312431179751,,,,1205.0,25.852
16590,5,3362,9099.678679311422,7156.312431179751,,,,1202.0,25.834
16591,5,3363,9100.678679311422,7157.312431179751,,,,1196.0,25.813
16592,5,3364,9101.678679311422,7158.312431179751,,,,1191.0,25.793
16593,5,3365,9102.678679311422,7159.312431179751,,,,1188.0,25.771
16594,5,3366,9103.678679311422,7160.312431179751,,,,1186.0,25.752
16595,5,3367,9104.678679311422,7161.312431179751,,,,1189.0,25.734
16596,5,3368,9105.678679311422,7162.312431179751,,,,1189.0,25.717
16597,5,3369,9106.678679311422,7163.312431179751,,,,1191.0,25.699
16598,5,3370,9107.678679311422,7164.312431179751,,,,1191.0,25.682
16599,5,3371,9108.678679311422,7165.312431179751,,,,1191.0,25.664
16600,5,3372,9109.678679311422,7166.312431179751,,,,1191.0,25.646
16601,5,3373,9110.678679311422,7167.312431179751,,,,1192.0,25.628
16602,5,3374,9111.678679311422,7168.312431179751,,,,1191.0,25.612
16603,5,3375,9112.678679311422,7169.312431179751,,,,1188.0,25.595
16604,5,3376,9113.678679311422,7170.312431179751,,,,1187.0,25.578
16605,5,3377,9114.678679311422,7171.312431179751,,,,1184.0,25.563
16606,5,3378,9115.678679311422,7172.312431179751,,,,1182.0,25.546
16607,5,3379,9116.678679311422,7173.312431179751,,,,1180.0,25.531
16608,5,3380,9117.678679311422,7174.312431179751,,,,1179.0,25.517
16609,5,3381,9118.678679311422,7175.312431179751,,,,1179.0,25.501
16610,5,3382,9119.678679311422,7176.312431179751,,,,1179.0,25.486
16611,5,3383,9120.678679311422,7177.312431179751,,,,1178.0,25.472
16612,5,3384,9121.678679311422,7178.312431179751,,,,1175.0,25.457
16613,5,3385,9122.678679311422,7179.312431179751,,,,1172.0,25.44
16614,5,3386,9123.678679311422,7180.312431179751,,,,1173.0,25.422
16615,5,3387,9124.678679311422,7181.312431179751,,,,1172.0,25.403
16616,5,3388,9125.678679311422,7182.312431179751,,,,1172.0,25.384
16617,5,3389,9126.678679311422,7183.312431179751,,,,1170.0,25.366
16618,5,3390,9127.678679311422,7184.312431179751,,,,1170.0,25.348
16619,5,3391,9128.678679311422,7185.312431179751,,,,1171.0,25.33
16620,5,3392,9129.678679311422,7186.312431179751,,,,1170.0,25.313
16621,5,3393,9130.678679311422,7187.312431179751,,,,1169.0,25.296
16622,5,3394,9131.678679311422,7188.312431179751,,,,1168.0,25.28
16623,5,3395,9132.678679311422,7189.312431179751,,,,1167.0,25.263
16624,5,3396,9133.678679311422,7190.312431179751,,,,1168.0,25.245
16625,5,3397,9134.678679311422,7191.312431179751,,,,1168.0,25.228
16626,5,3398,9135.678679311422,7192.312431179751,,,,1169.0,25.212
16627,5,3399,9136.678679311422,7193.312431179751,,,,1168.0,25.195
16628,5,3400,9137.678679311422,7194.312431179751,,,,1168.0,25.18
16629,5,3401,9138.678679311422,7195.312431179751,,,,1167.0,25.163
16630,5,3402,9139.678679311422,7196.312431179751,,,,1166.0,25.146
16631,5,3403,9140.678679311422,7197.312431179751,,,,1167.0,25.131
16632,5,3404,9141.678679311422,7198.312431179751,,,,1167.0,25.114
16633,5,3405,9142.678679311422,7199.312431179751,,,,1166.0,25.099
16634,5,3406,9143.678679311422,7200.312431179751,,,,1164.0,25.081
16635,5,3407,9144.678679311422,7201.312431179751,,,,1164.0,25.064
16636,5,3408,9145.678679311422,7202.312431179751,,,,1165.0,25.047
16637,5,3409,9146.678679311422,7203.312431179751,,,,1165.0,25.029
16638,5,3410,9147.678679311422,7204.312431179751,,,,1166.0,25.013
16639,5,3411,9148.678679311422,7205.312431179751,,,,1165.0,24.999
16640,5,3412,9149.678679311422,7206.312431179751,,,,1162.0,24.984
16641,5,3413,9150.678679311422,7207.312431179751,,,,1160.0,24.968
16642,5,3414,9151.678679311422,7208.312431179751,,,,1156.0,24.95
16643,5,3415,9152.678679311422,7209.312431179751,,,,1154.0,24.931
16644,5,3416,9153.678679311422,7210.312431179751,,,,1153.0,24.913
16645,5,3417,9154.678679311422,7211.312431179751,,,,1152.0,24.897
16646,5,3418,9155.678679311422,7212.312431179751,,,,1150.0,24.88
16647,5,3419,9156.678679311422,7213.312431179751,,,,1150.0,24.866
16648,5,3420,9157.678679311422,7214.312431179751,,,,1146.0,24.85
16649,5,3421,9158.678679311422,7215.312431179751,,,,1141.0,24.835
16650,5,3422,9159.678679311422,7216.312431179751,,,,1136.0,24.818
16651,5,3423,9160.678679311422,7217.312431179751,,,,1134.0,24.8
16652,5,3424,9161.678679311422,7218.312431179751,,,,1132.0,24.784
16653,5,3425,9162.678679311422,7219.312431179751,,,,1133.0,24.767
16654,5,3426,9163.678679311422,7220.312431179751,,,,1130.0,24.752
16655,5,3427,9164.678679311422,7221.312431179751,,,,1129.0,24.736
16656,5,3428,9165.678679311422,7222.312431179751,,,,1127.0,24.722
16657,5,3429,9166.678679311422,7223.312431179751,,,,1126.0,24.707
16658,5,3430,9167.678679311422,7224.312431179751,,,,1125.0,24.692
16659,5,3431,9168.678679311422,7225.312431179751,,,,1124.0,24.677
16660,5,3432,9169.678679311422,7226.312431179751,,,,1121.0,24.663
16661,5,3433,9170.678679311422,7227.312431179751,,,,1117.0,24.648
16662,5,3434,9171.678679311422,7228.312431179751,,,,1116.0,24.631
16663,5,3435,9172.678679311422,7229.312431179751,,,,1115.0,24.615
16664,5,3436,9173.678679311422,7230.312431179751,,,,1113.0,24.599
16665,5,3437,9174.678679311422,7231.312431179751,,,,1112.0,24.582
16666,5,3438,9175.678679311422,7232.312431179751,,,,1111.0,24.565
16667,5,3439,9176.678679311422,7233.312431179751,,,,1112.0,24.549
16668,5,3440,9177.678679311422,7234.312431179751,,,,1113.0,24.535
16669,5,3441,9178.678679311422,7235.312431179751,,,,1116.0,24.52
16670,5,3442,9179.678679311422,7236.312431179751,,,,1118.0,24.506
16671,5,3443,9180.678679311422,7237.312431179751,,,,1119.0,24.493
16672,5,3444,9181.678679311422,7238.312431179751,,,,1118.0,24.482
16673,5,3445,9182.678679311422,7239.312431179751,,,,1120.0,24.474
16674,5,3446,9183.678679311422,7240.312431179751,,,,1121.0,24.468
16675,5,3447,9184.678679311422,7241.312431179751,,,,1120.0,24.464
16676,5,3448,9185.678679311422,7242.312431179751,,,,1121.0,24.463
16718,5,3490,9227.678679311422,7284.312431179751,,,,1102.0,24.455
16719,5,3491,9228.678679311422,7285.312431179751,,,,1101.0,24.439
16720,5,3492,9229.678679311422,7286.312431179751,,,,1101.0,24.423
16721,5,3493,9230.678679311422,7287.312431179751,,,,1101.0,24.408
16722,5,3494,9231.678679311422,7288.312431179751,,,,1100.0,24.392
16723,5,3495,9232.678679311422,7289.312431179751,,,,1100.0,24.377
16724,5,3496,9233.678679311422,7290.312431179751,,,,1101.0,24.36
16725,5,3497,9234.678679311422,7291.312431179751,,,,1099.0,24.344
16726,5,3498,9235.678679311422,7292.312431179751,,,,1100.0,24.327
16727,5,3499,9236.678679311422,7293.312431179751,,,,1101.0,24.312
16728,5,3500,9237.678679311422,7294.312431179751,,,,1103.0,24.295
16729,5,3501,9238.678679311422,7295.312431179751,,,,1102.0,24.279
16730,5,3502,9239.678679311422,7296.312431179751,,,,1102.0,24.263
16731,5,3503,9240.678679311422,7297.312431179751,,,,1101.0,24.248
16732,5,3504,9241.678679311422,7298.312431179751,,,,1100.0,24.234
16733,5,3505,9242.678679311422,7299.312431179751,,,,1099.0,24.22
16734,5,3506,9243.678679311422,7300.312431179751,,,,1099.0,24.206
16735,5,3507,9244.678679311422,7301.312431179751,,,,1099.0,24.191
16736,5,3508,9245.678679311422,7302.312431179751,,,,1097.0,24.177
16737,5,3509,9246.678679311422,7303.312431179751,,,,1096.0,24.162
16738,5,3510,9247.678679311422,7304.312431179751,,,,1096.0,24.145
16739,5,3511,9248.678679311422,7305.312431179751,,,,1095.0,24.129
16740,5,3512,9249.678679311422,7306.312431179751,,,,1097.0,24.113
16741,5,3513,9250.678679311422,7307.312431179751,,,,1096.0,24.098
16742,5,3514,9251.678679311422,7308.312431179751,,,,1095.0,24.083
16743,5,3515,9252.678679311422,7309.312431179751,,,,1094.0,24.068
16744,5,3516,9253.678679311422,7310.312431179751,,,,1090.0,24.053
16745,5,3517,9254.678679311422,7311.312431179751,,,,1091.0,24.038
16746,5,3518,9255.678679311422,7312.312431179751,,,,1087.0,24.022
16747,5,3519,9256.678679311422,7313.312431179751,,,,1087.0,24.007
16748,5,3520,9257.678679311422,7314.312431179751,,,,1087.0,23.991
16749,5,3521,9258.678679311422,7315.312431179751,,,,1086.0,23.975
16750,5,3522,9259.678679311422,7316.312431179751,,,,1084.0,23.959
16751,5,3523,9260.678679311422,7317.312431179751,,,,1085.0,23.944
16752,5,3524,9261.678679311422,7318.312431179751,,,,1083.0,23.928
16753,5,3525,9262.678679311422,7319.312431179751,,,,1085.0,23.913
16754,5,3526,9263.678679311422,7320.312431179751,,,,1083.0,23.898
16755,5,3527,9264.678679311422,7321.312431179751,,,,1082.0,23.884
16756,5,3528,9265.678679311422,7322.312431179751,,,,1077.0,23.871
16757,5,3529,9266.678679311422,7323.312431179751,,,,1076.0,23.858
16758,5,3530,9267.678679311422,7324.312431179751,,,,1075.0,23.845
16759,5,3531,9268.678679311422,7325.312431179751,,,,1075.0,23.833
16760,5,3532,9269.678679311422,7326.312431179751,,,,1071.0,23.818
16761,5,3533,9270.678679311422,7327.312431179751,,,,1068.0,23.805
16762,5,3534,9271.678679311422,7328.312431179751,,,,1062.0,23.789
16763,5,3535,9272.678679311422,7329.312431179751,,,,1057.0,23.769
16764,5,3536,9273.678679311422,7330.312431179751,,,,1053.0,23.751
16765,5,3537,9274.678679311422,7331.312431179751,,,,1054.0,23.732
16766,5,3538,9275.678679311422,7332.312431179751,,,,1054.0,23.715
16767,5,3539,9276.678679311422,7333.312431179751,,,,1054.0,23.7
16768,5,3540,9277.678679311422,7334.312431179751,,,,1053.0,23.686
16769,5,3541,9278.678679311422,7335.312431179751,,,,1053.0,23.672
16770,5,3542,9279.678679311422,7336.312431179751,,,,1048.0,23.659
16771,5,3543,9280.678679311422,7337.312431179751,,,,1047.0,23.646
16772,5,3544,9281.678679311422,7338.312431179751,,,,1044.0,23.631
16773,5,3545,9282.678679311422,7339.312431179751,,,,1041.0,23.615
16774,5,3546,9283.678679311422,7340.312431179751,,,,1039.0,23.598
16775,5,3547,9284.678679311422,7341.312431179751,,,,1037.0,23.58
16776,5,3548,9285.678679311422,7342.312431179751,,,,1036.0,23.562
16777,5,3549,9286.678679311422,7343.312431179751,,,,1036.0,23.545
16778,5,3550,9287.678679311422,7344.312431179751,,,,1035.0,23.53
16779,5,3551,9288.678679311422,7345.312431179751,,,,1034.0,23.515
16780,5,3552,9289.678679311422,7346.312431179751,,,,1033.0,23.5
16781,5,3553,9290.678679311422,7347.312431179751,,,,1032.0,23.486
16782,5,3554,9291.678679311422,7348.312431179751,,,,1027.0,23.472
16783,5,3555,9292.678679311422,7349.312431179751,,,,1024.0,23.455
16784,5,3556,9293.678679311422,7350.312431179751,,,,1021.0,23.439
16785,5,3557,9294.678679311422,7351.312431179751,,,,1019.0,23.422
16786,5,3558,9295.678679311422,7352.312431179751,,,,1018.0,23.405
16787,5,3559,9296.678679311422,7353.312431179751,,,,1018.0,23.389
16788,5,3560,9297.678679311422,7354.312431179751,,,,1017.0,23.373
16789,5,3561,9298.678679311422,7355.312431179751,,,,1016.0,23.358
16790,5,3562,9299.678679311422,7356.312431179751,,,,1015.0,23.344
16791,5,3563,9300.678679311422,7357.312431179751,,,,1014.0,23.328
16792,5,3564,9301.678679311422,7358.312431179751,,,,1012.0,23.313
16793,5,3565,9302.678679311422,7359.312431179751,,,,1010.0,23.296
16794,5,3566,9303.678679311422,7360.312431179751,,,,1007.0,23.28
16795,5,3567,9304.678679311422,7361.312431179751,,,,1004.0,23.263
16796,5,3568,9305.678679311422,7362.312431179751,,,,1001.0,23.245
16797,5,3569,9306.678679311422,7363.312431179751,,,,997.0,23.226
16798,5,3570,9307.678679311422,7364.312431179751,,,,996.0,23.206
16799,5,3571,9308.678679311422,7365.312431179751,,,,995.0,23.187
16800,5,3572,9309.678679311422,7366.312431179751,,,,993.0,23.171
16801,5,3573,9310.678679311422,7367.312431179751,,,,994.0,23.155
16802,5,3574,9311.678679311422,7368.312431179751,,,,993.0,23.14
16803,5,3575,9312.678679311422,7369.312431179751,,,,993.0,23.127
16804,5,3576,9313.678679311422,7370.312431179751,,,,990.0,23.113
16805,5,3577,9314.678679311422,7371.312431179751,,,,988.0,23.098
16806,5,3578,9315.678679311422,7372.312431179751,,,,983.0,23.081
16807,5,3579,9316.678679311422,7373.312431179751,,,,979.0,23.063
16808,5,3580,9317.678679311422,7374.312431179751,,,,978.0,23.046
16809,5,3581,9318.678679311422,7375.312431179751,,,,977.0,23.03
16810,5,3582,9319.678679311422,7376.312431179751,,,,978.0,23.014
16811,5,3583,9320.678679311422,7377.312431179751,,,,980.0,23.0
16812,5,3584,9321.678679311422,7378.312431179751,,,,980.0,22.987
16813,5,3585,9322.678679311422,7379.312431179751,,,,978.0,22.974
16814,5,3586,9323.678679311422,7380.312431179751,,,,975.0,22.96
16815,5,3587,9324.678679311422,7381.312431179751,,,,973.0,22.946
16816,5,3588,9325.678679311422,7382.312431179751,,,,970.0,22.931
16817,5,3589,9326.678679311422,7383.312431179751,,,,969.0,22.916
16818,5,3590,9327.678679311422,7384.312431179751,,,,968.0,22.902
16819,5,3591,9328.678679311422,7385.312431179751,,,,966.0,22.889
16820,5,3592,9329.678679311422,7386.312431179751,,,,964.0,22.874
16821,5,3593,9330.678679311422,7387.312431179751,,,,963.0,22.859
16822,5,3594,9331.678679311422,7388.312431179751,,,,961.0,22.843
16823,5,3595,9332.678679311422,7389.312431179751,,,,957.0,22.827
16824,5,3596,9333.678679311422,7390.312431179751,,,,955.0,22.811
16825,5,3597,9334.678679311422,7391.312431179751,,,,953.0,22.795
16826,5,3598,9335.678679311422,7392.312431179751,,,,952.0,22.779
16827,5,3599,9336.678679311422,7393.312431179751,,,,951.0,22.763
16828,5,3600,9337.678679311422,7394.312431179751,,,,950.0,22.746
16829,5,3601,9338.678679311422,7395.312431179751,,,,946.0,22.729
16830,5,3602,9339.678679311422,7396.312431179751,,,,943.0,22.711
16831,5,3603,9340.678679311422,7397.312431179751,,,,941.0,22.693
16832,5,3604,9341.678679311422,7398.312431179751,,,,939.0,22.675
16833,5,3605,9342.678679311422,7399.312431179751,,,,940.0,22.66
16834,5,3606,9343.678679311422,7400.312431179751,,,,938.0,22.643
16835,5,3607,9344.678679311422,7401.312431179751,,,,935.0,22.628
16836,5,3608,9345.678679311422,7402.312431179751,,,,931.0,22.611
16837,5,3609,9346.678679311422,7403.312431179751,,,,927.0,22.593
16838,5,3610,9347.678679311422,7404.312431179751,,,,924.0,22.575
16839,5,3611,9348.678679311422,7405.312431179751,,,,923.0,22.557
16840,5,3612,9349.678679311422,7406.312431179751,,,,921.0,22.539
16841,5,3613,9350.678679311422,7407.312431179751,,,,920.0,22.522
16842,5,3614,9351.678679311422,7408.312431179751,,,,919.0,22.504
16843,5,3615,9352.678679311422,7409.312431179751,,,,917.0,22.486
16844,5,3616,9353.678679311422,7410.312431179751,,,,916.0,22.469
16845,5,3617,9354.678679311422,7411.312431179751,,,,913.0,22.451
16846,5,3618,9355.678679311422,7412.312431179751,,,,909.0,22.432
16847,5,3619,9356.678679311422,7413.312431179751,,,,906.0,22.414
16848,5,3620,9357.678679311422,7414.312431179751,,,,904.0,22.397
16849,5,3621,9358.678679311422,7415.312431179751,,,,903.0,22.379
16850,5,3622,9359.678679311422,7416.312431179751,,,,900.0,22.363
16851,5,3623,9360.678679311422,7417.312431179751,,,,899.0,22.346
16852,5,3624,9361.678679311422,7418.312431179751,,,,897.0,22.329
16853,5,3625,9362.678679311422,7419.312431179751,,,,892.0,22.313
16854,5,3626,9363.678679311422,7420.312431179751,,,,888.0,22.292
16855,5,3627,9364.678679311422,7421.312431179751,,,,883.0,22.273
16856,5,3628,9365.678679311422,7422.312431179751,,,,881.0,22.254
16857,5,3629,9366.678679311422,7423.312431179751,,,,879.0,22.234
16858,5,3630,9367.678679311422,7424.312431179751,,,,877.0,22.218
16859,5,3631,9368.678679311422,7425.312431179751,,,,877.0,22.202
16860,5,3632,9369.678679311422,7426.312431179751,,,,875.0,22.186
16861,5,3633,9370.678679311422,7427.312431179751,,,,873.0,22.17
16862,5,3634,9371.678679311422,7428.312431179751,,,,869.0,22.152
16863,5,3635,9372.678679311422,7429.312431179751,,,,863.0,22.134
16864,5,3636,9373.678679311422,7430.312431179751,,,,859.0,22.114
16865,5,3637,9374.678679311422,7431.312431179751,,,,855.0,22.096
16866,5,3638,9375.678679311422,7432.312431179751,,,,855.0,22.077
16867,5,3639,9376.678679311422,7433.312431179751,,,,855.0,22.059
16868,5,3640,9377.678679311422,7434.312431179751,,,,853.0,22.042
16869,5,3641,9378.678679311422,7435.312431179751,,,,851.0,22.025
16870,5,3642,9379.678679311422,7436.312431179751,,,,851.0,22.007
16871,5,3643,9380.678679311422,7437.312431179751,,,,849.0,21.991
16872,5,3644,9381.678679311422,7438.312431179751,,,,848.0,21.974
16873,5,3645,9382.678679311422,7439.312431179751,,,,847.0,21.957
16874,5,3646,9383.678679311422,7440.312431179751,,,,846.0,21.942
16875,5,3647,9384.678679311422,7441.312431179751,,,,844.0,21.925
16876,5,3648,9385.678679311422,7442.312431179751,,,,841.0,21.907
16877,5,3649,9386.678679311422,7443.312431179751,,,,837.0,21.889
16878,5,3650,9387.678679311422,7444.312431179751,,,,835.0,21.871
16879,5,3651,9388.678679311422,7445.312431179751,,,,833.0,21.852
16880,5,3652,9389.678679311422,7446.312431179751,,,,831.0,21.835
16881,5,3653,9390.678679311422,7447.312431179751,,,,830.0,21.818
16882,5,3654,9391.678679311422,7448.312431179751,,,,828.0,21.801
16883,5,3655,9392.678679311422,7449.312431179751,,,,825.0,21.783
16884,5,3656,9393.678679311422,7450.312431179751,,,,822.0,21.765
16885,5,3657,9394.678679311422,7451.312431179751,,,,818.0,21.744
16886,5,3658,9395.678679311422,7452.312431179751,,,,816.0,21.725
16887,5,3659,9396.678679311422,7453.312431179751,,,,814.0,21.706
16888,5,3660,9397.678679311422,7454.312431179751,,,,813.0,21.689
16889,5,3661,9398.678679311422,7455.312431179751,,,,813.0,21.674
16890,5,3662,9399.678679311422,7456.312431179751,,,,813.0,21.66
16891,5,3663,9400.678679311422,7457.312431179751,,,,812.0,21.646
16892,5,3664,9401.678679311422,7458.312431179751,,,,811.0,21.632
16893,5,3665,9402.678679311422,7459.312431179751,,,,810.0,21.617
16894,5,3666,9403.678679311422,7460.312431179751,,,,807.0,21.601
16895,5,3667,9404.678679311422,7461.312431179751,,,,805.0,21.585
16896,5,3668,9405.678679311422,7462.312431179751,,,,804.0,21.568
16897,5,3669,9406.678679311422,7463.312431179751,,,,803.0,21.552
16898,5,3670,9407.678679311422,7464.312431179751,,,,801.0,21.534
16899,5,3671,9408.678679311422,7465.312431179751,,,,799.0,21.516
16900,5,3672,9409.678679311422,7466.312431179751,,,,797.0,21.498
16901,5,3673,9410.678679311422,7467.312431179751,,,,793.0,21.478
16902,5,3674,9411.678679311422,7468.312431179751,,,,791.0,21.461
16903,5,3675,9412.678679311422,7469.312431179751,,,,790.0,21.443
16904,5,3676,9413.678679311422,7470.312431179751,,,,791.0,21.426
16905,5,3677,9414.678679311422,7471.312431179751,,,,790.0,21.409
16906,5,3678,9415.678679311422,7472.312431179751,,,,790.0,21.395
16907,5,3679,9416.678679311422,7473.312431179751,,,,790.0,21.38
16908,5,3680,9417.678679311422,7474.312431179751,,,,787.0,21.366
16909,5,3681,9418.678679311422,7475.312431179751,,,,785.0,21.35
16910,5,3682,9419.678679311422,7476.312431179751,,,,783.0,21.334
16911,5,3683,9420.678679311422,7477.312431179751,,,,782.0,21.317
16912,5,3684,9421.678679311422,7478.312431179751,,,,782.0,21.3
16913,5,3685,9422.678679311422,7479.312431179751,,,,784.0,21.285
16914,5,3686,9423.678679311422,7480.312431179751,,,,786.0,21.269
16915,5,3687,9424.678679311422,7481.312431179751,,,,788.0,21.255
16916,5,3688,9425.678679311422,7482.312431179751,,,,789.0,21.241
16917,5,3689,9426.678679311422,7483.312431179751,,,,789.0,21.228
16918,5,3690,9427.678679311422,7484.312431179751,,,,792.0,21.214
16919,5,3691,9428.678679311422,7485.312431179751,,,,793.0,21.201
16920,5,3692,9429.678679311422,7486.312431179751,,,,794.0,21.188
16921,5,3693,9430.678679311422,7487.312431179751,,,,792.0,21.177
16922,5,3694,9431.678679311422,7488.312431179751,,,,794.0,21.164
16923,5,3695,9432.678679311422,7489.312431179751,,,,796.0,21.152
16924,5,3696,9433.678679311422,7490.312431179751,,,,799.0,21.141
16925,5,3697,9434.678679311422,7491.312431179751,,,,800.0,21.129
16926,5,3698,9435.678679311422,7492.312431179751,,,,801.0,21.117
16927,5,3699,9436.678679311422,7493.312431179751,,,,800.0,21.106
16928,5,3700,9437.678679311422,7494.312431179751,,,,800.0,21.094
16929,5,3701,9438.678679311422,7495.312431179751,,,,799.0,21.083
16930,5,3702,9439.678679311422,7496.312431179751,,,,799.0,21.07
16931,5,3703,9440.678679311422,7497.312431179751,,,,800.0,21.057
16932,5,3704,9441.678679311422,7498.312431179751,,,,802.0,21.045
16933,5,3705,9442.678679311422,7499.312431179751,,,,803.0,21.035
16934,5,3706,9443.678679311422,7500.312431179751,,,,805.0,21.026
16935,5,3707,9444.678679311422,7501.312431179751,,,,807.0,21.017
16936,5,3708,9445.678679311422,7502.312431179751,,,,810.0,21.012
16937,5,3709,9446.678679311422,7503.312431179751,,,,810.0,21.01
16969,5,3741,9478.678679311422,7535.312431179751,,,,808.0,21.002
16970,5,3742,9479.678679311422,7536.312431179751,,,,808.0,20.986
16971,5,3743,9480.678679311422,7537.312431179751,,,,807.0,20.97
16972,5,3744,9481.678679311422,7538.312431179751,,,,810.0,20.956
16973,5,3745,9482.678679311422,7539.312431179751,,,,811.0,20.943
16974,5,3746,9483.678679311422,7540.312431179751,,,,812.0,20.933
16975,5,3747,9484.678679311422,7541.312431179751,,,,812.0,20.923
16976,5,3748,9485.678679311422,7542.312431179751,,,,813.0,20.917
16977,5,3749,9486.678679311422,7543.312431179751,,,,814.0,20.91
16978,5,3750,9487.678679311422,7544.312431179751,,,,813.0,20.905
16979,5,3751,9488.678679311422,7545.312431179751,,,,812.0,20.901
16980,5,3752,9489.678679311422,7546.312431179751,,,,812.0,20.896
16981,5,3753,9490.678679311422,7547.312431179751,,,,811.0,20.891
16982,5,3754,9491.678679311422,7548.312431179751,,,,812.0,20.884
16983,5,3755,9492.678679311422,7549.312431179751,,,,813.0,20.879
16984,5,3756,9493.678679311422,7550.312431179751,,,,814.0,20.874
16985,5,3757,9494.678679311422,7551.312431179751,,,,815.0,20.871
17039,5,3811,9548.678679311422,7605.312431179751,,,,803.0,20.87
17040,5,3812,9549.678679311422,7606.312431179751,,,,802.0,20.855
17041,5,3813,9550.678679311422,7607.312431179751,,,,799.0,20.84
17042,5,3814,9551.678679311422,7608.312431179751,,,,800.0,20.823
17043,5,3815,9552.678679311422,7609.312431179751,,,,800.0,20.808
17044,5,3816,9553.678679311422,7610.312431179751,,,,801.0,20.791
17045,5,3817,9554.678679311422,7611.312431179751,,,,803.0,20.776
17046,5,3818,9555.678679311422,7612.312431179751,,,,805.0,20.762
17047,5,3819,9556.678679311422,7613.312431179751,,,,806.0,20.749
17048,5,3820,9557.678679311422,7614.312431179751,,,,808.0,20.736
17049,5,3821,9558.678679311422,7615.312431179751,,,,809.0,20.725
17050,5,3822,9559.678679311422,7616.312431179751,,,,810.0,20.717
17051,5,3823,9560.678679311422,7617.312431179751,,,,812.0,20.709
17052,5,3824,9561.678679311422,7618.312431179751,,,,814.0,20.707
17053,5,3825,9562.678679311422,7619.312431179751,,,,814.0,20.706
17084,5,3856,9593.678679311422,7650.312431179751,,,,803.0,20.705
17085,5,3857,9594.678679311422,7651.312431179751,,,,803.0,20.696
17086,5,3858,9595.678679311422,7652.312431179751,,,,802.0,20.688
17087,5,3859,9596.678679311422,7653.312431179751,,,,800.0,20.678
17088,5,3860,9597.678679311422,7654.312431179751,,,,800.0,20.666
17089,5,3861,9598.678679311422,7655.312431179751,,,,797.0,20.654
17090,5,3862,9599.678679311422,7656.312431179751,,,,796.0,20.639
17091,5,3863,9600.678679311422,7657.312431179751,,,,796.0,20.624
17092,5,3864,9601.678679311422,7658.312431179751,,,,795.0,20.609
17093,5,3865,9602.678679311422,7659.312431179751,,,,792.0,20.593
17094,5,3866,9603.678679311422,7660.312431179751,,,,791.0,20.58
17095,5,3867,9604.678679311422,7661.312431179751,,,,788.0,20.565
17096,5,3868,9605.678679311422,7662.312431179751,,,,787.0,20.55
17097,5,3869,9606.678679311422,7663.312431179751,,,,786.0,20.534
17098,5,3870,9607.678679311422,7664.312431179751,,,,784.0,20.52
17099,5,3871,9608.678679311422,7665.312431179751,,,,783.0,20.507
17100,5,3872,9609.678679311422,7666.312431179751,,,,782.0,20.494
17101,5,3873,9610.678679311422,7667.312431179751,,,,779.0,20.482
17102,5,3874,9611.678679311422,7668.312431179751,,,,777.0,20.47
17103,5,3875,9612.678679311422,7669.312431179751,,,,776.0,20.458
17104,5,3876,9613.678679311422,7670.312431179751,,,,776.0,20.447
17105,5,3877,9614.678679311422,7671.312431179751,,,,775.0,20.438
17106,5,3878,9615.678679311422,7672.312431179751,,,,773.0,20.428
17107,5,3879,9616.678679311422,7673.312431179751,,,,771.0,20.42
17108,5,3880,9617.678679311422,7674.312431179751,,,,770.0,20.413
17109,5,3881,9618.678679311422,7675.312431179751,,,,769.0,20.406
17110,5,3882,9619.678679311422,7676.312431179751,,,,769.0,20.398
17111,5,3883,9620.678679311422,7677.312431179751,,,,765.0,20.39
17112,5,3884,9621.678679311422,7678.312431179751,,,,767.0,20.382
17113,5,3885,9622.678679311422,7679.312431179751,,,,763.0,20.373
17114,5,3886,9623.678679311422,7680.312431179751,,,,762.0,20.366
17115,5,3887,9624.678679311422,7681.312431179751,,,,760.0,20.362
17116,5,3888,9625.678679311422,7682.312431179751,,,,758.0,20.361
17150,5,3922,9659.678679311422,7716.312431179751,,,,760.0,20.36
17151,5,3923,9660.678679311422,7717.312431179751,,,,761.0,20.356
17152,5,3924,9661.678679311422,7718.312431179751,,,,761.0,20.354
17161,5,3933,9670.678679311422,7727.312431179751,,,,754.0,20.353
17162,5,3934,9671.678679311422,7728.312431179751,,,,753.0,20.346
17163,5,3935,9672.678679311422,7729.312431179751,,,,752.0,20.339
17164,5,3936,9673.678679311422,7730.312431179751,,,,752.0,20.333
17165,5,3937,9674.678679311422,7731.312431179751,,,,749.0,20.328
17166,5,3938,9675.678679311422,7732.312431179751,,,,748.0,20.322
17167,5,3939,9676.678679311422,7733.312431179751,,,,745.0,20.317
17168,5,3940,9677.678679311422,7734.312431179751,,,,743.0,20.311
17169,5,3941,9678.678679311422,7735.312431179751,,,,741.0,20.303
17170,5,3942,9679.678679311422,7736.312431179751,,,,740.0,20.295
17171,5,3943,9680.678679311422,7737.312431179751,,,,740.0,20.286
17172,5,3944,9681.678679311422,7738.312431179751,,,,740.0,20.277
17173,5,3945,9682.678679311422,7739.312431179751,,,,740.0,20.268
17174,5,3946,9683.678679311422,7740.312431179751,,,,739.0,20.261
17175,5,3947,9684.678679311422,7741.312431179751,,,,740.0,20.253
17176,5,3948,9685.678679311422,7742.312431179751,,,,740.0,20.247
17177,5,3949,9686.678679311422,7743.312431179751,,,,736.0,20.242
17178,5,3950,9687.678679311422,7744.312431179751,,,,734.0,20.236
17179,5,3951,9688.678679311422,7745.312431179751,,,,729.0,20.233
17180,5,3952,9689.678679311422,7746.312431179751,,,,726.0,20.229
17181,5,3953,9690.678679311422,7747.312431179751,,,,724.0,20.224
17182,5,3954,9691.678679311422,7748.312431179751,,,,725.0,20.216
17183,5,3955,9692.678679311422,7749.312431179751,,,,726.0,20.21
17184,5,3956,9693.678679311422,7750.312431179751,,,,727.0,20.202
17185,5,3957,9694.678679311422,7751.312431179751,,,,728.0,20.196
17186,5,3958,9695.678679311422,7752.312431179751,,,,728.0,20.19
17187,5,3959,9696.678679311422,7753.312431179751,,,,727.0,20.185
17188,5,3960,9697.678679311422,7754.312431179751,,,,724.0,20.181
17189,5,3961,9698.678679311422,7755.312431179751,,,,720.0,20.176
17190,5,3962,9699.678679311422,7756.312431179751,,,,718.0,20.171
17191,5,3963,9700.678679311422,7757.312431179751,,,,716.0,20.166
17192,5,3964,9701.678679311422,7758.312431179751,,,,716.0,20.161
17193,5,3965,9702.678679311422,7759.312431179751,,,,717.0,20.157
17194,5,3966,9703.678679311422,7760.312431179751,,,,717.0,20.15
17195,5,3967,9704.678679311422,7761.312431179751,,,,717.0,20.145
17196,5,3968,9705.678679311422,7762.312431179751,,,,717.0,20.14
17197,5,3969,9706.678679311422,7763.312431179751,,,,713.0,20.133
17198,5,3970,9707.678679311422,7764.312431179751,,,,710.0,20.126
17199,5,3971,9708.678679311422,7765.312431179751,,,,707.0,20.118
17200,5,3972,9709.678679311422,7766.312431179751,,,,706.0,20.108
17201,5,3973,9710.678679311422,7767.312431179751,,,,706.0,20.1
17202,5,3974,9711.678679311422,7768.312431179751,,,,704.0,20.092
17203,5,3975,9712.678679311422,7769.312431179751,,,,702.0,20.087
17204,5,3976,9713.678679311422,7770.312431179751,,,,700.0,20.083
17205,5,3977,9714.678679311422,7771.312431179751,,,,697.0,20.082
17206,5,3978,9715.678679311422,7772.312431179751,,,,695.0,20.081
17210,5,3982,9719.678679311422,7776.312431179751,,,,686.0,20.08
17211,5,3983,9720.678679311422,7777.312431179751,,,,682.0,20.079
17212,5,3984,9721.678679311422,7778.312431179751,,,,678.0,20.076
17213,5,3985,9722.678679311422,7779.312431179751,,,,675.0,20.07
17214,5,3986,9723.678679311422,7780.312431179751,,,,672.0,20.063
17215,5,3987,9724.678679311422,7781.312431179751,,,,670.0,20.056
17216,5,3988,9725.678679311422,7782.312431179751,,,,668.0,20.047
17217,5,3989,9726.678679311422,7783.312431179751,,,,665.0,20.039
17218,5,3990,9727.678679311422,7784.312431179751,,,,665.0,20.03
17219,5,3991,9728.678679311422,7785.312431179751,,,,664.0,20.022
17220,5,3992,9729.678679311422,7786.312431179751,,,,662.0,20.015
17221,5,3993,9730.678679311422,7787.312431179751,,,,661.0,20.006
17222,5,3994,9731.678679311422,7788.312431179751,,,,660.0,19.998
17223,5,3995,9732.678679311422,7789.312431179751,,,,658.0,19.989
17224,5,3996,9733.678679311422,7790.312431179751,,,,656.0,19.981
17225,5,3997,9734.678679311422,7791.312431179751,,,,654.0,19.972
17226,5,3998,9735.678679311422,7792.312431179751,,,,652.0,19.964
17227,5,3999,9736.678679311422,7793.312431179751,,,,650.0,19.955
17228,5,4000,9737.678679311422,7794.312431179751,,,,648.0,19.947
17229,5,4001,9738.678679311422,7795.312431179751,,,,644.0,19.939
17230,5,4002,9739.678679311422,7796.312431179751,,,,644.0,19.932
17231,5,4003,9740.678679311422,7797.312431179751,,,,643.0,19.923
17232,5,4004,9741.678679311422,7798.312431179751,,,,641.0,19.916
17233,5,4005,9742.678679311422,7799.312431179751,,,,639.0,19.907
17234,5,4006,9743.678679311422,7800.312431179751,,,,637.0,19.896
17235,5,4007,9744.678679311422,7801.312431179751,,,,634.0,19.883
17236,5,4008,9745.678679311422,7802.312431179751,,,,631.0,19.87
17237,5,4009,9746.678679311422,7803.312431179751,,,,631.0,19.855
17238,5,4010,9747.678679311422,7804.312431179751,,,,628.0,19.84
17239,5,4011,9748.678679311422,7805.312431179751,,,,628.0,19.823
17240,5,4012,9749.678679311422,7806.312431179751,,,,626.0,19.808
17241,5,4013,9750.678679311422,7807.312431179751,,,,624.0,19.792
17242,5,4014,9751.678679311422,7808.312431179751,,,,621.0,19.777
17243,5,4015,9752.678679311422,7809.312431179751,,,,621.0,19.76
17244,5,4016,9753.678679311422,7810.312431179751,,,,619.0,19.745
17245,5,4017,9754.678679311422,7811.312431179751,,,,618.0,19.732
17246,5,4018,9755.678679311422,7812.312431179751,,,,618.0,19.718
17247,5,4019,9756.678679311422,7813.312431179751,,,,617.0,19.704
17248,5,4020,9757.678679311422,7814.312431179751,,,,615.0,19.69
17249,5,4021,9758.678679311422,7815.312431179751,,,,613.0,19.677
17250,5,4022,9759.678679311422,7816.312431179751,,,,609.0,19.66
17251,5,4023,9760.678679311422,7817.312431179751,,,,607.0,19.644
17252,5,4024,9761.678679311422,7818.312431179751,,,,606.0,19.627
17253,5,4025,9762.678679311422,7819.312431179751,,,,607.0,19.611
17254,5,4026,9763.678679311422,7820.312431179751,,,,606.0,19.596
17255,5,4027,9764.678679311422,7821.312431179751,,,,605.0,19.583
17256,5,4028,9765.678679311422,7822.312431179751,,,,602.0,19.569
17257,5,4029,9766.678679311422,7823.312431179751,,,,597.0,19.554
17258,5,4030,9767.678679311422,7824.312431179751,,,,593.0,19.538
17259,5,4031,9768.678679311422,7825.312431179751,,,,590.0,19.521
17260,5,4032,9769.678679311422,7826.312431179751,,,,590.0,19.506
17261,5,4033,9770.678679311422,7827.312431179751,,,,591.0,19.491
17262,5,4034,9771.678679311422,7828.312431179751,,,,589.0,19.477
17263,5,4035,9772.678679311422,7829.312431179751,,,,587.0,19.463
17264,5,4036,9773.678679311422,7830.312431179751,,,,585.0,19.448
17265,5,4037,9774.678679311422,7831.312431179751,,,,581.0,19.434
17266,5,4038,9775.678679311422,7832.312431179751,,,,579.0,19.418
17267,5,4039,9776.678679311422,7833.312431179751,,,,577.0,19.403
17268,5,4040,9777.678679311422,7834.312431179751,,,,576.0,19.388
17269,5,4041,9778.678679311422,7835.312431179751,,,,574.0,19.373
17270,5,4042,9779.678679311422,7836.312431179751,,,,571.0,19.358
17271,5,4043,9780.678679311422,7837.312431179751,,,,569.0,19.344
17272,5,4044,9781.678679311422,7838.312431179751,,,,568.0,19.329
17273,5,4045,9782.678679311422,7839.312431179751,,,,567.0,19.314
17274,5,4046,9783.678679311422,7840.312431179751,,,,565.0,19.299
17275,5,4047,9784.678679311422,7841.312431179751,,,,564.0,19.285
17276,5,4048,9785.678679311422,7842.312431179751,,,,562.0,19.271
17277,5,4049,9786.678679311422,7843.312431179751,,,,561.0,19.258
17278,5,4050,9787.678679311422,7844.312431179751,,,,558.0,19.244
17279,5,4051,9788.678679311422,7845.312431179751,,,,557.0,19.231
17280,5,4052,9789.678679311422,7846.312431179751,,,,554.0,19.217
17281,5,4053,9790.678679311422,7847.312431179751,,,,554.0,19.206
17282,5,4054,9791.678679311422,7848.312431179751,,,,551.0,19.195
17283,5,4055,9792.678679311422,7849.312431179751,,,,550.0,19.185
17284,5,4056,9793.678679311422,7850.312431179751,,,,548.0,19.176
17285,5,4057,9794.678679311422,7851.312431179751,,,,547.0,19.169
17286,5,4058,9795.678679311422,7852.312431179751,,,,543.0,19.162
17287,5,4059,9796.678679311422,7853.312431179751,,,,543.0,19.157
17288,5,4060,9797.678679311422,7854.312431179751,,,,541.0,19.153
17289,5,4061,9798.678679311422,7855.312431179751,,,,536.0,19.149
17290,5,4062,9799.678679311422,7856.312431179751,,,,533.0,19.147
17291,5,4063,9800.678679311422,7857.312431179751,,,,531.0,19.144
17292,5,4064,9801.678679311422,7858.312431179751,,,,530.0,19.141
17293,5,4065,9802.678679311422,7859.312431179751,,,,530.0,19.138
17294,5,4066,9803.678679311422,7860.312431179751,,,,531.0,19.134
17295,5,4067,9804.678679311422,7861.312431179751,,,,530.0,19.132
17296,5,4068,9805.678679311422,7862.312431179751,,,,529.0,19.13
17297,5,4069,9806.678679311422,7863.312431179751,,,,527.0,19.129
17298,5,4070,9807.678679311422,7864.312431179751,,,,525.0,19.128
17300,5,4072,9809.678679311422,7866.312431179751,,,,520.0,19.126
17301,5,4073,9810.678679311422,7867.312431179751,,,,518.0,19.125
17302,5,4074,9811.678679311422,7868.312431179751,,,,515.0,19.122
17303,5,4075,9812.678679311422,7869.312431179751,,,,515.0,19.121
17304,5,4076,9813.678679311422,7870.312431179751,,,,513.0,19.119
17305,5,4077,9814.678679311422,7871.312431179751,,,,512.0,19.115
17306,5,4078,9815.678679311422,7872.312431179751,,,,507.0,19.113
17307,5,4079,9816.678679311422,7873.312431179751,,,,506.0,19.111
17308,5,4080,9817.678679311422,7874.312431179751,,,,505.0,19.11
17309,5,4081,9818.678679311422,7875.312431179751,,,,504.0,19.108
17310,5,4082,9819.678679311422,7876.312431179751,,,,501.0,19.107
