fixIdx,legIdx,zoneIdx,tickLead,tickRace,time,lat,lng,alt,togo
1,1,1,-1932.864932706929,-6303.441388784609,,,,981.0,75.023
2,1,2,-1901.864932706929,-6272.441388784609,,,,981.0,75.022
11,1,11,-1626.864932706929,-5997.441388784609,,,,995.0,74.904
12,1,12,-1624.864932706929,-5995.441388784609,,,,996.0,74.898
13,1,13,-1622.864932706929,-5993.441388784609,,,,998.0,74.886
14,1,14,-1620.864932706929,-5991.441388784609,,,,1002.0,74.872
15,1,15,-1618.864932706929,-5989.441388784609,,,,1003.0,74.856
16,1,16,-1616.864932706929,-5987.441388784609,,,,1004.0,74.833
17,1,17,-1614.864932706929,-5985.441388784609,,,,1004.0,74.806
18,1,18,-1612.864932706929,-5983.441388784609,,,,1004.0,74.792
28,1,28,-1591.864932706929,-5962.441388784609,,,,1021.0,74.775
29,1,29,-1589.864932706929,-5960.441388784609,,,,1019.0,74.754
30,1,30,-1587.864932706929,-5958.441388784609,,,,1022.0,74.73
31,1,31,-1585.864932706929,-5956.441388784609,,,,1022.0,74.716
73,1,73,-1499.864932706929,-5870.441388784609,,,,999.0,74.701
74,1,74,-1497.864932706929,-5868.441388784609,,,,995.0,74.676
75,1,75,-1495.864932706929,-5866.441388784609,,,,991.0,74.653
76,1,76,-1493.864932706929,-5864.441388784609,,,,989.0,74.629
77,1,77,-1491.864932706929,-5862.441388784609,,,,987.0,74.606
78,1,78,-1489.864932706929,-5860.441388784609,,,,989.0,74.587
79,1,79,-1487.864932706929,-5858.441388784609,,,,987.0,74.567
80,1,80,-1485.864932706929,-5856.441388784609,,,,987.0,74.542
81,1,81,-1483.864932706929,-5854.441388784609,,,,989.0,74.516
82,1,82,-1481.864932706929,-5852.441388784609,,,,988.0,74.488
83,1,83,-1479.864932706929,-5850.441388784609,,,,984.0,74.462
84,1,84,-1477.864932706929,-5848.441388784609,,,,979.0,74.436
85,1,85,-1475.864932706929,-5846.441388784609,,,,975.0,74.408
86,1,86,-1473.864932706929,-5844.441388784609,,,,974.0,74.38
87,1,87,-1471.864932706929,-5842.441388784609,,,,975.0,74.354
88,1,88,-1469.864932706929,-5840.441388784609,,,,971.0,74.33
89,1,89,-1467.864932706929,-5838.441388784609,,,,969.0,74.305
90,1,90,-1465.864932706929,-5836.441388784609,,,,968.0,74.281
91,1,91,-1463.864932706929,-5834.441388784609,,,,969.0,74.255
92,1,92,-1461.864932706929,-5832.441388784609,,,,969.0,74.214
93,1,93,-1458.864932706929,-5829.441388784609,,,,969.0,74.186
94,1,94,-1456.864932706929,-5827.441388784609,,,,969.0,74.158
95,1,95,-1454.864932706929,-5825.441388784609,,,,969.0,74.128
96,1,96,-1452.864932706929,-5823.441388784609,,,,971.0,74.098
97,1,97,-1450.864932706929,-5821.441388784609,,,,972.0,74.07
98,1,98,-1448.864932706929,-5819.441388784609,,,,973.0,74.044
99,1,99,-1446.864932706929,-5817.441388784609,,,,975.0,74.018
100,1,100,-1444.864932706929,-5815.441388784609,,,,982.0,73.994
101,1,101,-1442.864932706929,-5813.441388784609,,,,987.0,73.972
102,1,102,-1440.864932706929,-5811.441388784609,,,,992.0,73.957
103,1,103,-1438.864932706929,-5809.441388784609,,,,998.0,73.94
104,1,104,-1436.864932706929,-5807.441388784609,,,,996.0,73.916
105,1,105,-1434.864932706929,-5805.441388784609,,,,1000.0,73.891
106,1,106,-1432.864932706929,-5803.441388784609,,,,1005.0,73.882
237,1,237,-1165.864932706929,-5536.441388784609,,,,1448.0,73.868
238,1,238,-1163.864932706929,-5534.441388784609,,,,1446.0,73.836
239,1,239,-1161.864932706929,-5532.441388784609,,,,1442.0,73.805
240,1,240,-1159.864932706929,-5530.441388784609,,,,1437.0,73.772
241,1,241,-1157.864932706929,-5528.441388784609,,,,1433.0,73.739
242,1,242,-1154.864932706929,-5525.441388784609,,,,1430.0,73.689
243,1,243,-1152.864932706929,-5523.441388784609,,,,1428.0,73.656
244,1,244,-1150.864932706929,-5521.441388784609,,,,1423.0,73.622
245,1,245,-1148.864932706929,-5519.441388784609,,,,1422.0,73.585
246,1,246,-1146.864932706929,-5517.441388784609,,,,1421.0,73.548
247,1,247,-1144.864932706929,-5515.441388784609,,,,1416.0,73.513
248,1,248,-1142.864932706929,-5513.441388784609,,,,1413.0,73.479
249,1,249,-1140.864932706929,-5511.441388784609,,,,1406.0,73.446
250,1,250,-1138.864932706929,-5509.441388784609,,,,1405.0,73.413
251,1,251,-1136.864932706929,-5507.441388784609,,,,1401.0,73.379
252,1,252,-1134.864932706929,-5505.441388784609,,,,1397.0,73.345
253,1,253,-1132.864932706929,-5503.441388784609,,,,1392.0,73.313
254,1,254,-1130.864932706929,-5501.441388784609,,,,1395.0,73.277
255,1,255,-1128.864932706929,-5499.441388784609,,,,1396.0,73.244
256,1,256,-1126.864932706929,-5497.441388784609,,,,1397.0,73.212
257,1,257,-1124.864932706929,-5495.441388784609,,,,1398.0,73.18
258,1,258,-1122.864932706929,-5493.441388784609,,,,1401.0,73.147
259,1,259,-1120.864932706929,-5491.441388784609,,,,1404.0,73.117
260,1,260,-1118.864932706929,-5489.441388784609,,,,1407.0,73.092
261,1,261,-1116.864932706929,-5487.441388784609,,,,1409.0,73.071
262,1,262,-1114.864932706929,-5485.441388784609,,,,1408.0,73.061
325,1,325,-985.864932706929,-5356.441388784609,,,,1504.0,73.04
326,1,326,-983.864932706929,-5354.441388784609,,,,1499.0,73.01
327,1,327,-981.864932706929,-5352.441388784609,,,,1491.0,72.98
328,1,328,-979.864932706929,-5350.441388784609,,,,1484.0,72.95
329,1,329,-977.864932706929,-5348.441388784609,,,,1483.0,72.919
330,1,330,-975.864932706929,-5346.441388784609,,,,1483.0,72.886
331,1,331,-973.864932706929,-5344.441388784609,,,,1485.0,72.833
332,1,332,-970.864932706929,-5341.441388784609,,,,1488.0,72.798
333,1,333,-968.864932706929,-5339.441388784609,,,,1492.0,72.768
334,1,334,-966.864932706929,-5337.441388784609,,,,1494.0,72.741
335,1,335,-964.864932706929,-5335.441388784609,,,,1501.0,72.713
336,1,336,-962.864932706929,-5333.441388784609,,,,1497.0,72.686
337,1,337,-960.864932706929,-5331.441388784609,,,,1494.0,72.658
338,1,338,-958.864932706929,-5329.441388784609,,,,1491.0,72.629
339,1,339,-956.864932706929,-5327.441388784609,,,,1488.0,72.6
340,1,340,-954.864932706929,-5325.441388784609,,,,1485.0,72.567
341,1,341,-952.864932706929,-5323.441388784609,,,,1484.0,72.536
342,1,342,-950.864932706929,-5321.441388784609,,,,1486.0,72.501
343,1,343,-948.864932706929,-5319.441388784609,,,,1487.0,72.472
344,1,344,-946.864932706929,-5317.441388784609,,,,1491.0,72.445
345,1,345,-944.864932706929,-5315.441388784609,,,,1487.0,72.418
346,1,346,-942.864932706929,-5313.441388784609,,,,1481.0,72.387
347,1,347,-940.864932706929,-5311.441388784609,,,,1475.0,72.355
348,1,348,-938.864932706929,-5309.441388784609,,,,1472.0,72.324
349,1,349,-936.864932706929,-5307.441388784609,,,,1468.0,72.294
350,1,350,-934.864932706929,-5305.441388784609,,,,1464.0,72.265
351,1,351,-932.864932706929,-5303.441388784609,,,,1461.0,72.235
352,1,352,-930.864932706929,-5301.441388784609,,,,1458.0,72.208
353,1,353,-928.864932706929,-5299.441388784609,,,,1455.0,72.18
354,1,354,-926.864932706929,-5297.441388784609,,,,1448.0,72.142
355,1,355,-924.864932706929,-5295.441388784609,,,,1441.0,72.117
356,1,356,-921.864932706929,-5292.441388784609,,,,1438.0,72.089
357,1,357,-919.864932706929,-5290.441388784609,,,,1435.0,72.063
358,1,358,-917.864932706929,-5288.441388784609,,,,1432.0,72.036
359,1,359,-915.864932706929,-5286.441388784609,,,,1431.0,72.007
360,1,360,-913.864932706929,-5284.441388784609,,,,1435.0,71.975
361,1,361,-911.864932706929,-5282.441388784609,,,,1439.0,71.948
362,1,362,-909.864932706929,-5280.441388784609,,,,1442.0,71.921
363,1,363,-907.864932706929,-5278.441388784609,,,,1448.0,71.89
364,1,364,-905.864932706929,-5276.441388784609,,,,1456.0,71.859
365,1,365,-903.864932706929,-5274.441388784609,,,,1455.0,71.829
366,1,366,-901.864932706929,-5272.441388784609,,,,1460.0,71.801
367,1,367,-899.864932706929,-5270.441388784609,,,,1465.0,71.784
368,1,368,-897.864932706929,-5268.441388784609,,,,1471.0,71.782
377,1,377,-879.864932706929,-5250.441388784609,,,,1476.0,71.773
378,1,378,-876.864932706929,-5247.441388784609,,,,1473.0,71.746
379,1,379,-874.864932706929,-5245.441388784609,,,,1473.0,71.723
380,1,380,-872.864932706929,-5243.441388784609,,,,1476.0,71.719
474,1,474,-679.864932706929,-5050.441388784609,,,,1567.0,71.704
475,1,475,-677.864932706929,-5048.441388784609,,,,1570.0,71.669
476,1,476,-675.864932706929,-5046.441388784609,,,,1574.0,71.634
477,1,477,-673.864932706929,-5044.441388784609,,,,1575.0,71.6
478,1,478,-671.864932706929,-5042.441388784609,,,,1580.0,71.57
479,1,479,-669.864932706929,-5040.441388784609,,,,1582.0,71.541
480,1,480,-667.864932706929,-5038.441388784609,,,,1586.0,71.515
481,1,481,-665.864932706929,-5036.441388784609,,,,1584.0,71.501
492,1,492,-643.864932706929,-5014.441388784609,,,,1599.0,71.478
493,1,493,-641.864932706929,-5012.441388784609,,,,1600.0,71.453
494,1,494,-639.864932706929,-5010.441388784609,,,,1602.0,71.427
495,1,495,-637.864932706929,-5008.441388784609,,,,1608.0,71.401
496,1,496,-635.864932706929,-5006.441388784609,,,,1613.0,71.366
497,1,497,-632.864932706929,-5003.441388784609,,,,1615.0,71.349
498,1,498,-630.864932706929,-5001.441388784609,,,,1615.0,71.337
499,1,499,-628.864932706929,-4999.441388784609,,,,1615.0,71.327
500,1,500,-626.864932706929,-4997.441388784609,,,,1618.0,71.315
501,1,501,-624.864932706929,-4995.441388784609,,,,1617.0,71.303
502,1,502,-622.864932706929,-4993.441388784609,,,,1613.0,71.289
503,1,503,-620.864932706929,-4991.441388784609,,,,1613.0,71.27
504,1,504,-618.864932706929,-4989.441388784609,,,,1610.0,71.248
505,1,505,-616.864932706929,-4987.441388784609,,,,1604.0,71.217
506,1,506,-614.864932706929,-4985.441388784609,,,,1601.0,71.186
507,1,507,-612.864932706929,-4983.441388784609,,,,1600.0,71.178
719,1,719,-179.864932706929,-4550.441388784609,,,,1606.0,71.164
720,1,720,-177.864932706929,-4548.441388784609,,,,1602.0,71.136
721,1,721,-175.864932706929,-4546.441388784609,,,,1601.0,71.104
722,1,722,-173.864932706929,-4544.441388784609,,,,1602.0,71.07
723,1,723,-171.864932706929,-4542.441388784609,,,,1603.0,71.036
724,1,724,-169.864932706929,-4540.441388784609,,,,1599.0,71.001
725,1,725,-167.864932706929,-4538.441388784609,,,,1597.0,70.968
726,1,726,-165.864932706929,-4536.441388784609,,,,1596.0,70.939
727,1,727,-163.864932706929,-4534.441388784609,,,,1592.0,70.915
728,1,728,-161.864932706929,-4532.441388784609,,,,1595.0,70.89
729,1,729,-159.864932706929,-4530.441388784609,,,,1595.0,70.867
730,1,730,-157.864932706929,-4528.441388784609,,,,1590.0,70.853
770,1,770,-75.864932706929,-4446.441388784609,,,,1576.0,70.847
771,1,771,-73.864932706929,-4444.441388784609,,,,1573.0,70.807
772,1,772,-71.864932706929,-4442.441388784609,,,,1573.0,70.768
773,1,773,-69.864932706929,-4440.441388784609,,,,1573.0,70.73
774,1,774,-67.864932706929,-4438.441388784609,,,,1571.0,70.692
775,1,775,-65.864932706929,-4436.441388784609,,,,1567.0,70.654
776,1,776,-63.864932706929,-4434.441388784609,,,,1565.0,70.614
777,1,777,-61.864932706929,-4432.441388784609,,,,1564.0,70.576
778,1,778,-59.864932706929,-4430.441388784609,,,,1565.0,70.537
779,1,779,-57.864932706929,-4428.441388784609,,,,1560.0,70.5
780,1,780,-55.864932706929,-4426.441388784609,,,,1559.0,70.46
781,1,781,-53.864932706929,-4424.441388784609,,,,1556.0,70.423
782,1,782,-50.864932706929,-4421.441388784609,,,,1554.0,70.363
783,1,783,-48.864932706929,-4419.441388784609,,,,1551.0,70.323
784,1,784,-46.864932706929,-4417.441388784609,,,,1547.0,70.284
785,1,785,-44.864932706929,-4415.441388784609,,,,1547.0,70.245
786,1,786,-42.864932706929,-4413.441388784609,,,,1544.0,70.207
787,1,787,-40.864932706929,-4411.441388784609,,,,1536.0,70.171
788,1,788,-38.864932706929,-4409.441388784609,,,,1531.0,70.136
789,1,789,-36.864932706929,-4407.441388784609,,,,1528.0,70.105
790,1,790,-34.864932706929,-4405.441388784609,,,,1524.0,70.075
791,1,791,-32.864932706929,-4403.441388784609,,,,1522.0,70.045
792,1,792,-30.864932706929,-4401.441388784609,,,,1517.0,70.018
793,1,793,-28.864932706929,-4399.441388784609,,,,1519.0,69.991
794,1,794,-26.864932706929,-4397.441388784609,,,,1514.0,69.962
795,1,795,-24.864932706929,-4395.441388784609,,,,1508.0,69.927
796,1,796,-22.864932706929,-4393.441388784609,,,,1503.0,69.887
797,1,797,-20.864932706929,-4391.441388784609,,,,1498.0,69.845
798,1,798,-18.864932706929,-4389.441388784609,,,,1497.0,69.804
799,1,799,-16.864932706929,-4387.441388784609,,,,1495.0,69.765
800,1,800,-14.864932706929,-4385.441388784609,,,,1493.0,69.729
801,1,801,-12.864932706929,-4383.441388784609,,,,1491.0,69.694
802,1,802,-10.864932706929,-4381.441388784609,,,,1488.0,69.659
803,1,803,-8.864932706929,-4379.441388784609,,,,1486.0,69.623
804,1,804,-6.864932706929,-4377.441388784609,,,,1482.0,69.586
805,1,805,-4.864932706929,-4375.441388784609,,,,1477.0,69.551
806,1,806,-2.864932706929,-4373.441388784609,,,,1471.0,69.498
807,1,807,0.135067293071,-4370.441388784609,,,,1468.0,69.461
808,1,808,2.135067293071,-4368.441388784609,,,,1466.0,69.425
809,1,809,4.135067293071,-4366.441388784609,,,,1467.0,69.388
810,1,810,6.135067293071,-4364.441388784609,,,,1465.0,69.352
811,1,811,8.135067293071,-4362.441388784609,,,,1464.0,69.315
812,1,812,10.135067293071,-4360.441388784609,,,,1466.0,69.279
813,1,813,12.135067293071,-4358.441388784609,,,,1464.0,69.245
814,1,814,14.135067293071,-4356.441388784609,,,,1467.0,69.213
815,1,815,16.135067293071,-4354.441388784609,,,,1464.0,69.179
816,1,816,18.135067293071,-4352.441388784609,,,,1463.0,69.142
817,1,817,20.135067293071,-4350.441388784609,,,,1462.0,69.102
818,1,818,22.135067293071,-4348.441388784609,,,,1466.0,69.063
819,1,819,24.135067293071,-4346.441388784609,,,,1466.0,69.026
820,1,820,25.135067293071,-4345.441388784609,,,,1467.0,69.008
821,2,1,26.135067293071,-4344.441388784609,,,,1467.0,68.99
822,2,2,28.135067293071,-4342.441388784609,,,,1466.0,68.954
823,2,3,30.135067293071,-4340.441388784609,,,,1463.0,68.919
824,2,4,32.135067293071,-4338.441388784609,,,,1460.0,68.884
825,2,5,34.135067293071,-4336.441388784609,,,,1455.0,68.845
826,2,6,36.135067293071,-4334.441388784609,,,,1452.0,68.805
827,2,7,38.135067293071,-4332.441388784609,,,,1451.0,68.767
828,2,8,40.135067293071,-4330.441388784609,,,,1447.0,68.728
829,2,9,42.135067293071,-4328.441388784609,,,,1448.0,68.689
830,2,10,44.135067293071,-4326.441388784609,,,,1445.0,68.65
831,2,11,46.135067293071,-4324.441388784609,,,,1444.0,68.61
832,2,12,48.135067293071,-4322.441388784609,,,,1444.0,68.568
833,2,13,50.135067293071,-4320.441388784609,,,,1444.0,68.508
834,2,14,53.135067293071,-4317.441388784609,,,,1440.0,68.47
835,2,15,55.135067293071,-4315.441388784609,,,,1438.0,68.433
836,2,16,57.135067293071,-4313.441388784609,,,,1433.0,68.395
837,2,17,59.135067293071,-4311.441388784609,,,,1428.0,68.354
838,2,18,61.135067293071,-4309.441388784609,,,,1426.0,68.313
839,2,19,63.135067293071,-4307.441388784609,,,,1425.0,68.272
840,2,20,65.135067293071,-4305.441388784609,,,,1423.0,68.233
841,2,21,67.135067293071,-4303.441388784609,,,,1418.0,68.197
842,2,22,69.135067293071,-4301.441388784609,,,,1411.0,68.16
843,2,23,71.135067293071,-4299.441388784609,,,,1410.0,68.121
844,2,24,73.135067293071,-4297.441388784609,,,,1407.0,68.083
845,2,25,75.135067293071,-4295.441388784609,,,,1405.0,68.047
846,2,26,77.135067293071,-4293.441388784609,,,,1400.0,68.011
847,2,27,79.135067293071,-4291.441388784609,,,,1394.0,67.974
848,2,28,81.135067293071,-4289.441388784609,,,,1388.0,67.935
849,2,29,83.135067293071,-4287.441388784609,,,,1382.0,67.894
850,2,30,85.135067293071,-4285.441388784609,,,,1379.0,67.851
851,2,31,87.135067293071,-4283.441388784609,,,,1377.0,67.809
852,2,32,89.135067293071,-4281.441388784609,,,,1369.0,67.77
853,2,33,91.135067293071,-4279.441388784609,,,,1367.0,67.729
854,2,34,93.135067293071,-4277.441388784609,,,,1364.0,67.664
855,2,35,95.135067293071,-4275.441388784609,,,,1365.0,67.624
856,2,36,98.135067293071,-4272.441388784609,,,,1365.0,67.588
857,2,37,100.135067293071,-4270.441388784609,,,,1362.0,67.553
858,2,38,102.135067293071,-4268.441388784609,,,,1357.0,67.516
859,2,39,104.135067293071,-4266.441388784609,,,,1353.0,67.477
860,2,40,106.135067293071,-4264.441388784609,,,,1351.0,67.436
861,2,41,108.135067293071,-4262.441388784609,,,,1349.0,67.394
862,2,42,110.135067293071,-4260.441388784609,,,,1348.0,67.354
863,2,43,112.135067293071,-4258.441388784609,,,,1344.0,67.317
864,2,44,114.135067293071,-4256.441388784609,,,,1341.0,67.279
865,2,45,116.135067293071,-4254.441388784609,,,,1339.0,67.242
866,2,46,118.135067293071,-4252.441388784609,,,,1332.0,67.207
867,2,47,120.135067293071,-4250.441388784609,,,,1328.0,67.169
868,2,48,122.135067293071,-4248.441388784609,,,,1322.0,67.132
869,2,49,124.135067293071,-4246.441388784609,,,,1315.0,67.095
870,2,50,126.135067293071,-4244.441388784609,,,,1309.0,67.057
871,2,51,128.135067293071,-4242.441388784609,,,,1307.0,67.017
872,2,52,130.135067293071,-4240.441388784609,,,,1306.0,66.979
873,2,53,132.135067293071,-4238.441388784609,,,,1302.0,66.943
874,2,54,134.135067293071,-4236.441388784609,,,,1296.0,66.906
875,2,55,136.135067293071,-4234.441388784609,,,,1293.0,66.866
876,2,56,138.135067293071,-4232.441388784609,,,,1290.0,66.803
877,2,57,140.135067293071,-4230.441388784609,,,,1287.0,66.764
878,2,58,143.135067293071,-4227.441388784609,,,,1287.0,66.723
879,2,59,145.135067293071,-4225.441388784609,,,,1284.0,66.685
880,2,60,147.135067293071,-4223.441388784609,,,,1279.0,66.647
881,2,61,149.135067293071,-4221.441388784609,,,,1274.0,66.609
882,2,62,151.135067293071,-4219.441388784609,,,,1269.0,66.57
883,2,63,153.135067293071,-4217.441388784609,,,,1263.0,66.532
884,2,64,155.135067293071,-4215.441388784609,,,,1263.0,66.495
885,2,65,157.135067293071,-4213.441388784609,,,,1258.0,66.461
886,2,66,159.135067293071,-4211.441388784609,,,,1253.0,66.426
887,2,67,161.135067293071,-4209.441388784609,,,,1249.0,66.391
888,2,68,163.135067293071,-4207.441388784609,,,,1241.0,66.355
889,2,69,165.135067293071,-4205.441388784609,,,,1237.0,66.317
890,2,70,167.135067293071,-4203.441388784609,,,,1232.0,66.278
891,2,71,169.135067293071,-4201.441388784609,,,,1228.0,66.238
892,2,72,171.135067293071,-4199.441388784609,,,,1223.0,66.197
893,2,73,173.135067293071,-4197.441388784609,,,,1219.0,66.157
894,2,74,175.135067293071,-4195.441388784609,,,,1215.0,66.115
895,2,75,177.135067293071,-4193.441388784609,,,,1212.0,66.074
896,2,76,179.135067293071,-4191.441388784609,,,,1208.0,66.035
897,2,77,181.135067293071,-4189.441388784609,,,,1204.0,65.995
898,2,78,183.135067293071,-4187.441388784609,,,,1202.0,65.957
899,2,79,185.135067293071,-4185.441388784609,,,,1196.0,65.921
900,2,80,187.135067293071,-4183.441388784609,,,,1193.0,65.882
901,2,81,189.135067293071,-4181.441388784609,,,,1190.0,65.844
902,2,82,191.135067293071,-4179.441388784609,,,,1184.0,65.809
903,2,83,193.135067293071,-4177.441388784609,,,,1177.0,65.772
904,2,84,195.135067293071,-4175.441388784609,,,,1171.0,65.735
905,2,85,197.135067293071,-4173.441388784609,,,,1167.0,65.695
906,2,86,199.135067293071,-4171.441388784609,,,,1164.0,65.658
907,2,87,201.135067293071,-4169.441388784609,,,,1156.0,65.619
908,2,88,203.135067293071,-4167.441388784609,,,,1149.0,65.582
909,2,89,205.135067293071,-4165.441388784609,,,,1145.0,65.54
910,2,90,208.135067293071,-4162.441388784609,,,,1140.0,65.476
911,2,91,210.135067293071,-4160.441388784609,,,,1135.0,65.435
912,2,92,212.135067293071,-4158.441388784609,,,,1128.0,65.393
913,2,93,214.135067293071,-4156.441388784609,,,,1122.0,65.351
914,2,94,216.135067293071,-4154.441388784609,,,,1122.0,65.309
915,2,95,218.135067293071,-4152.441388784609,,,,1117.0,65.27
916,2,96,220.135067293071,-4150.441388784609,,,,1111.0,65.233
917,2,97,222.135067293071,-4148.441388784609,,,,1104.0,65.192
918,2,98,224.135067293071,-4146.441388784609,,,,1101.0,65.149
919,2,99,226.135067293071,-4144.441388784609,,,,1099.0,65.111
920,2,100,228.135067293071,-4142.441388784609,,,,1093.0,65.074
921,2,101,230.135067293071,-4140.441388784609,,,,1088.0,65.036
922,2,102,232.135067293071,-4138.441388784609,,,,1081.0,64.998
923,2,103,234.135067293071,-4136.441388784609,,,,1079.0,64.96
924,2,104,236.135067293071,-4134.441388784609,,,,1077.0,64.922
925,2,105,238.135067293071,-4132.441388784609,,,,1071.0,64.887
926,2,106,240.135067293071,-4130.441388784609,,,,1067.0,64.853
927,2,107,242.135067293071,-4128.441388784609,,,,1062.0,64.816
928,2,108,244.135067293071,-4126.441388784609,,,,1057.0,64.78
929,2,109,246.135067293071,-4124.441388784609,,,,1051.0,64.745
930,2,110,248.135067293071,-4122.441388784609,,,,1049.0,64.708
931,2,111,250.135067293071,-4120.441388784609,,,,1048.0,64.672
932,2,112,252.135067293071,-4118.441388784609,,,,1044.0,64.64
933,2,113,254.135067293071,-4116.441388784609,,,,1040.0,64.605
934,2,114,256.135067293071,-4114.441388784609,,,,1039.0,64.572
935,2,115,258.135067293071,-4112.441388784609,,,,1035.0,64.539
936,2,116,260.135067293071,-4110.441388784609,,,,1033.0,64.508
937,2,117,262.135067293071,-4108.441388784609,,,,1026.0,64.477
938,2,118,264.135067293071,-4106.441388784609,,,,1020.0,64.445
939,2,119,266.135067293071,-4104.441388784609,,,,1018.0,64.413
940,2,120,268.135067293071,-4102.441388784609,,,,1017.0,64.38
941,2,121,270.135067293071,-4100.441388784609,,,,1013.0,64.348
942,2,122,272.135067293071,-4098.441388784609,,,,1005.0,64.315
943,2,123,274.135067293071,-4096.441388784609,,,,1005.0,64.281
944,2,124,276.135067293071,-4094.441388784609,,,,1003.0,64.245
945,2,125,278.135067293071,-4092.441388784609,,,,998.0,64.213
946,2,126,280.135067293071,-4090.441388784609,,,,994.0,64.183
947,2,127,282.135067293071,-4088.441388784609,,,,989.0,64.148
948,2,128,284.135067293071,-4086.441388784609,,,,989.0,64.114
949,2,129,286.135067293071,-4084.441388784609,,,,986.0,64.061
950,2,130,289.135067293071,-4081.441388784609,,,,979.0,64.025
951,2,131,291.135067293071,-4079.441388784609,,,,976.0,63.987
952,2,132,293.135067293071,-4077.441388784609,,,,976.0,63.95
953,2,133,295.135067293071,-4075.441388784609,,,,978.0,63.917
954,2,134,297.135067293071,-4073.441388784609,,,,974.0,63.886
955,2,135,299.135067293071,-4071.441388784609,,,,973.0,63.854
956,2,136,301.135067293071,-4069.441388784609,,,,971.0,63.823
957,2,137,303.135067293071,-4067.441388784609,,,,970.0,63.789
958,2,138,305.135067293071,-4065.441388784609,,,,969.0,63.757
959,2,139,307.135067293071,-4063.441388784609,,,,973.0,63.724
960,2,140,309.135067293071,-4061.441388784609,,,,979.0,63.693
961,2,141,311.135067293071,-4059.441388784609,,,,982.0,63.67
962,2,142,313.135067293071,-4057.441388784609,,,,986.0,63.649
963,2,143,315.135067293071,-4055.441388784609,,,,988.0,63.625
964,2,144,317.135067293071,-4053.441388784609,,,,981.0,63.609
1070,2,250,532.135067293071,-3838.441388784609,,,,1090.0,63.573
1071,2,251,534.135067293071,-3836.441388784609,,,,1088.0,63.532
1072,2,252,536.135067293071,-3834.441388784609,,,,1083.0,63.491
1073,2,253,538.135067293071,-3832.441388784609,,,,1077.0,63.45
1074,2,254,540.135067293071,-3830.441388784609,,,,1075.0,63.41
1075,2,255,542.135067293071,-3828.441388784609,,,,1068.0,63.371
1076,2,256,544.135067293071,-3826.441388784609,,,,1060.0,63.331
1077,2,257,546.135067293071,-3824.441388784609,,,,1057.0,63.289
1078,2,258,548.135067293071,-3822.441388784609,,,,1048.0,63.249
1079,2,259,550.135067293071,-3820.441388784609,,,,1042.0,63.207
1080,2,260,552.135067293071,-3818.441388784609,,,,1037.0,63.164
1081,2,261,554.135067293071,-3816.441388784609,,,,1031.0,63.122
1082,2,262,556.135067293071,-3814.441388784609,,,,1028.0,63.079
1083,2,263,558.135067293071,-3812.441388784609,,,,1026.0,63.038
1084,2,264,560.135067293071,-3810.441388784609,,,,1021.0,62.999
1085,2,265,562.135067293071,-3808.441388784609,,,,1017.0,62.958
1086,2,266,564.135067293071,-3806.441388784609,,,,1013.0,62.915
1087,2,267,566.135067293071,-3804.441388784609,,,,1010.0,62.874
1088,2,268,568.135067293071,-3802.441388784609,,,,1010.0,62.832
1089,2,269,570.135067293071,-3800.441388784609,,,,1007.0,62.795
1090,2,270,572.135067293071,-3798.441388784609,,,,1005.0,62.757
1091,2,271,574.135067293071,-3796.441388784609,,,,1006.0,62.717
1092,2,272,576.135067293071,-3794.441388784609,,,,1005.0,62.679
1093,2,273,578.135067293071,-3792.441388784609,,,,1006.0,62.642
1094,2,274,580.135067293071,-3790.441388784609,,,,1004.0,62.608
1095,2,275,582.135067293071,-3788.441388784609,,,,1003.0,62.579
1096,2,276,584.135067293071,-3786.441388784609,,,,1002.0,62.553
1097,2,277,586.135067293071,-3784.441388784609,,,,1005.0,62.529
1098,2,278,588.135067293071,-3782.441388784609,,,,1007.0,62.505
1099,2,279,590.135067293071,-3780.441388784609,,,,1007.0,62.474
1100,2,280,592.135067293071,-3778.441388784609,,,,1001.0,62.446
1101,2,281,594.135067293071,-3776.441388784609,,,,999.0,62.438
1114,2,294,621.135067293071,-3749.441388784609,,,,987.0,62.426
1115,2,295,623.135067293071,-3747.441388784609,,,,982.0,62.387
1116,2,296,625.135067293071,-3745.441388784609,,,,981.0,62.347
1117,2,297,627.135067293071,-3743.441388784609,,,,975.0,62.311
1118,2,298,629.135067293071,-3741.441388784609,,,,965.0,62.273
1119,2,299,631.135067293071,-3739.441388784609,,,,960.0,62.234
1120,2,300,633.135067293071,-3737.441388784609,,,,956.0,62.194
1121,2,301,635.135067293071,-3735.441388784609,,,,953.0,62.154
1122,2,302,637.135067293071,-3733.441388784609,,,,953.0,62.114
1123,2,303,639.135067293071,-3731.441388784609,,,,951.0,62.074
1124,2,304,641.135067293071,-3729.441388784609,,,,950.0,62.033
1125,2,305,643.135067293071,-3727.441388784609,,,,951.0,61.995
1126,2,306,645.135067293071,-3725.441388784609,,,,947.0,61.96
1127,2,307,647.135067293071,-3723.441388784609,,,,942.0,61.924
1128,2,308,649.135067293071,-3721.441388784609,,,,946.0,61.887
1129,2,309,651.135067293071,-3719.441388784609,,,,941.0,61.851
1130,2,310,653.135067293071,-3717.441388784609,,,,941.0,61.818
1131,2,311,655.135067293071,-3715.441388784609,,,,937.0,61.782
1132,2,312,657.135067293071,-3713.441388784609,,,,936.0,61.748
1133,2,313,659.135067293071,-3711.441388784609,,,,935.0,61.714
1134,2,314,661.135067293071,-3709.441388784609,,,,933.0,61.68
1135,2,315,663.135067293071,-3707.441388784609,,,,930.0,61.648
1136,2,316,665.135067293071,-3705.441388784609,,,,932.0,61.613
1137,2,317,667.135067293071,-3703.441388784609,,,,934.0,61.581
1138,2,318,669.135067293071,-3701.441388784609,,,,931.0,61.548
1139,2,319,671.135067293071,-3699.441388784609,,,,933.0,61.512
1140,2,320,673.135067293071,-3697.441388784609,,,,940.0,61.476
1141,2,321,675.135067293071,-3695.441388784609,,,,946.0,61.443
1142,2,322,677.135067293071,-3693.441388784609,,,,949.0,61.415
1143,2,323,679.135067293071,-3691.441388784609,,,,951.0,61.395
1156,2,336,706.135067293071,-3664.441388784609,,,,1005.0,61.388
1224,2,404,843.135067293071,-3527.441388784609,,,,1120.0,61.382
1225,2,405,845.135067293071,-3525.441388784609,,,,1118.0,61.376
1226,2,406,847.135067293071,-3523.441388784609,,,,1114.0,61.371
1407,2,587,1214.135067293071,-3156.441388784609,,,,1527.0,61.345
1408,2,588,1216.135067293071,-3154.441388784609,,,,1521.0,61.307
1409,2,589,1218.135067293071,-3152.441388784609,,,,1518.0,61.265
1410,2,590,1220.135067293071,-3150.441388784609,,,,1514.0,61.223
1411,2,591,1222.135067293071,-3148.441388784609,,,,1511.0,61.18
1412,2,592,1224.135067293071,-3146.441388784609,,,,1506.0,61.14
1413,2,593,1226.135067293071,-3144.441388784609,,,,1500.0,61.099
1414,2,594,1228.135067293071,-3142.441388784609,,,,1496.0,61.057
1415,2,595,1230.135067293071,-3140.441388784609,,,,1496.0,61.017
1416,2,596,1232.135067293071,-3138.441388784609,,,,1495.0,60.977
1417,2,597,1234.135067293071,-3136.441388784609,,,,1493.0,60.936
1418,2,598,1236.135067293071,-3134.441388784609,,,,1493.0,60.893
1419,2,599,1238.135067293071,-3132.441388784609,,,,1491.0,60.85
1420,2,600,1240.135067293071,-3130.441388784609,,,,1492.0,60.81
1421,2,601,1242.135067293071,-3128.441388784609,,,,1489.0,60.773
1422,2,602,1244.135067293071,-3126.441388784609,,,,1486.0,60.739
1423,2,603,1246.135067293071,-3124.441388784609,,,,1485.0,60.705
1424,2,604,1248.135067293071,-3122.441388784609,,,,1482.0,60.672
1425,2,605,1250.135067293071,-3120.441388784609,,,,1480.0,60.642
1426,2,606,1252.135067293071,-3118.441388784609,,,,1476.0,60.61
1427,2,607,1254.135067293071,-3116.441388784609,,,,1471.0,60.575
1428,2,608,1256.135067293071,-3114.441388784609,,,,1464.0,60.536
1429,2,609,1258.135067293071,-3112.441388784609,,,,1463.0,60.494
1430,2,610,1260.135067293071,-3110.441388784609,,,,1463.0,60.454
1431,2,611,1262.135067293071,-3108.441388784609,,,,1463.0,60.415
1432,2,612,1264.135067293071,-3106.441388784609,,,,1462.0,60.378
1433,2,613,1266.135067293071,-3104.441388784609,,,,1458.0,60.342
1434,2,614,1268.135067293071,-3102.441388784609,,,,1458.0,60.305
1435,2,615,1270.135067293071,-3100.441388784609,,,,1460.0,60.267
1436,2,616,1272.135067293071,-3098.441388784609,,,,1460.0,60.232
1437,2,617,1274.135067293071,-3096.441388784609,,,,1461.0,60.196
1438,2,618,1276.135067293071,-3094.441388784609,,,,1461.0,60.159
1439,2,619,1278.135067293071,-3092.441388784609,,,,1467.0,60.119
1440,2,620,1280.135067293071,-3090.441388784609,,,,1468.0,60.084
1441,2,621,1282.135067293071,-3088.441388784609,,,,1463.0,60.05
1442,2,622,1284.135067293071,-3086.441388784609,,,,1456.0,60.014
1443,2,623,1287.135067293071,-3083.441388784609,,,,1451.0,59.956
1444,2,624,1289.135067293071,-3081.441388784609,,,,1445.0,59.917
1445,2,625,1291.135067293071,-3079.441388784609,,,,1441.0,59.876
1446,2,626,1293.135067293071,-3077.441388784609,,,,1438.0,59.836
1447,2,627,1295.135067293071,-3075.441388784609,,,,1435.0,59.796
1448,2,628,1297.135067293071,-3073.441388784609,,,,1432.0,59.76
1449,2,629,1299.135067293071,-3071.441388784609,,,,1429.0,59.725
1450,2,630,1301.135067293071,-3069.441388784609,,,,1424.0,59.696
1451,2,631,1303.135067293071,-3067.441388784609,,,,1418.0,59.668
1452,2,632,1305.135067293071,-3065.441388784609,,,,1415.0,59.643
1453,2,633,1307.135067293071,-3063.441388784609,,,,1412.0,59.618
1454,2,634,1309.135067293071,-3061.441388784609,,,,1408.0,59.59
1455,2,635,1311.135067293071,-3059.441388784609,,,,1404.0,59.559
1456,2,636,1313.135067293071,-3057.441388784609,,,,1401.0,59.526
1457,2,637,1315.135067293071,-3055.441388784609,,,,1397.0,59.491
1458,2,638,1317.135067293071,-3053.441388784609,,,,1395.0,59.454
1459,2,639,1319.135067293071,-3051.441388784609,,,,1392.0,59.418
1460,2,640,1321.135067293071,-3049.441388784609,,,,1389.0,59.379
1461,2,641,1323.135067293071,-3047.441388784609,,,,1386.0,59.342
1462,2,642,1325.135067293071,-3045.441388784609,,,,1382.0,59.304
1463,2,643,1327.135067293071,-3043.441388784609,,,,1378.0,59.265
1464,2,644,1329.135067293071,-3041.441388784609,,,,1377.0,59.225
1465,2,645,1331.135067293071,-3039.441388784609,,,,1374.0,59.185
1466,2,646,1333.135067293071,-3037.441388784609,,,,1373.0,59.146
1467,2,647,1335.135067293071,-3035.441388784609,,,,1371.0,59.106
1468,2,648,1337.135067293071,-3033.441388784609,,,,1371.0,59.067
1469,2,649,1339.135067293071,-3031.441388784609,,,,1370.0,59.027
1470,2,650,1341.135067293071,-3029.441388784609,,,,1366.0,58.99
1471,2,651,1343.135067293071,-3027.441388784609,,,,1364.0,58.953
1472,2,652,1345.135067293071,-3025.441388784609,,,,1360.0,58.914
1473,2,653,1347.135067293071,-3023.441388784609,,,,1356.0,58.875
1474,2,654,1349.135067293071,-3021.441388784609,,,,1354.0,58.838
1475,2,655,1351.135067293071,-3019.441388784609,,,,1351.0,58.799
1476,2,656,1353.135067293071,-3017.441388784609,,,,1349.0,58.761
1477,2,657,1355.135067293071,-3015.441388784609,,,,1348.0,58.725
1478,2,658,1357.135067293071,-3013.441388784609,,,,1347.0,58.687
1479,2,659,1359.135067293071,-3011.441388784609,,,,1344.0,58.649
1480,2,660,1361.135067293071,-3009.441388784609,,,,1343.0,58.611
1481,2,661,1363.135067293071,-3007.441388784609,,,,1342.0,58.573
1482,2,662,1365.135067293071,-3005.441388784609,,,,1342.0,58.533
1483,2,663,1367.135067293071,-3003.441388784609,,,,1340.0,58.495
1484,2,664,1369.135067293071,-3001.441388784609,,,,1338.0,58.456
1485,2,665,1371.135067293071,-2999.441388784609,,,,1333.0,58.42
1486,2,666,1373.135067293071,-2997.441388784609,,,,1332.0,58.364
1487,2,667,1375.135067293071,-2995.441388784609,,,,1332.0,58.326
1488,2,668,1377.135067293071,-2993.441388784609,,,,1328.0,58.289
1489,2,669,1380.135067293071,-2990.441388784609,,,,1327.0,58.252
1490,2,670,1382.135067293071,-2988.441388784609,,,,1325.0,58.215
1491,2,671,1384.135067293071,-2986.441388784609,,,,1324.0,58.179
1492,2,672,1386.135067293071,-2984.441388784609,,,,1325.0,58.144
1493,2,673,1388.135067293071,-2982.441388784609,,,,1324.0,58.111
1494,2,674,1390.135067293071,-2980.441388784609,,,,1325.0,58.081
1495,2,675,1392.135067293071,-2978.441388784609,,,,1326.0,58.052
1496,2,676,1394.135067293071,-2976.441388784609,,,,1324.0,58.025
1497,2,677,1396.135067293071,-2974.441388784609,,,,1323.0,57.994
1498,2,678,1398.135067293071,-2972.441388784609,,,,1323.0,57.962
1499,2,679,1400.135067293071,-2970.441388784609,,,,1320.0,57.931
1500,2,680,1402.135067293071,-2968.441388784609,,,,1320.0,57.9
1501,2,681,1404.135067293071,-2966.441388784609,,,,1320.0,57.867
1502,2,682,1406.135067293071,-2964.441388784609,,,,1319.0,57.836
1503,2,683,1408.135067293071,-2962.441388784609,,,,1317.0,57.804
1504,2,684,1410.135067293071,-2960.441388784609,,,,1314.0,57.77
1505,2,685,1412.135067293071,-2958.441388784609,,,,1316.0,57.737
1506,2,686,1414.135067293071,-2956.441388784609,,,,1314.0,57.709
1507,2,687,1416.135067293071,-2954.441388784609,,,,1310.0,57.686
1508,2,688,1418.135067293071,-2952.441388784609,,,,1306.0,57.663
1509,2,689,1420.135067293071,-2950.441388784609,,,,1303.0,57.64
1510,2,690,1422.135067293071,-2948.441388784609,,,,1301.0,57.619
1511,2,691,1424.135067293071,-2946.441388784609,,,,1299.0,57.598
1512,2,692,1426.135067293071,-2944.441388784609,,,,1293.0,57.578
1513,2,693,1428.135067293071,-2942.441388784609,,,,1287.0,57.558
1514,2,694,1430.135067293071,-2940.441388784609,,,,1286.0,57.535
1515,2,695,1432.135067293071,-2938.441388784609,,,,1281.0,57.512
1516,2,696,1434.135067293071,-2936.441388784609,,,,1278.0,57.488
1517,2,697,1436.135067293071,-2934.441388784609,,,,1271.0,57.463
1518,2,698,1438.135067293071,-2932.441388784609,,,,1266.0,57.438
1519,2,699,1440.135067293071,-2930.441388784609,,,,1262.0,57.411
1520,2,700,1442.135067293071,-2928.441388784609,,,,1258.0,57.386
1521,2,701,1444.135067293071,-2926.441388784609,,,,1257.0,57.358
1522,2,702,1446.135067293071,-2924.441388784609,,,,1256.0,57.33
1523,2,703,1448.135067293071,-2922.441388784609,,,,1252.0,57.299
1524,2,704,1450.135067293071,-2920.441388784609,,,,1248.0,57.27
1525,2,705,1452.135067293071,-2918.441388784609,,,,1243.0,57.238
1526,2,706,1454.135067293071,-2916.441388784609,,,,1240.0,57.205
1527,2,707,1456.135067293071,-2914.441388784609,,,,1237.0,57.171
1528,2,708,1458.135067293071,-2912.441388784609,,,,1235.0,57.138
1529,2,709,1460.135067293071,-2910.441388784609,,,,1230.0,57.106
1530,2,710,1462.135067293071,-2908.441388784609,,,,1225.0,57.073
1531,2,711,1464.135067293071,-2906.441388784609,,,,1222.0,57.019
1532,2,712,1466.135067293071,-2904.441388784609,,,,1219.0,56.982
1533,2,713,1468.135067293071,-2902.441388784609,,,,1217.0,56.945
1534,2,714,1470.135067293071,-2900.441388784609,,,,1217.0,56.908
1535,2,715,1473.135067293071,-2897.441388784609,,,,1213.0,56.871
1536,2,716,1475.135067293071,-2895.441388784609,,,,1211.0,56.835
1537,2,717,1477.135067293071,-2893.441388784609,,,,1208.0,56.8
1538,2,718,1479.135067293071,-2891.441388784609,,,,1205.0,56.763
1539,2,719,1481.135067293071,-2889.441388784609,,,,1200.0,56.723
1540,2,720,1483.135067293071,-2887.441388784609,,,,1196.0,56.68
1541,2,721,1485.135067293071,-2885.441388784609,,,,1190.0,56.638
1542,2,722,1487.135067293071,-2883.441388784609,,,,1187.0,56.594
1543,2,723,1489.135067293071,-2881.441388784609,,,,1185.0,56.553
1544,2,724,1491.135067293071,-2879.441388784609,,,,1179.0,56.514
1545,2,725,1493.135067293071,-2877.441388784609,,,,1172.0,56.473
1546,2,726,1495.135067293071,-2875.441388784609,,,,1167.0,56.43
1547,2,727,1497.135067293071,-2873.441388784609,,,,1162.0,56.387
1548,2,728,1499.135067293071,-2871.441388784609,,,,1156.0,56.344
1549,2,729,1501.135067293071,-2869.441388784609,,,,1147.0,56.3
1550,2,730,1503.135067293071,-2867.441388784609,,,,1141.0,56.254
1551,2,731,1505.135067293071,-2865.441388784609,,,,1136.0,56.206
1552,2,732,1507.135067293071,-2863.441388784609,,,,1132.0,56.161
1553,2,733,1509.135067293071,-2861.441388784609,,,,1126.0,56.116
1554,2,734,1511.135067293071,-2859.441388784609,,,,1123.0,56.073
1555,2,735,1513.135067293071,-2857.441388784609,,,,1117.0,56.031
1556,2,736,1515.135067293071,-2855.441388784609,,,,1112.0,55.988
1557,2,737,1517.135067293071,-2853.441388784609,,,,1111.0,55.944
1558,2,738,1519.135067293071,-2851.441388784609,,,,1113.0,55.902
1559,2,739,1521.135067293071,-2849.441388784609,,,,1106.0,55.863
1560,2,740,1523.135067293071,-2847.441388784609,,,,1099.0,55.826
1561,2,741,1525.135067293071,-2845.441388784609,,,,1099.0,55.787
1562,2,742,1527.135067293071,-2843.441388784609,,,,1096.0,55.75
1563,2,743,1529.135067293071,-2841.441388784609,,,,1095.0,55.713
1564,2,744,1531.135067293071,-2839.441388784609,,,,1088.0,55.677
1565,2,745,1533.135067293071,-2837.441388784609,,,,1084.0,55.642
1566,2,746,1535.135067293071,-2835.441388784609,,,,1081.0,55.609
1567,2,747,1537.135067293071,-2833.441388784609,,,,1076.0,55.579
1568,2,748,1539.135067293071,-2831.441388784609,,,,1072.0,55.551
1569,2,749,1541.135067293071,-2829.441388784609,,,,1068.0,55.524
1570,2,750,1543.135067293071,-2827.441388784609,,,,1063.0,55.498
1571,2,751,1545.135067293071,-2825.441388784609,,,,1060.0,55.472
1572,2,752,1547.135067293071,-2823.441388784609,,,,1056.0,55.446
1573,2,753,1549.135067293071,-2821.441388784609,,,,1055.0,55.423
1574,2,754,1551.135067293071,-2819.441388784609,,,,1048.0,55.402
1575,2,755,1553.135067293071,-2817.441388784609,,,,1045.0,55.38
1576,2,756,1555.135067293071,-2815.441388784609,,,,1047.0,55.352
1577,2,757,1557.135067293071,-2813.441388784609,,,,1052.0,55.32
1578,2,758,1559.135067293071,-2811.441388784609,,,,1059.0,55.286
1579,2,759,1561.135067293071,-2809.441388784609,,,,1058.0,55.25
1580,2,760,1563.135067293071,-2807.441388784609,,,,1054.0,55.225
1643,2,823,1691.135067293071,-2679.441388784609,,,,1092.0,55.221
1644,2,824,1693.135067293071,-2677.441388784609,,,,1088.0,55.195
1645,2,825,1695.135067293071,-2675.441388784609,,,,1088.0,55.185
1656,2,836,1717.135067293071,-2653.441388784609,,,,1093.0,55.167
1657,2,837,1719.135067293071,-2651.441388784609,,,,1096.0,55.133
1658,2,838,1721.135067293071,-2649.441388784609,,,,1097.0,55.101
1659,2,839,1723.135067293071,-2647.441388784609,,,,1096.0,55.07
1660,2,840,1725.135067293071,-2645.441388784609,,,,1096.0,55.036
1661,2,841,1727.135067293071,-2643.441388784609,,,,1096.0,55.005
1662,2,842,1729.135067293071,-2641.441388784609,,,,1092.0,54.977
1663,2,843,1731.135067293071,-2639.441388784609,,,,1088.0,54.955
1664,2,844,1733.135067293071,-2637.441388784609,,,,1089.0,54.932
1665,2,845,1735.135067293071,-2635.441388784609,,,,1087.0,54.91
1666,2,846,1737.135067293071,-2633.441388784609,,,,1083.0,54.89
1667,2,847,1739.135067293071,-2631.441388784609,,,,1082.0,54.866
1668,2,848,1741.135067293071,-2629.441388784609,,,,1083.0,54.84
1669,2,849,1743.135067293071,-2627.441388784609,,,,1082.0,54.814
1670,2,850,1745.135067293071,-2625.441388784609,,,,1082.0,54.79
1671,2,851,1747.135067293071,-2623.441388784609,,,,1081.0,54.764
1672,2,852,1749.135067293071,-2621.441388784609,,,,1080.0,54.738
1673,2,853,1751.135067293071,-2619.441388784609,,,,1079.0,54.712
1674,2,854,1753.135067293071,-2617.441388784609,,,,1079.0,54.669
1675,2,855,1755.135067293071,-2615.441388784609,,,,1078.0,54.639
1676,2,856,1757.135067293071,-2613.441388784609,,,,1074.0,54.605
1677,2,857,1759.135067293071,-2611.441388784609,,,,1072.0,54.574
1678,2,858,1761.135067293071,-2609.441388784609,,,,1068.0,54.549
1679,2,859,1763.135067293071,-2607.441388784609,,,,1060.0,54.527
1680,2,860,1765.135067293071,-2605.441388784609,,,,1056.0,54.504
1681,2,861,1768.135067293071,-2602.441388784609,,,,1051.0,54.483
1682,2,862,1770.135067293071,-2600.441388784609,,,,1049.0,54.462
1683,2,863,1772.135067293071,-2598.441388784609,,,,1045.0,54.442
1684,2,864,1774.135067293071,-2596.441388784609,,,,1039.0,54.423
1685,2,865,1776.135067293071,-2594.441388784609,,,,1036.0,54.399
1686,2,866,1778.135067293071,-2592.441388784609,,,,1032.0,54.375
1687,2,867,1780.135067293071,-2590.441388784609,,,,1030.0,54.353
1688,2,868,1782.135067293071,-2588.441388784609,,,,1026.0,54.335
1689,2,869,1784.135067293071,-2586.441388784609,,,,1022.0,54.317
1690,2,870,1786.135067293071,-2584.441388784609,,,,1022.0,54.304
1691,2,871,1788.135067293071,-2582.441388784609,,,,1017.0,54.293
1692,2,872,1790.135067293071,-2580.441388784609,,,,1010.0,54.283
1693,2,873,1792.135067293071,-2578.441388784609,,,,1005.0,54.269
1694,2,874,1794.135067293071,-2576.441388784609,,,,1004.0,54.257
1695,2,875,1796.135067293071,-2574.441388784609,,,,1003.0,54.243
1696,2,876,1798.135067293071,-2572.441388784609,,,,1000.0,54.23
1697,2,877,1800.135067293071,-2570.441388784609,,,,996.0,54.217
1698,2,878,1802.135067293071,-2568.441388784609,,,,991.0,54.206
1699,2,879,1804.135067293071,-2566.441388784609,,,,987.0,54.195
1700,2,880,1806.135067293071,-2564.441388784609,,,,984.0,54.181
1701,2,881,1808.135067293071,-2562.441388784609,,,,983.0,54.169
1702,2,882,1810.135067293071,-2560.441388784609,,,,979.0,54.157
1703,2,883,1812.135067293071,-2558.441388784609,,,,976.0,54.149
1704,2,884,1814.135067293071,-2556.441388784609,,,,973.0,54.141
1705,2,885,1816.135067293071,-2554.441388784609,,,,967.0,54.131
1706,2,886,1818.135067293071,-2552.441388784609,,,,961.0,54.12
1707,2,887,1820.135067293071,-2550.441388784609,,,,957.0,54.107
1708,2,888,1822.135067293071,-2548.441388784609,,,,956.0,54.097
1709,2,889,1824.135067293071,-2546.441388784609,,,,950.0,54.088
1710,2,890,1826.135067293071,-2544.441388784609,,,,942.0,54.08
1711,2,891,1828.135067293071,-2542.441388784609,,,,936.0,54.074
1712,2,892,1830.135067293071,-2540.441388784609,,,,930.0,54.069
1713,2,893,1832.135067293071,-2538.441388784609,,,,924.0,54.065
1714,2,894,1834.135067293071,-2536.441388784609,,,,918.0,54.063
1715,2,895,1836.135067293071,-2534.441388784609,,,,913.0,54.06
1716,2,896,1838.135067293071,-2532.441388784609,,,,909.0,54.059
1717,2,897,1840.135067293071,-2530.441388784609,,,,905.0,54.058
1784,2,964,1976.135067293071,-2394.441388784609,,,,942.0,54.034
1785,2,965,1978.135067293071,-2392.441388784609,,,,942.0,54.001
1786,2,966,1980.135067293071,-2390.441388784609,,,,940.0,53.969
1787,2,967,1982.135067293071,-2388.441388784609,,,,940.0,53.937
1788,2,968,1984.135067293071,-2386.441388784609,,,,939.0,53.902
1789,2,969,1986.135067293071,-2384.441388784609,,,,940.0,53.868
1790,2,970,1988.135067293071,-2382.441388784609,,,,938.0,53.836
1791,2,971,1990.135067293071,-2380.441388784609,,,,933.0,53.802
1792,2,972,1992.135067293071,-2378.441388784609,,,,925.0,53.767
1793,2,973,1994.135067293071,-2376.441388784609,,,,922.0,53.729
1794,2,974,1996.135067293071,-2374.441388784609,,,,917.0,53.689
1795,2,975,1998.135067293071,-2372.441388784609,,,,913.0,53.65
1796,2,976,2000.135067293071,-2370.441388784609,,,,905.0,53.61
1797,2,977,2002.135067293071,-2368.441388784609,,,,899.0,53.567
1798,2,978,2004.135067293071,-2366.441388784609,,,,895.0,53.524
1799,2,979,2006.135067293071,-2364.441388784609,,,,890.0,53.483
1800,2,980,2008.135067293071,-2362.441388784609,,,,886.0,53.441
1801,2,981,2010.135067293071,-2360.441388784609,,,,883.0,53.401
1802,2,982,2012.135067293071,-2358.441388784609,,,,880.0,53.363
1803,2,983,2014.135067293071,-2356.441388784609,,,,874.0,53.325
1804,2,984,2016.135067293071,-2354.441388784609,,,,869.0,53.287
1805,2,985,2018.135067293071,-2352.441388784609,,,,863.0,53.249
1806,2,986,2020.135067293071,-2350.441388784609,,,,855.0,53.213
1807,2,987,2022.135067293071,-2348.441388784609,,,,850.0,53.174
1808,2,988,2024.135067293071,-2346.441388784609,,,,844.0,53.136
1809,2,989,2026.135067293071,-2344.441388784609,,,,843.0,53.096
1810,2,990,2028.135067293071,-2342.441388784609,,,,841.0,53.039
1811,2,991,2030.135067293071,-2340.441388784609,,,,839.0,53.001
1812,2,992,2032.135067293071,-2338.441388784609,,,,840.0,52.965
1813,2,993,2034.135067293071,-2336.441388784609,,,,843.0,52.928
1814,2,994,2036.135067293071,-2334.441388784609,,,,842.0,52.895
1815,2,995,2039.135067293071,-2331.441388784609,,,,841.0,52.859
1816,2,996,2041.135067293071,-2329.441388784609,,,,843.0,52.825
1817,2,997,2043.135067293071,-2327.441388784609,,,,845.0,52.789
1818,2,998,2045.135067293071,-2325.441388784609,,,,844.0,52.755
1819,2,999,2047.135067293071,-2323.441388784609,,,,845.0,52.719
1820,2,1000,2049.135067293071,-2321.441388784609,,,,849.0,52.683
1821,2,1001,2051.135067293071,-2319.441388784609,,,,852.0,52.652
1822,2,1002,2053.135067293071,-2317.441388784609,,,,854.0,52.624
1823,2,1003,2055.135067293071,-2315.441388784609,,,,854.0,52.595
1824,2,1004,2057.135067293071,-2313.441388784609,,,,858.0,52.563
1825,2,1005,2059.135067293071,-2311.441388784609,,,,860.0,52.529
1826,2,1006,2061.135067293071,-2309.441388784609,,,,863.0,52.496
1827,2,1007,2063.135067293071,-2307.441388784609,,,,863.0,52.463
1828,2,1008,2065.135067293071,-2305.441388784609,,,,863.0,52.431
1829,2,1009,2067.135067293071,-2303.441388784609,,,,860.0,52.397
1830,2,1010,2069.135067293071,-2301.441388784609,,,,860.0,52.359
1831,2,1011,2071.135067293071,-2299.441388784609,,,,858.0,52.325
1832,2,1012,2073.135067293071,-2297.441388784609,,,,859.0,52.291
1833,2,1013,2075.135067293071,-2295.441388784609,,,,856.0,52.258
1834,2,1014,2077.135067293071,-2293.441388784609,,,,855.0,52.226
1835,2,1015,2079.135067293071,-2291.441388784609,,,,848.0,52.192
1836,2,1016,2081.135067293071,-2289.441388784609,,,,848.0,52.155
1837,2,1017,2083.135067293071,-2287.441388784609,,,,847.0,52.118
1838,2,1018,2085.135067293071,-2285.441388784609,,,,850.0,52.081
1839,2,1019,2087.135067293071,-2283.441388784609,,,,851.0,52.043
1840,2,1020,2089.135067293071,-2281.441388784609,,,,858.0,52.003
1841,2,1021,2091.135067293071,-2279.441388784609,,,,865.0,51.964
1842,2,1022,2093.135067293071,-2277.441388784609,,,,873.0,51.931
1843,2,1023,2095.135067293071,-2275.441388784609,,,,867.0,51.922
2003,2,1183,2419.135067293071,-1951.441388784609,,,,1109.0,51.906
2004,2,1184,2421.135067293071,-1949.441388784609,,,,1106.0,51.885
2005,2,1185,2423.135067293071,-1947.441388784609,,,,1102.0,51.861
2006,2,1186,2425.135067293071,-1945.441388784609,,,,1101.0,51.835
2007,2,1187,2427.135067293071,-1943.441388784609,,,,1096.0,51.806
2008,2,1188,2429.135067293071,-1941.441388784609,,,,1096.0,51.776
2009,2,1189,2431.135067293071,-1939.441388784609,,,,1092.0,51.745
2010,2,1190,2433.135067293071,-1937.441388784609,,,,1089.0,51.717
2011,2,1191,2435.135067293071,-1935.441388784609,,,,1086.0,51.689
2012,2,1192,2437.135067293071,-1933.441388784609,,,,1083.0,51.664
2013,2,1193,2439.135067293071,-1931.441388784609,,,,1078.0,51.642
2014,2,1194,2441.135067293071,-1929.441388784609,,,,1073.0,51.616
2015,2,1195,2443.135067293071,-1927.441388784609,,,,1076.0,51.59
2016,2,1196,2445.135067293071,-1925.441388784609,,,,1076.0,51.568
2017,2,1197,2447.135067293071,-1923.441388784609,,,,1076.0,51.547
2018,2,1198,2449.135067293071,-1921.441388784609,,,,1073.0,51.528
2019,2,1199,2451.135067293071,-1919.441388784609,,,,1070.0,51.508
2020,2,1200,2453.135067293071,-1917.441388784609,,,,1070.0,51.483
2021,2,1201,2455.135067293071,-1915.441388784609,,,,1069.0,51.457
2022,2,1202,2457.135067293071,-1913.441388784609,,,,1067.0,51.432
2023,2,1203,2459.135067293071,-1911.441388784609,,,,1060.0,51.408
2024,2,1204,2461.135067293071,-1909.441388784609,,,,1061.0,51.384
2025,2,1205,2463.135067293071,-1907.441388784609,,,,1058.0,51.359
2026,2,1206,2465.135067293071,-1905.441388784609,,,,1054.0,51.337
2027,2,1207,2467.135067293071,-1903.441388784609,,,,1050.0,51.315
2028,2,1208,2469.135067293071,-1901.441388784609,,,,1046.0,51.298
2029,2,1209,2471.135067293071,-1899.441388784609,,,,1045.0,51.279
2030,2,1210,2473.135067293071,-1897.441388784609,,,,1037.0,51.252
2031,2,1211,2476.135067293071,-1894.441388784609,,,,1030.0,51.229
2032,2,1212,2478.135067293071,-1892.441388784609,,,,1025.0,51.205
2033,2,1213,2480.135067293071,-1890.441388784609,,,,1020.0,51.182
2034,2,1214,2482.135067293071,-1888.441388784609,,,,1013.0,51.158
2035,2,1215,2484.135067293071,-1886.441388784609,,,,1007.0,51.133
2036,2,1216,2486.135067293071,-1884.441388784609,,,,1003.0,51.109
2037,2,1217,2488.135067293071,-1882.441388784609,,,,997.0,51.085
2038,2,1218,2490.135067293071,-1880.441388784609,,,,993.0,51.062
2039,2,1219,2492.135067293071,-1878.441388784609,,,,989.0,51.038
2040,2,1220,2494.135067293071,-1876.441388784609,,,,981.0,51.013
2041,2,1221,2496.135067293071,-1874.441388784609,,,,974.0,50.986
2042,2,1222,2498.135067293071,-1872.441388784609,,,,968.0,50.959
2043,2,1223,2500.135067293071,-1870.441388784609,,,,964.0,50.934
2044,2,1224,2502.135067293071,-1868.441388784609,,,,958.0,50.911
2045,2,1225,2504.135067293071,-1866.441388784609,,,,952.0,50.889
2046,2,1226,2506.135067293071,-1864.441388784609,,,,947.0,50.867
2047,2,1227,2508.135067293071,-1862.441388784609,,,,942.0,50.847
2048,2,1228,2510.135067293071,-1860.441388784609,,,,937.0,50.827
2049,2,1229,2512.135067293071,-1858.441388784609,,,,930.0,50.805
2050,2,1230,2514.135067293071,-1856.441388784609,,,,920.0,50.781
2051,2,1231,2516.135067293071,-1854.441388784609,,,,916.0,50.754
2052,2,1232,2518.135067293071,-1852.441388784609,,,,914.0,50.729
2053,2,1233,2520.135067293071,-1850.441388784609,,,,908.0,50.708
2054,2,1234,2522.135067293071,-1848.441388784609,,,,906.0,50.686
2055,2,1235,2524.135067293071,-1846.441388784609,,,,900.0,50.667
2056,2,1236,2526.135067293071,-1844.441388784609,,,,897.0,50.647
2057,2,1237,2528.135067293071,-1842.441388784609,,,,896.0,50.627
2058,2,1238,2530.135067293071,-1840.441388784609,,,,894.0,50.607
2059,2,1239,2532.135067293071,-1838.441388784609,,,,889.0,50.581
2060,2,1240,2534.135067293071,-1836.441388784609,,,,888.0,50.551
2061,2,1241,2536.135067293071,-1834.441388784609,,,,885.0,50.52
2062,2,1242,2538.135067293071,-1832.441388784609,,,,882.0,50.485
2063,2,1243,2540.135067293071,-1830.441388784609,,,,886.0,50.45
2064,2,1244,2542.135067293071,-1828.441388784609,,,,889.0,50.412
2065,2,1245,2544.135067293071,-1826.441388784609,,,,886.0,50.377
2066,2,1246,2546.135067293071,-1824.441388784609,,,,885.0,50.342
2067,2,1247,2548.135067293071,-1822.441388784609,,,,892.0,50.309
2068,2,1248,2550.135067293071,-1820.441388784609,,,,894.0,50.278
2069,2,1249,2552.135067293071,-1818.441388784609,,,,893.0,50.242
2070,2,1250,2554.135067293071,-1816.441388784609,,,,895.0,50.22
2071,2,1251,2557.135067293071,-1813.441388784609,,,,899.0,50.198
2072,2,1252,2559.135067293071,-1811.441388784609,,,,898.0,50.178
2073,2,1253,2561.135067293071,-1809.441388784609,,,,899.0,50.158
2074,2,1254,2563.135067293071,-1807.441388784609,,,,902.0,50.14
2075,2,1255,2565.135067293071,-1805.441388784609,,,,902.0,50.124
2076,2,1256,2567.135067293071,-1803.441388784609,,,,905.0,50.104
2077,2,1257,2569.135067293071,-1801.441388784609,,,,905.0,50.086
2078,2,1258,2571.135067293071,-1799.441388784609,,,,901.0,50.071
2079,2,1259,2573.135067293071,-1797.441388784609,,,,901.0,50.06
2080,2,1260,2575.135067293071,-1795.441388784609,,,,900.0,50.049
2081,2,1261,2577.135067293071,-1793.441388784609,,,,897.0,50.035
2082,2,1262,2579.135067293071,-1791.441388784609,,,,892.0,50.021
2083,2,1263,2581.135067293071,-1789.441388784609,,,,889.0,50.006
2084,2,1264,2583.135067293071,-1787.441388784609,,,,889.0,49.991
2085,2,1265,2585.135067293071,-1785.441388784609,,,,886.0,49.977
2086,2,1266,2587.135067293071,-1783.441388784609,,,,878.0,49.965
2087,2,1267,2589.135067293071,-1781.441388784609,,,,872.0,49.952
2088,2,1268,2591.135067293071,-1779.441388784609,,,,867.0,49.936
2089,2,1269,2593.135067293071,-1777.441388784609,,,,861.0,49.918
2090,2,1270,2595.135067293071,-1775.441388784609,,,,857.0,49.898
2091,2,1271,2597.135067293071,-1773.441388784609,,,,853.0,49.877
2092,2,1272,2599.135067293071,-1771.441388784609,,,,853.0,49.859
2093,2,1273,2601.135067293071,-1769.441388784609,,,,847.0,49.842
2094,2,1274,2603.135067293071,-1767.441388784609,,,,843.0,49.82
2095,2,1275,2605.135067293071,-1765.441388784609,,,,841.0,49.794
2096,2,1276,2607.135067293071,-1763.441388784609,,,,839.0,49.768
2097,2,1277,2609.135067293071,-1761.441388784609,,,,834.0,49.739
2098,2,1278,2611.135067293071,-1759.441388784609,,,,831.0,49.707
2099,2,1279,2613.135067293071,-1757.441388784609,,,,829.0,49.674
2100,2,1280,2615.135067293071,-1755.441388784609,,,,829.0,49.642
2101,2,1281,2617.135067293071,-1753.441388784609,,,,826.0,49.612
2102,2,1282,2619.135067293071,-1751.441388784609,,,,825.0,49.582
2103,2,1283,2621.135067293071,-1749.441388784609,,,,825.0,49.553
2104,2,1284,2623.135067293071,-1747.441388784609,,,,825.0,49.525
2105,2,1285,2625.135067293071,-1745.441388784609,,,,827.0,49.498
2106,2,1286,2627.135067293071,-1743.441388784609,,,,826.0,49.475
2107,2,1287,2629.135067293071,-1741.441388784609,,,,825.0,49.458
2108,2,1288,2631.135067293071,-1739.441388784609,,,,821.0,49.445
2109,2,1289,2633.135067293071,-1737.441388784609,,,,818.0,49.433
2110,2,1290,2635.135067293071,-1735.441388784609,,,,813.0,49.409
2111,2,1291,2638.135067293071,-1732.441388784609,,,,812.0,49.391
2112,2,1292,2640.135067293071,-1730.441388784609,,,,813.0,49.374
2113,2,1293,2642.135067293071,-1728.441388784609,,,,811.0,49.354
2114,2,1294,2644.135067293071,-1726.441388784609,,,,811.0,49.331
2115,2,1295,2646.135067293071,-1724.441388784609,,,,813.0,49.308
2116,2,1296,2648.135067293071,-1722.441388784609,,,,810.0,49.285
2117,2,1297,2650.135067293071,-1720.441388784609,,,,808.0,49.264
2118,2,1298,2652.135067293071,-1718.441388784609,,,,805.0,49.243
2119,2,1299,2654.135067293071,-1716.441388784609,,,,803.0,49.224
2120,2,1300,2656.135067293071,-1714.441388784609,,,,801.0,49.205
2121,2,1301,2658.135067293071,-1712.441388784609,,,,799.0,49.187
2122,2,1302,2660.135067293071,-1710.441388784609,,,,800.0,49.166
2123,2,1303,2662.135067293071,-1708.441388784609,,,,798.0,49.146
2124,2,1304,2664.135067293071,-1706.441388784609,,,,796.0,49.124
2125,2,1305,2666.135067293071,-1704.441388784609,,,,793.0,49.103
2126,2,1306,2668.135067293071,-1702.441388784609,,,,792.0,49.08
2127,2,1307,2670.135067293071,-1700.441388784609,,,,787.0,49.057
2128,2,1308,2672.135067293071,-1698.441388784609,,,,784.0,49.03
2129,2,1309,2674.135067293071,-1696.441388784609,,,,787.0,49.0
2130,2,1310,2676.135067293071,-1694.441388784609,,,,792.0,48.97
2131,2,1311,2678.135067293071,-1692.441388784609,,,,800.0,48.939
2132,2,1312,2680.135067293071,-1690.441388784609,,,,798.0,48.918
2140,2,1320,2696.135067293071,-1674.441388784609,,,,804.0,48.899
2141,2,1321,2698.135067293071,-1672.441388784609,,,,807.0,48.88
2142,2,1322,2700.135067293071,-1670.441388784609,,,,809.0,48.876
2150,2,1330,2716.135067293071,-1654.441388784609,,,,809.0,48.865
2151,2,1331,2719.135067293071,-1651.441388784609,,,,808.0,48.844
2152,2,1332,2721.135067293071,-1649.441388784609,,,,813.0,48.837
2165,2,1345,2747.135067293071,-1623.441388784609,,,,803.0,48.835
2166,2,1346,2749.135067293071,-1621.441388784609,,,,802.0,48.808
2167,2,1347,2751.135067293071,-1619.441388784609,,,,801.0,48.779
2168,2,1348,2753.135067293071,-1617.441388784609,,,,804.0,48.748
2169,2,1349,2755.135067293071,-1615.441388784609,,,,807.0,48.716
2170,2,1350,2757.135067293071,-1613.441388784609,,,,809.0,48.685
2171,2,1351,2759.135067293071,-1611.441388784609,,,,812.0,48.654
2172,2,1352,2761.135067293071,-1609.441388784609,,,,813.0,48.623
2173,2,1353,2763.135067293071,-1607.441388784609,,,,814.0,48.597
2174,2,1354,2765.135067293071,-1605.441388784609,,,,812.0,48.569
2175,2,1355,2767.135067293071,-1603.441388784609,,,,808.0,48.541
2176,2,1356,2769.135067293071,-1601.441388784609,,,,800.0,48.518
2177,2,1357,2771.135067293071,-1599.441388784609,,,,798.0,48.514
2267,2,1447,2953.135067293071,-1417.441388784609,,,,796.0,48.484
2268,2,1448,2955.135067293071,-1415.441388784609,,,,795.0,48.454
2269,2,1449,2957.135067293071,-1413.441388784609,,,,794.0,48.424
2270,2,1450,2959.135067293071,-1411.441388784609,,,,792.0,48.394
2271,2,1451,2961.135067293071,-1409.441388784609,,,,790.0,48.364
2272,2,1452,2963.135067293071,-1407.441388784609,,,,788.0,48.332
2273,2,1453,2965.135067293071,-1405.441388784609,,,,785.0,48.3
2274,2,1454,2967.135067293071,-1403.441388784609,,,,786.0,48.268
2275,2,1455,2969.135067293071,-1401.441388784609,,,,782.0,48.235
2276,2,1456,2971.135067293071,-1399.441388784609,,,,778.0,48.203
2277,2,1457,2973.135067293071,-1397.441388784609,,,,773.0,48.171
2278,2,1458,2975.135067293071,-1395.441388784609,,,,771.0,48.138
2279,2,1459,2977.135067293071,-1393.441388784609,,,,767.0,48.106
2280,2,1460,2979.135067293071,-1391.441388784609,,,,764.0,48.073
2281,2,1461,2981.135067293071,-1389.441388784609,,,,758.0,48.041
2282,2,1462,2983.135067293071,-1387.441388784609,,,,751.0,48.007
2283,2,1463,2985.135067293071,-1385.441388784609,,,,745.0,47.953
2284,2,1464,2988.135067293071,-1382.441388784609,,,,742.0,47.917
2285,2,1465,2990.135067293071,-1380.441388784609,,,,742.0,47.88
2286,2,1466,2992.135067293071,-1378.441388784609,,,,741.0,47.846
2287,2,1467,2994.135067293071,-1376.441388784609,,,,734.0,47.813
2288,2,1468,2996.135067293071,-1374.441388784609,,,,729.0,47.779
2289,2,1469,2998.135067293071,-1372.441388784609,,,,724.0,47.743
2290,2,1470,3000.135067293071,-1370.441388784609,,,,722.0,47.707
2291,2,1471,3002.135067293071,-1368.441388784609,,,,719.0,47.673
2292,2,1472,3004.135067293071,-1366.441388784609,,,,718.0,47.64
2293,2,1473,3006.135067293071,-1364.441388784609,,,,713.0,47.608
2294,2,1474,3008.135067293071,-1362.441388784609,,,,710.0,47.575
2295,2,1475,3010.135067293071,-1360.441388784609,,,,708.0,47.545
2296,2,1476,3012.135067293071,-1358.441388784609,,,,706.0,47.514
2297,2,1477,3014.135067293071,-1356.441388784609,,,,704.0,47.483
2298,2,1478,3016.135067293071,-1354.441388784609,,,,700.0,47.451
2299,2,1479,3018.135067293071,-1352.441388784609,,,,697.0,47.418
2300,2,1480,3020.135067293071,-1350.441388784609,,,,691.0,47.387
2301,2,1481,3022.135067293071,-1348.441388784609,,,,685.0,47.356
2302,2,1482,3024.135067293071,-1346.441388784609,,,,679.0,47.322
2303,2,1483,3026.135067293071,-1344.441388784609,,,,674.0,47.288
2304,2,1484,3028.135067293071,-1342.441388784609,,,,671.0,47.254
2305,2,1485,3030.135067293071,-1340.441388784609,,,,666.0,47.221
2306,2,1486,3032.135067293071,-1338.441388784609,,,,659.0,47.187
2307,2,1487,3034.135067293071,-1336.441388784609,,,,654.0,47.153
2308,2,1488,3036.135067293071,-1334.441388784609,,,,650.0,47.117
2309,2,1489,3038.135067293071,-1332.441388784609,,,,645.0,47.08
2310,2,1490,3040.135067293071,-1330.441388784609,,,,641.0,47.045
2311,2,1491,3042.135067293071,-1328.441388784609,,,,635.0,47.011
2312,2,1492,3044.135067293071,-1326.441388784609,,,,628.0,46.977
2313,2,1493,3046.135067293071,-1324.441388784609,,,,620.0,46.942
2314,2,1494,3048.135067293071,-1322.441388784609,,,,615.0,46.903
2315,2,1495,3050.135067293071,-1320.441388784609,,,,608.0,46.866
2316,2,1496,3052.135067293071,-1318.441388784609,,,,603.0,46.829
2317,2,1497,3054.135067293071,-1316.441388784609,,,,600.0,46.789
2318,2,1498,3056.135067293071,-1314.441388784609,,,,595.0,46.751
2319,2,1499,3058.135067293071,-1312.441388784609,,,,588.0,46.714
2320,2,1500,3060.135067293071,-1310.441388784609,,,,581.0,46.677
2321,2,1501,3062.135067293071,-1308.441388784609,,,,570.0,46.617
2322,2,1502,3064.135067293071,-1306.441388784609,,,,566.0,46.574
2323,2,1503,3067.135067293071,-1303.441388784609,,,,562.0,46.538
2324,2,1504,3069.135067293071,-1301.441388784609,,,,554.0,46.506
2325,2,1505,3071.135067293071,-1299.441388784609,,,,539.0,46.482
2326,2,1506,3073.135067293071,-1297.441388784609,,,,529.0,46.469
2327,2,1507,3075.135067293071,-1295.441388784609,,,,525.0,46.456
2328,2,1508,3077.135067293071,-1293.441388784609,,,,520.0,46.445
2329,2,1509,3079.135067293071,-1291.441388784609,,,,518.0,46.436
2330,2,1510,3081.135067293071,-1289.441388784609,,,,516.0,46.432
2331,2,1511,3083.135067293071,-1287.441388784609,,,,516.0,46.428
2332,2,1512,3085.135067293071,-1285.441388784609,,,,519.0,46.425
2333,2,1513,3087.135067293071,-1283.441388784609,,,,518.0,46.422
2349,2,1529,3119.135067293071,-1251.441388784609,,,,494.0,46.417
2799,2,1979,4029.135067293071,-341.441388784609,,,,1095.0,46.398
2800,2,1980,4031.135067293071,-339.441388784609,,,,1091.0,46.362
2801,2,1981,4033.135067293071,-337.441388784609,,,,1088.0,46.326
2802,2,1982,4035.135067293071,-335.441388784609,,,,1085.0,46.289
2803,2,1983,4037.135067293071,-333.441388784609,,,,1081.0,46.254
2804,2,1984,4039.135067293071,-331.441388784609,,,,1077.0,46.22
2805,2,1985,4041.135067293071,-329.441388784609,,,,1071.0,46.187
2806,2,1986,4043.135067293071,-327.441388784609,,,,1066.0,46.151
2807,2,1987,4045.135067293071,-325.441388784609,,,,1064.0,46.117
2808,2,1988,4047.135067293071,-323.441388784609,,,,1060.0,46.067
2809,2,1989,4050.135067293071,-320.441388784609,,,,1054.0,46.033
2810,2,1990,4052.135067293071,-318.441388784609,,,,1049.0,45.998
2811,2,1991,4054.135067293071,-316.441388784609,,,,1044.0,45.963
2812,2,1992,4056.135067293071,-314.441388784609,,,,1042.0,45.927
2813,2,1993,4058.135067293071,-312.441388784609,,,,1039.0,45.893
2814,2,1994,4060.135067293071,-310.441388784609,,,,1035.0,45.86
2815,2,1995,4062.135067293071,-308.441388784609,,,,1029.0,45.827
2816,2,1996,4064.135067293071,-306.441388784609,,,,1026.0,45.791
2817,2,1997,4066.135067293071,-304.441388784609,,,,1024.0,45.757
2818,2,1998,4068.135067293071,-302.441388784609,,,,1022.0,45.726
2819,2,1999,4070.135067293071,-300.441388784609,,,,1017.0,45.695
2820,2,2000,4072.135067293071,-298.441388784609,,,,1014.0,45.66
2821,2,2001,4074.135067293071,-296.441388784609,,,,1010.0,45.626
2822,2,2002,4076.135067293071,-294.441388784609,,,,1007.0,45.591
2823,2,2003,4078.135067293071,-292.441388784609,,,,1003.0,45.558
2824,2,2004,4080.135067293071,-290.441388784609,,,,1000.0,45.522
2825,2,2005,4082.135067293071,-288.441388784609,,,,997.0,45.486
2826,2,2006,4084.135067293071,-286.441388784609,,,,996.0,45.452
2827,2,2007,4086.135067293071,-284.441388784609,,,,995.0,45.417
2828,2,2008,4088.135067293071,-282.441388784609,,,,994.0,45.383
2829,2,2009,4090.135067293071,-280.441388784609,,,,991.0,45.348
2830,2,2010,4092.135067293071,-278.441388784609,,,,990.0,45.312
2831,2,2011,4094.135067293071,-276.441388784609,,,,987.0,45.278
2832,2,2012,4096.135067293071,-274.441388784609,,,,986.0,45.242
2833,2,2013,4098.135067293071,-272.441388784609,,,,987.0,45.209
2834,2,2014,4100.135067293071,-270.441388784609,,,,992.0,45.177
2835,2,2015,4102.135067293071,-268.441388784609,,,,994.0,45.147
2836,2,2016,4104.135067293071,-266.441388784609,,,,992.0,45.116
2837,2,2017,4106.135067293071,-264.441388784609,,,,992.0,45.084
2838,2,2018,4108.135067293071,-262.441388784609,,,,992.0,45.049
2839,2,2019,4110.135067293071,-260.441388784609,,,,996.0,45.016
2840,2,2020,4112.135067293071,-258.441388784609,,,,1001.0,44.981
2841,2,2021,4114.135067293071,-256.441388784609,,,,1002.0,44.949
2842,2,2022,4116.135067293071,-254.441388784609,,,,1007.0,44.915
2843,2,2023,4118.135067293071,-252.441388784609,,,,1016.0,44.883
2844,2,2024,4120.135067293071,-250.441388784609,,,,1013.0,44.857
2845,2,2025,4122.135067293071,-248.441388784609,,,,1020.0,44.854
2853,2,2033,4138.135067293071,-232.441388784609,,,,1061.0,44.831
2854,2,2034,4140.135067293071,-230.441388784609,,,,1067.0,44.826
2861,2,2041,4155.135067293071,-215.441388784609,,,,1107.0,44.825
2862,2,2042,4157.135067293071,-213.441388784609,,,,1118.0,44.813
2882,2,2062,4197.135067293071,-173.441388784609,,,,1251.0,44.79
2883,2,2063,4199.135067293071,-171.441388784609,,,,1257.0,44.778
2892,2,2072,4217.135067293071,-153.441388784609,,,,1305.0,44.755
2893,2,2073,4219.135067293071,-151.441388784609,,,,1312.0,44.722
2894,2,2074,4221.135067293071,-149.441388784609,,,,1314.0,44.696
2895,2,2075,4223.135067293071,-147.441388784609,,,,1316.0,44.679
2896,2,2076,4225.135067293071,-145.441388784609,,,,1319.0,44.678
2905,2,2085,4244.135067293071,-126.441388784609,,,,1350.0,44.666
2906,2,2086,4246.135067293071,-124.441388784609,,,,1353.0,44.642
2907,2,2087,4248.135067293071,-122.441388784609,,,,1351.0,44.624
2908,2,2088,4250.135067293071,-120.441388784609,,,,1350.0,44.617
2920,2,2100,4274.135067293071,-96.441388784609,,,,1372.0,44.59
2921,2,2101,4276.135067293071,-94.441388784609,,,,1372.0,44.563
2922,2,2102,4278.135067293071,-92.441388784609,,,,1372.0,44.539
2923,2,2103,4280.135067293071,-90.441388784609,,,,1370.0,44.513
2924,2,2104,4282.135067293071,-88.441388784609,,,,1369.0,44.488
2925,2,2105,4284.135067293071,-86.441388784609,,,,1365.0,44.46
2926,2,2106,4286.135067293071,-84.441388784609,,,,1366.0,44.429
2927,2,2107,4288.135067293071,-82.441388784609,,,,1366.0,44.395
2928,2,2108,4290.135067293071,-80.441388784609,,,,1365.0,44.361
2929,2,2109,4292.135067293071,-78.441388784609,,,,1364.0,44.328
2930,2,2110,4294.135067293071,-76.441388784609,,,,1366.0,44.293
2931,2,2111,4296.135067293071,-74.441388784609,,,,1366.0,44.26
2932,2,2112,4298.135067293071,-72.441388784609,,,,1363.0,44.229
2933,2,2113,4300.135067293071,-70.441388784609,,,,1360.0,44.197
2934,2,2114,4302.135067293071,-68.441388784609,,,,1355.0,44.167
2935,2,2115,4304.135067293071,-66.441388784609,,,,1348.0,44.136
2936,2,2116,4306.135067293071,-64.441388784609,,,,1341.0,44.103
2937,2,2117,4308.135067293071,-62.441388784609,,,,1339.0,44.068
2938,2,2118,4310.135067293071,-60.441388784609,,,,1336.0,44.035
2939,2,2119,4312.135067293071,-58.441388784609,,,,1332.0,44.003
2940,2,2120,4314.135067293071,-56.441388784609,,,,1325.0,43.971
2941,2,2121,4316.135067293071,-54.441388784609,,,,1318.0,43.937
2942,2,2122,4318.135067293071,-52.441388784609,,,,1319.0,43.903
2943,2,2123,4320.135067293071,-50.441388784609,,,,1319.0,43.873
2944,2,2124,4322.135067293071,-48.441388784609,,,,1319.0,43.846
2945,2,2125,4324.135067293071,-46.441388784609,,,,1320.0,43.815
2946,2,2126,4326.135067293071,-44.441388784609,,,,1319.0,43.786
2947,2,2127,4328.135067293071,-42.441388784609,,,,1319.0,43.755
2948,2,2128,4330.135067293071,-40.441388784609,,,,1320.0,43.723
2949,2,2129,4332.135067293071,-38.441388784609,,,,1323.0,43.69
2950,2,2130,4334.135067293071,-36.441388784609,,,,1326.0,43.658
2951,2,2131,4336.135067293071,-34.441388784609,,,,1327.0,43.624
2952,2,2132,4338.135067293071,-32.441388784609,,,,1330.0,43.59
2953,2,2133,4340.135067293071,-30.441388784609,,,,1332.0,43.556
2954,2,2134,4342.135067293071,-28.441388784609,,,,1334.0,43.504
2955,2,2135,4345.135067293071,-25.441388784609,,,,1337.0,43.469
2956,2,2136,4347.135067293071,-23.441388784609,,,,1340.0,43.433
2957,2,2137,4349.135067293071,-21.441388784609,,,,1344.0,43.398
2958,2,2138,4351.135067293071,-19.441388784609,,,,1347.0,43.365
2959,2,2139,4353.135067293071,-17.441388784609,,,,1348.0,43.331
2960,2,2140,4355.135067293071,-15.441388784609,,,,1349.0,43.295
2961,2,2141,4357.135067293071,-13.441388784609,,,,1349.0,43.261
2962,2,2142,4359.135067293071,-11.441388784609,,,,1345.0,43.231
2963,2,2143,4361.135067293071,-9.441388784609,,,,1338.0,43.202
2964,2,2144,4363.135067293071,-7.441388784609,,,,1337.0,43.175
2965,2,2145,4365.135067293071,-5.441388784609,,,,1337.0,43.144
2966,2,2146,4367.135067293071,-3.441388784609,,,,1338.0,43.113
2967,2,2147,4369.135067293071,-1.441388784609,,,,1339.0,43.078
2968,2,2148,4371.135067293071,0.558611215391,,,,1341.0,43.048
2969,2,2149,4373.135067293071,2.558611215391,,,,1338.0,43.02
2970,2,2150,4375.135067293071,4.558611215391,,,,1336.0,42.993
2971,2,2151,4377.135067293071,6.558611215391,,,,1334.0,42.967
2972,2,2152,4379.135067293071,8.558611215391,,,,1334.0,42.947
2973,2,2153,4381.135067293071,10.558611215391,,,,1336.0,42.935
2974,2,2154,4383.135067293071,12.558611215391,,,,1337.0,42.927
3006,2,2186,4448.135067293071,77.558611215391,,,,1343.0,42.897
3007,2,2187,4450.135067293071,79.558611215391,,,,1340.0,42.862
3008,2,2188,4452.135067293071,81.558611215391,,,,1339.0,42.826
3009,2,2189,4454.135067293071,83.558611215391,,,,1340.0,42.791
3010,2,2190,4456.135067293071,85.558611215391,,,,1338.0,42.76
3011,2,2191,4458.135067293071,87.558611215391,,,,1331.0,42.725
3012,2,2192,4460.135067293071,89.558611215391,,,,1332.0,42.685
3013,2,2193,4462.135067293071,91.558611215391,,,,1332.0,42.647
3014,2,2194,4464.135067293071,93.558611215391,,,,1330.0,42.609
3015,2,2195,4466.135067293071,95.558611215391,,,,1327.0,42.573
3016,2,2196,4468.135067293071,97.558611215391,,,,1323.0,42.536
3017,2,2197,4470.135067293071,99.558611215391,,,,1317.0,42.498
3018,2,2198,4473.135067293071,102.558611215391,,,,1315.0,42.439
3019,2,2199,4475.135067293071,104.558611215391,,,,1316.0,42.4
3020,2,2200,4477.135067293071,106.558611215391,,,,1317.0,42.365
3021,2,2201,4479.135067293071,108.558611215391,,,,1314.0,42.329
3022,2,2202,4481.135067293071,110.558611215391,,,,1310.0,42.297
3023,2,2203,4483.135067293071,112.558611215391,,,,1309.0,42.264
3024,2,2204,4485.135067293071,114.558611215391,,,,1306.0,42.23
3025,2,2205,4487.135067293071,116.558611215391,,,,1303.0,42.199
3026,2,2206,4489.135067293071,118.558611215391,,,,1302.0,42.166
3027,2,2207,4491.135067293071,120.558611215391,,,,1300.0,42.135
3028,2,2208,4493.135067293071,122.558611215391,,,,1296.0,42.103
3029,2,2209,4495.135067293071,124.558611215391,,,,1292.0,42.07
3030,2,2210,4497.135067293071,126.558611215391,,,,1293.0,42.035
3031,2,2211,4499.135067293071,128.558611215391,,,,1291.0,42.004
3032,2,2212,4501.135067293071,130.558611215391,,,,1290.0,41.974
3033,2,2213,4503.135067293071,132.558611215391,,,,1285.0,41.944
3034,2,2214,4505.135067293071,134.558611215391,,,,1280.0,41.908
3035,2,2215,4507.135067293071,136.558611215391,,,,1278.0,41.871
3036,2,2216,4509.135067293071,138.558611215391,,,,1277.0,41.836
3037,2,2217,4511.135067293071,140.558611215391,,,,1278.0,41.806
3038,2,2218,4513.135067293071,142.558611215391,,,,1277.0,41.777
3039,2,2219,4515.135067293071,144.558611215391,,,,1273.0,41.751
3040,2,2220,4517.135067293071,146.558611215391,,,,1271.0,41.727
3041,2,2221,4519.135067293071,148.558611215391,,,,1269.0,41.703
3042,2,2222,4521.135067293071,150.558611215391,,,,1264.0,41.678
3043,2,2223,4523.135067293071,152.558611215391,,,,1262.0,41.653
3044,2,2224,4525.135067293071,154.558611215391,,,,1260.0,41.628
3045,2,2225,4527.135067293071,156.558611215391,,,,1256.0,41.602
3046,2,2226,4529.135067293071,158.558611215391,,,,1251.0,41.574
3047,2,2227,4531.135067293071,160.558611215391,,,,1246.0,41.532
3048,2,2228,4534.135067293071,163.558611215391,,,,1242.0,41.505
3049,2,2229,4536.135067293071,165.558611215391,,,,1239.0,41.477
3050,2,2230,4538.135067293071,167.558611215391,,,,1234.0,41.448
3051,2,2231,4540.135067293071,169.558611215391,,,,1233.0,41.42
3052,2,2232,4542.135067293071,171.558611215391,,,,1228.0,41.392
3053,2,2233,4544.135067293071,173.558611215391,,,,1220.0,41.362
3054,2,2234,4546.135067293071,175.558611215391,,,,1215.0,41.332
3055,2,2235,4548.135067293071,177.558611215391,,,,1213.0,41.298
3056,2,2236,4550.135067293071,179.558611215391,,,,1211.0,41.268
3057,2,2237,4552.135067293071,181.558611215391,,,,1214.0,41.236
3058,2,2238,4554.135067293071,183.558611215391,,,,1214.0,41.207
3059,2,2239,4556.135067293071,185.558611215391,,,,1212.0,41.176
3060,2,2240,4558.135067293071,187.558611215391,,,,1209.0,41.15
3061,2,2241,4560.135067293071,189.558611215391,,,,1207.0,41.122
3062,2,2242,4562.135067293071,191.558611215391,,,,1201.0,41.094
3063,2,2243,4564.135067293071,193.558611215391,,,,1196.0,41.068
3064,2,2244,4566.135067293071,195.558611215391,,,,1194.0,41.04
3065,2,2245,4568.135067293071,197.558611215391,,,,1191.0,41.013
3066,2,2246,4570.135067293071,199.558611215391,,,,1187.0,40.983
3067,2,2247,4572.135067293071,201.558611215391,,,,1184.0,40.953
3068,2,2248,4574.135067293071,203.558611215391,,,,1182.0,40.923
3069,2,2249,4576.135067293071,205.558611215391,,,,1177.0,40.896
3070,2,2250,4578.135067293071,207.558611215391,,,,1175.0,40.871
3071,2,2251,4580.135067293071,209.558611215391,,,,1176.0,40.846
3072,2,2252,4582.135067293071,211.558611215391,,,,1175.0,40.823
3073,2,2253,4584.135067293071,213.558611215391,,,,1170.0,40.787
3074,2,2254,4587.135067293071,216.558611215391,,,,1169.0,40.765
3075,2,2255,4589.135067293071,218.558611215391,,,,1168.0,40.747
3076,2,2256,4591.135067293071,220.558611215391,,,,1168.0,40.728
3077,2,2257,4593.135067293071,222.558611215391,,,,1166.0,40.708
3078,2,2258,4595.135067293071,224.558611215391,,,,1164.0,40.689
3079,2,2259,4597.135067293071,226.558611215391,,,,1157.0,40.666
3080,2,2260,4599.135067293071,228.558611215391,,,,1153.0,40.638
3081,2,2261,4601.135067293071,230.558611215391,,,,1148.0,40.605
3082,2,2262,4603.135067293071,232.558611215391,,,,1146.0,40.573
3083,2,2263,4605.135067293071,234.558611215391,,,,1142.0,40.541
3084,2,2264,4607.135067293071,236.558611215391,,,,1140.0,40.51
3085,2,2265,4609.135067293071,238.558611215391,,,,1140.0,40.481
3086,2,2266,4611.135067293071,240.558611215391,,,,1139.0,40.452
3087,2,2267,4613.135067293071,242.558611215391,,,,1134.0,40.425
3088,2,2268,4615.135067293071,244.558611215391,,,,1130.0,40.398
3089,2,2269,4617.135067293071,246.558611215391,,,,1124.0,40.367
3090,2,2270,4619.135067293071,248.558611215391,,,,1120.0,40.338
3091,2,2271,4621.135067293071,250.558611215391,,,,1117.0,40.31
3092,2,2272,4623.135067293071,252.558611215391,,,,1114.0,40.284
3093,2,2273,4625.135067293071,254.558611215391,,,,1108.0,40.259
3094,2,2274,4627.135067293071,256.558611215391,,,,1102.0,40.235
3095,2,2275,4629.135067293071,258.558611215391,,,,1102.0,40.21
3096,2,2276,4631.135067293071,260.558611215391,,,,1099.0,40.186
3097,2,2277,4633.135067293071,262.558611215391,,,,1091.0,40.161
3098,2,2278,4635.135067293071,264.558611215391,,,,1084.0,40.131
3099,2,2279,4637.135067293071,266.558611215391,,,,1076.0,40.086
3100,2,2280,4640.135067293071,269.558611215391,,,,1071.0,40.06
3101,2,2281,4642.135067293071,271.558611215391,,,,1067.0,40.036
3102,2,2282,4644.135067293071,273.558611215391,,,,1057.0,40.008
3103,2,2283,4646.135067293071,275.558611215391,,,,1050.0,39.982
3104,2,2284,4648.135067293071,277.558611215391,,,,1045.0,39.951
3105,2,2285,4650.135067293071,279.558611215391,,,,1043.0,39.923
3106,2,2286,4652.135067293071,281.558611215391,,,,1044.0,39.897
3107,2,2287,4654.135067293071,283.558611215391,,,,1043.0,39.874
3108,2,2288,4656.135067293071,285.558611215391,,,,1037.0,39.851
3109,2,2289,4658.135067293071,287.558611215391,,,,1030.0,39.826
3110,2,2290,4660.135067293071,289.558611215391,,,,1028.0,39.8
3111,2,2291,4662.135067293071,291.558611215391,,,,1018.0,39.773
3112,2,2292,4664.135067293071,293.558611215391,,,,1014.0,39.751
3113,2,2293,4666.135067293071,295.558611215391,,,,1011.0,39.73
3114,2,2294,4668.135067293071,297.558611215391,,,,1007.0,39.708
3115,2,2295,4670.135067293071,299.558611215391,,,,1004.0,39.685
3116,2,2296,4672.135067293071,301.558611215391,,,,999.0,39.666
3117,2,2297,4674.135067293071,303.558611215391,,,,993.0,39.649
3118,2,2298,4676.135067293071,305.558611215391,,,,988.0,39.635
3119,2,2299,4678.135067293071,307.558611215391,,,,980.0,39.619
3120,2,2300,4680.135067293071,309.558611215391,,,,973.0,39.601
3121,2,2301,4682.135067293071,311.558611215391,,,,970.0,39.578
3122,2,2302,4685.135067293071,314.558611215391,,,,964.0,39.544
3123,2,2303,4687.135067293071,316.558611215391,,,,955.0,39.521
3124,2,2304,4689.135067293071,318.558611215391,,,,950.0,39.5
3125,2,2305,4691.135067293071,320.558611215391,,,,945.0,39.477
3126,2,2306,4693.135067293071,322.558611215391,,,,941.0,39.456
3127,2,2307,4695.135067293071,324.558611215391,,,,938.0,39.439
3128,2,2308,4697.135067293071,326.558611215391,,,,935.0,39.427
3129,2,2309,4699.135067293071,328.558611215391,,,,930.0,39.413
3130,2,2310,4701.135067293071,330.558611215391,,,,925.0,39.394
3131,2,2311,4703.135067293071,332.558611215391,,,,922.0,39.371
3132,2,2312,4705.135067293071,334.558611215391,,,,919.0,39.341
3133,2,2313,4707.135067293071,336.558611215391,,,,916.0,39.31
3134,2,2314,4709.135067293071,338.558611215391,,,,910.0,39.274
3135,2,2315,4711.135067293071,340.558611215391,,,,906.0,39.233
3136,2,2316,4713.135067293071,342.558611215391,,,,906.0,39.193
3137,2,2317,4715.135067293071,344.558611215391,,,,905.0,39.152
3138,2,2318,4717.135067293071,346.558611215391,,,,899.0,39.114
3139,2,2319,4719.135067293071,348.558611215391,,,,897.0,39.076
3140,2,2320,4721.135067293071,350.558611215391,,,,894.0,39.04
3141,2,2321,4723.135067293071,352.558611215391,,,,890.0,39.008
3142,2,2322,4725.135067293071,354.558611215391,,,,884.0,38.975
3143,2,2323,4727.135067293071,356.558611215391,,,,875.0,38.946
3144,2,2324,4730.135067293071,359.558611215391,,,,866.0,38.898
3145,2,2325,4732.135067293071,361.558611215391,,,,859.0,38.865
3146,2,2326,4734.135067293071,363.558611215391,,,,856.0,38.835
3147,2,2327,4736.135067293071,365.558611215391,,,,851.0,38.803
3148,2,2328,4738.135067293071,367.558611215391,,,,851.0,38.773
3149,2,2329,4740.135067293071,369.558611215391,,,,848.0,38.746
3150,2,2330,4742.135067293071,371.558611215391,,,,847.0,38.719
3151,2,2331,4744.135067293071,373.558611215391,,,,841.0,38.691
3152,2,2332,4746.135067293071,375.558611215391,,,,838.0,38.663
3153,2,2333,4748.135067293071,377.558611215391,,,,832.0,38.633
3154,2,2334,4750.135067293071,379.558611215391,,,,828.0,38.6
3155,2,2335,4752.135067293071,381.558611215391,,,,824.0,38.568
3156,2,2336,4754.135067293071,383.558611215391,,,,818.0,38.535
3157,2,2337,4756.135067293071,385.558611215391,,,,813.0,38.5
3158,2,2338,4758.135067293071,387.558611215391,,,,808.0,38.468
3159,2,2339,4760.135067293071,389.558611215391,,,,803.0,38.435
3160,2,2340,4762.135067293071,391.558611215391,,,,799.0,38.402
3161,2,2341,4764.135067293071,393.558611215391,,,,794.0,38.371
3162,2,2342,4766.135067293071,395.558611215391,,,,789.0,38.339
3163,2,2343,4768.135067293071,397.558611215391,,,,784.0,38.304
3164,2,2344,4770.135067293071,399.558611215391,,,,781.0,38.27
3165,2,2345,4773.135067293071,402.558611215391,,,,778.0,38.217
3166,2,2346,4775.135067293071,404.558611215391,,,,775.0,38.185
3167,2,2347,4777.135067293071,406.558611215391,,,,771.0,38.149
3168,2,2348,4779.135067293071,408.558611215391,,,,768.0,38.113
3169,2,2349,4781.135067293071,410.558611215391,,,,763.0,38.076
3170,2,2350,4783.135067293071,412.558611215391,,,,759.0,38.041
3171,2,2351,4785.135067293071,414.558611215391,,,,753.0,38.006
3172,2,2352,4787.135067293071,416.558611215391,,,,752.0,37.972
3173,2,2353,4789.135067293071,418.558611215391,,,,749.0,37.938
3174,2,2354,4791.135067293071,420.558611215391,,,,744.0,37.906
3175,2,2355,4793.135067293071,422.558611215391,,,,734.0,37.874
3176,2,2356,4795.135067293071,424.558611215391,,,,724.0,37.84
3177,2,2357,4797.135067293071,426.558611215391,,,,718.0,37.803
3178,2,2358,4799.135067293071,428.558611215391,,,,716.0,37.77
3179,2,2359,4801.135067293071,430.558611215391,,,,714.0,37.734
3180,2,2360,4803.135067293071,432.558611215391,,,,712.0,37.698
3181,2,2361,4805.135067293071,434.558611215391,,,,709.0,37.661
3182,2,2362,4807.135067293071,436.558611215391,,,,706.0,37.626
3183,2,2363,4809.135067293071,438.558611215391,,,,704.0,37.594
3184,2,2364,4811.135067293071,440.558611215391,,,,705.0,37.561
3185,2,2365,4813.135067293071,442.558611215391,,,,702.0,37.527
3186,2,2366,4815.135067293071,444.558611215391,,,,696.0,37.493
3187,2,2367,4817.135067293071,446.558611215391,,,,693.0,37.457
3188,2,2368,4820.135067293071,449.558611215391,,,,691.0,37.4
3189,2,2369,4822.135067293071,451.558611215391,,,,692.0,37.363
3190,2,2370,4824.135067293071,453.558611215391,,,,692.0,37.325
3191,2,2371,4826.135067293071,455.558611215391,,,,696.0,37.288
3192,2,2372,4828.135067293071,457.558611215391,,,,700.0,37.252
3193,2,2373,4830.135067293071,459.558611215391,,,,705.0,37.215
3194,2,2374,4832.135067293071,461.558611215391,,,,708.0,37.182
3195,2,2375,4834.135067293071,463.558611215391,,,,710.0,37.148
3196,2,2376,4836.135067293071,465.558611215391,,,,711.0,37.115
3197,2,2377,4838.135067293071,467.558611215391,,,,711.0,37.082
3198,2,2378,4840.135067293071,469.558611215391,,,,714.0,37.049
3199,2,2379,4842.135067293071,471.558611215391,,,,718.0,37.019
3200,2,2380,4844.135067293071,473.558611215391,,,,723.0,36.992
3201,2,2381,4846.135067293071,475.558611215391,,,,720.0,36.975
3588,2,2768,5636.135067293071,1265.558611215391,,,,1756.0,36.943
3589,2,2769,5639.135067293071,1268.558611215391,,,,1753.0,36.912
3590,2,2770,5641.135067293071,1270.558611215391,,,,1748.0,36.88
3591,2,2771,5643.135067293071,1272.558611215391,,,,1743.0,36.846
3592,2,2772,5645.135067293071,1274.558611215391,,,,1740.0,36.813
3593,2,2773,5647.135067293071,1276.558611215391,,,,1737.0,36.777
3594,2,2774,5649.135067293071,1278.558611215391,,,,1735.0,36.744
3595,2,2775,5651.135067293071,1280.558611215391,,,,1730.0,36.71
3596,2,2776,5653.135067293071,1282.558611215391,,,,1723.0,36.673
3597,2,2777,5655.135067293071,1284.558611215391,,,,1719.0,36.636
3598,2,2778,5657.135067293071,1286.558611215391,,,,1716.0,36.598
3599,2,2779,5659.135067293071,1288.558611215391,,,,1713.0,36.562
3600,2,2780,5661.135067293071,1290.558611215391,,,,1709.0,36.525
3601,2,2781,5663.135067293071,1292.558611215391,,,,1705.0,36.491
3602,2,2782,5665.135067293071,1294.558611215391,,,,1697.0,36.455
3603,2,2783,5667.135067293071,1296.558611215391,,,,1694.0,36.417
3604,2,2784,5669.135067293071,1298.558611215391,,,,1690.0,36.379
3605,2,2785,5671.135067293071,1300.558611215391,,,,1687.0,36.344
3606,2,2786,5673.135067293071,1302.558611215391,,,,1682.0,36.309
3607,2,2787,5675.135067293071,1304.558611215391,,,,1678.0,36.273
3608,2,2788,5677.135067293071,1306.558611215391,,,,1672.0,36.238
3609,2,2789,5679.135067293071,1308.558611215391,,,,1668.0,36.201
3610,2,2790,5681.135067293071,1310.558611215391,,,,1663.0,36.163
3611,2,2791,5683.135067293071,1312.558611215391,,,,1660.0,36.124
3612,2,2792,5685.135067293071,1314.558611215391,,,,1659.0,36.085
3613,2,2793,5687.135067293071,1316.558611215391,,,,1655.0,36.047
3614,2,2794,5690.135067293071,1319.558611215391,,,,1652.0,35.99
3615,2,2795,5692.135067293071,1321.558611215391,,,,1652.0,35.953
3616,2,2796,5694.135067293071,1323.558611215391,,,,1649.0,35.917
3617,2,2797,5696.135067293071,1325.558611215391,,,,1645.0,35.879
3618,2,2798,5698.135067293071,1327.558611215391,,,,1642.0,35.84
3619,2,2799,5700.135067293071,1329.558611215391,,,,1638.0,35.799
3620,2,2800,5702.135067293071,1331.558611215391,,,,1635.0,35.758
3621,2,2801,5704.135067293071,1333.558611215391,,,,1629.0,35.715
3622,2,2802,5706.135067293071,1335.558611215391,,,,1625.0,35.67
3623,2,2803,5708.135067293071,1337.558611215391,,,,1621.0,35.625
3624,2,2804,5710.135067293071,1339.558611215391,,,,1619.0,35.583
3625,2,2805,5712.135067293071,1341.558611215391,,,,1615.0,35.542
3626,2,2806,5714.135067293071,1343.558611215391,,,,1611.0,35.502
3627,2,2807,5716.135067293071,1345.558611215391,,,,1606.0,35.459
3628,2,2808,5718.135067293071,1347.558611215391,,,,1602.0,35.417
3629,2,2809,5720.135067293071,1349.558611215391,,,,1598.0,35.376
3630,2,2810,5722.135067293071,1351.558611215391,,,,1594.0,35.336
3631,2,2811,5724.135067293071,1353.558611215391,,,,1589.0,35.296
3632,2,2812,5726.135067293071,1355.558611215391,,,,1584.0,35.257
3633,2,2813,5728.135067293071,1357.558611215391,,,,1579.0,35.215
3634,2,2814,5730.135067293071,1359.558611215391,,,,1573.0,35.175
3635,2,2815,5732.135067293071,1361.558611215391,,,,1566.0,35.133
3636,2,2816,5734.135067293071,1363.558611215391,,,,1560.0,35.091
3637,2,2817,5736.135067293071,1365.558611215391,,,,1553.0,35.048
3638,2,2818,5739.135067293071,1368.558611215391,,,,1548.0,34.982
3639,2,2819,5741.135067293071,1370.558611215391,,,,1543.0,34.939
3640,2,2820,5743.135067293071,1372.558611215391,,,,1538.0,34.896
3641,2,2821,5745.135067293071,1374.558611215391,,,,1532.0,34.852
3642,2,2822,5747.135067293071,1376.558611215391,,,,1527.0,34.809
3643,2,2823,5749.135067293071,1378.558611215391,,,,1522.0,34.766
3644,2,2824,5751.135067293071,1380.558611215391,,,,1517.0,34.721
3645,2,2825,5753.135067293071,1382.558611215391,,,,1513.0,34.68
3646,2,2826,5755.135067293071,1384.558611215391,,,,1510.0,34.642
3647,2,2827,5757.135067293071,1386.558611215391,,,,1505.0,34.602
3648,2,2828,5759.135067293071,1388.558611215391,,,,1499.0,34.563
3649,2,2829,5761.135067293071,1390.558611215391,,,,1493.0,34.522
3650,2,2830,5763.135067293071,1392.558611215391,,,,1485.0,34.482
3651,2,2831,5765.135067293071,1394.558611215391,,,,1478.0,34.441
3652,2,2832,5767.135067293071,1396.558611215391,,,,1474.0,34.398
3653,2,2833,5769.135067293071,1398.558611215391,,,,1465.0,34.356
3654,2,2834,5771.135067293071,1400.558611215391,,,,1460.0,34.316
3655,2,2835,5773.135067293071,1402.558611215391,,,,1454.0,34.273
3656,2,2836,5775.135067293071,1404.558611215391,,,,1447.0,34.231
3657,2,2837,5777.135067293071,1406.558611215391,,,,1443.0,34.189
3658,2,2838,5779.135067293071,1408.558611215391,,,,1435.0,34.149
3659,2,2839,5781.135067293071,1410.558611215391,,,,1426.0,34.107
3660,2,2840,5783.135067293071,1412.558611215391,,,,1419.0,34.066
3661,2,2841,5785.135067293071,1414.558611215391,,,,1417.0,34.023
3662,2,2842,5787.135067293071,1416.558611215391,,,,1416.0,33.962
3663,2,2843,5790.135067293071,1419.558611215391,,,,1414.0,33.924
3664,2,2844,5792.135067293071,1421.558611215391,,,,1412.0,33.886
3665,2,2845,5794.135067293071,1423.558611215391,,,,1406.0,33.85
3666,2,2846,5796.135067293071,1425.558611215391,,,,1402.0,33.813
3667,2,2847,5798.135067293071,1427.558611215391,,,,1397.0,33.776
3668,2,2848,5800.135067293071,1429.558611215391,,,,1393.0,33.736
3669,2,2849,5802.135067293071,1431.558611215391,,,,1391.0,33.695
3670,2,2850,5804.135067293071,1433.558611215391,,,,1387.0,33.655
3671,2,2851,5806.135067293071,1435.558611215391,,,,1386.0,33.616
3672,2,2852,5808.135067293071,1437.558611215391,,,,1386.0,33.578
3673,2,2853,5810.135067293071,1439.558611215391,,,,1383.0,33.542
3674,2,2854,5812.135067293071,1441.558611215391,,,,1377.0,33.504
3675,2,2855,5814.135067293071,1443.558611215391,,,,1370.0,33.464
3676,2,2856,5816.135067293071,1445.558611215391,,,,1370.0,33.427
3677,2,2857,5818.135067293071,1447.558611215391,,,,1369.0,33.39
3678,2,2858,5820.135067293071,1449.558611215391,,,,1370.0,33.356
3679,2,2859,5822.135067293071,1451.558611215391,,,,1369.0,33.323
3680,2,2860,5824.135067293071,1453.558611215391,,,,1366.0,33.288
3681,2,2861,5826.135067293071,1455.558611215391,,,,1361.0,33.252
3682,2,2862,5828.135067293071,1457.558611215391,,,,1355.0,33.214
3683,2,2863,5830.135067293071,1459.558611215391,,,,1350.0,33.174
3684,2,2864,5832.135067293071,1461.558611215391,,,,1347.0,33.133
3685,2,2865,5834.135067293071,1463.558611215391,,,,1340.0,33.092
3686,2,2866,5836.135067293071,1465.558611215391,,,,1334.0,33.053
3687,2,2867,5838.135067293071,1467.558611215391,,,,1327.0,33.013
3688,2,2868,5840.135067293071,1469.558611215391,,,,1321.0,32.97
3689,2,2869,5842.135067293071,1471.558611215391,,,,1317.0,32.928
3690,2,2870,5845.135067293071,1474.558611215391,,,,1317.0,32.869
3691,2,2871,5847.135067293071,1476.558611215391,,,,1317.0,32.831
3692,2,2872,5849.135067293071,1478.558611215391,,,,1314.0,32.795
3693,2,2873,5851.135067293071,1480.558611215391,,,,1309.0,32.758
3694,2,2874,5853.135067293071,1482.558611215391,,,,1304.0,32.721
3695,2,2875,5855.135067293071,1484.558611215391,,,,1299.0,32.682
3696,2,2876,5857.135067293071,1486.558611215391,,,,1300.0,32.646
3697,2,2877,5859.135067293071,1488.558611215391,,,,1302.0,32.612
3698,2,2878,5861.135067293071,1490.558611215391,,,,1303.0,32.577
3699,2,2879,5863.135067293071,1492.558611215391,,,,1302.0,32.543
3700,2,2880,5865.135067293071,1494.558611215391,,,,1304.0,32.51
3701,2,2881,5867.135067293071,1496.558611215391,,,,1305.0,32.475
3702,2,2882,5869.135067293071,1498.558611215391,,,,1306.0,32.443
3703,2,2883,5871.135067293071,1500.558611215391,,,,1305.0,32.41
3704,2,2884,5873.135067293071,1502.558611215391,,,,1305.0,32.376
3705,2,2885,5875.135067293071,1504.558611215391,,,,1309.0,32.342
3706,2,2886,5877.135067293071,1506.558611215391,,,,1312.0,32.307
3707,2,2887,5879.135067293071,1508.558611215391,,,,1316.0,32.274
3708,2,2888,5881.135067293071,1510.558611215391,,,,1321.0,32.242
3709,2,2889,5883.135067293071,1512.558611215391,,,,1322.0,32.215
3710,2,2890,5885.135067293071,1514.558611215391,,,,1328.0,32.188
3711,2,2891,5887.135067293071,1516.558611215391,,,,1333.0,32.174
3783,2,2963,6034.135067293071,1663.558611215391,,,,1500.0,32.172
3784,2,2964,6036.135067293071,1665.558611215391,,,,1495.0,32.14
3785,2,2965,6038.135067293071,1667.558611215391,,,,1490.0,32.107
3786,2,2966,6040.135067293071,1669.558611215391,,,,1485.0,32.071
3787,2,2967,6042.135067293071,1671.558611215391,,,,1481.0,32.034
3788,2,2968,6044.135067293071,1673.558611215391,,,,1481.0,31.996
3789,2,2969,6046.135067293071,1675.558611215391,,,,1476.0,31.961
3790,2,2970,6048.135067293071,1677.558611215391,,,,1472.0,31.927
3791,2,2971,6050.135067293071,1679.558611215391,,,,1466.0,31.89
3792,2,2972,6052.135067293071,1681.558611215391,,,,1459.0,31.852
3793,2,2973,6054.135067293071,1683.558611215391,,,,1458.0,31.794
3794,2,2974,6057.135067293071,1686.558611215391,,,,1453.0,31.755
3795,2,2975,6059.135067293071,1688.558611215391,,,,1448.0,31.717
3796,2,2976,6061.135067293071,1690.558611215391,,,,1446.0,31.68
3797,2,2977,6063.135067293071,1692.558611215391,,,,1442.0,31.641
3798,2,2978,6065.135067293071,1694.558611215391,,,,1438.0,31.601
3799,2,2979,6067.135067293071,1696.558611215391,,,,1434.0,31.563
3800,2,2980,6069.135067293071,1698.558611215391,,,,1430.0,31.523
3801,2,2981,6071.135067293071,1700.558611215391,,,,1422.0,31.486
3802,2,2982,6073.135067293071,1702.558611215391,,,,1416.0,31.447
3803,2,2983,6075.135067293071,1704.558611215391,,,,1410.0,31.408
3804,2,2984,6077.135067293071,1706.558611215391,,,,1405.0,31.369
3805,2,2985,6079.135067293071,1708.558611215391,,,,1403.0,31.331
3806,2,2986,6081.135067293071,1710.558611215391,,,,1400.0,31.294
3807,2,2987,6083.135067293071,1712.558611215391,,,,1398.0,31.259
3808,2,2988,6085.135067293071,1714.558611215391,,,,1395.0,31.223
3809,2,2989,6087.135067293071,1716.558611215391,,,,1389.0,31.188
3810,2,2990,6089.135067293071,1718.558611215391,,,,1384.0,31.15
3811,2,2991,6091.135067293071,1720.558611215391,,,,1379.0,31.111
3812,2,2992,6093.135067293071,1722.558611215391,,,,1374.0,31.071
3813,2,2993,6095.135067293071,1724.558611215391,,,,1371.0,31.03
3814,2,2994,6097.135067293071,1726.558611215391,,,,1369.0,30.991
3815,2,2995,6099.135067293071,1728.558611215391,,,,1365.0,30.954
3816,2,2996,6101.135067293071,1730.558611215391,,,,1360.0,30.894
3817,2,2997,6104.135067293071,1733.558611215391,,,,1357.0,30.855
3818,2,2998,6106.135067293071,1735.558611215391,,,,1353.0,30.815
3819,2,2999,6108.135067293071,1737.558611215391,,,,1349.0,30.776
3820,2,3000,6110.135067293071,1739.558611215391,,,,1346.0,30.736
3821,2,3001,6112.135067293071,1741.558611215391,,,,1344.0,30.699
3822,2,3002,6114.135067293071,1743.558611215391,,,,1340.0,30.662
3823,2,3003,6116.135067293071,1745.558611215391,,,,1332.0,30.624
3824,2,3004,6118.135067293071,1747.558611215391,,,,1327.0,30.587
3825,2,3005,6120.135067293071,1749.558611215391,,,,1321.0,30.546
3826,2,3006,6122.135067293071,1751.558611215391,,,,1317.0,30.508
3827,2,3007,6124.135067293071,1753.558611215391,,,,1312.0,30.469
3828,2,3008,6126.135067293071,1755.558611215391,,,,1305.0,30.433
3829,2,3009,6128.135067293071,1757.558611215391,,,,1296.0,30.395
3830,2,3010,6130.135067293071,1759.558611215391,,,,1290.0,30.359
3831,2,3011,6132.135067293071,1761.558611215391,,,,1287.0,30.324
3832,2,3012,6134.135067293071,1763.558611215391,,,,1285.0,30.291
3833,2,3013,6136.135067293071,1765.558611215391,,,,1284.0,30.255
3834,2,3014,6138.135067293071,1767.558611215391,,,,1282.0,30.219
3835,2,3015,6140.135067293071,1769.558611215391,,,,1277.0,30.183
3836,2,3016,6142.135067293071,1771.558611215391,,,,1277.0,30.146
3837,2,3017,6144.135067293071,1773.558611215391,,,,1275.0,30.113
3838,2,3018,6146.135067293071,1775.558611215391,,,,1273.0,30.08
3839,2,3019,6148.135067293071,1777.558611215391,,,,1267.0,30.047
3840,2,3020,6150.135067293071,1779.558611215391,,,,1262.0,30.013
3841,2,3021,6152.135067293071,1781.558611215391,,,,1259.0,29.978
3842,2,3022,6155.135067293071,1784.558611215391,,,,1255.0,29.931
3843,2,3023,6157.135067293071,1786.558611215391,,,,1246.0,29.899
3844,2,3024,6159.135067293071,1788.558611215391,,,,1239.0,29.864
3845,2,3025,6161.135067293071,1790.558611215391,,,,1236.0,29.829
3846,2,3026,6163.135067293071,1792.558611215391,,,,1233.0,29.796
3847,2,3027,6165.135067293071,1794.558611215391,,,,1230.0,29.766
3848,2,3028,6167.135067293071,1796.558611215391,,,,1226.0,29.736
3849,2,3029,6169.135067293071,1798.558611215391,,,,1227.0,29.703
3850,2,3030,6171.135067293071,1800.558611215391,,,,1226.0,29.671
3851,2,3031,6173.135067293071,1802.558611215391,,,,1222.0,29.635
3852,2,3032,6175.135067293071,1804.558611215391,,,,1221.0,29.598
3853,2,3033,6177.135067293071,1806.558611215391,,,,1219.0,29.56
3854,2,3034,6179.135067293071,1808.558611215391,,,,1217.0,29.523
3855,2,3035,6181.135067293071,1810.558611215391,,,,1213.0,29.484
3856,2,3036,6183.135067293071,1812.558611215391,,,,1210.0,29.448
3857,2,3037,6185.135067293071,1814.558611215391,,,,1203.0,29.408
3858,2,3038,6187.135067293071,1816.558611215391,,,,1197.0,29.37
3859,2,3039,6189.135067293071,1818.558611215391,,,,1193.0,29.332
3860,2,3040,6191.135067293071,1820.558611215391,,,,1190.0,29.304
3861,2,3041,6193.135067293071,1822.558611215391,,,,1185.0,29.296
3862,3,1,6194.135067293071,1823.558611215391,,,,1187.0,29.22
3870,3,9,6210.135067293071,1839.558611215391,,,,1167.0,29.206
3871,3,10,6212.135067293071,1841.558611215391,,,,1167.0,29.169
3872,3,11,6214.135067293071,1843.558611215391,,,,1166.0,29.135
3873,3,12,6216.135067293071,1845.558611215391,,,,1164.0,29.102
3874,3,13,6218.135067293071,1847.558611215391,,,,1158.0,29.072
3875,3,14,6220.135067293071,1849.558611215391,,,,1153.0,29.042
3876,3,15,6222.135067293071,1851.558611215391,,,,1147.0,29.011
3877,3,16,6224.135067293071,1853.558611215391,,,,1142.0,28.977
3878,3,17,6226.135067293071,1855.558611215391,,,,1137.0,28.944
3879,3,18,6228.135067293071,1857.558611215391,,,,1134.0,28.91
3880,3,19,6230.135067293071,1859.558611215391,,,,1134.0,28.878
3881,3,20,6232.135067293071,1861.558611215391,,,,1131.0,28.848
3882,3,21,6234.135067293071,1863.558611215391,,,,1123.0,28.817
3883,3,22,6236.135067293071,1865.558611215391,,,,1117.0,28.783
3884,3,23,6238.135067293071,1867.558611215391,,,,1114.0,28.751
3885,3,24,6240.135067293071,1869.558611215391,,,,1111.0,28.718
3886,3,25,6242.135067293071,1871.558611215391,,,,1110.0,28.689
3887,3,26,6244.135067293071,1873.558611215391,,,,1109.0,28.662
3888,3,27,6246.135067293071,1875.558611215391,,,,1105.0,28.636
3889,3,28,6248.135067293071,1877.558611215391,,,,1107.0,28.612
3890,3,29,6250.135067293071,1879.558611215391,,,,1103.0,28.591
3891,3,30,6252.135067293071,1881.558611215391,,,,1099.0,28.569
3892,3,31,6254.135067293071,1883.558611215391,,,,1098.0,28.547
3893,3,32,6256.135067293071,1885.558611215391,,,,1096.0,28.527
3894,3,33,6258.135067293071,1887.558611215391,,,,1095.0,28.505
3895,3,34,6261.135067293071,1890.558611215391,,,,1093.0,28.471
3896,3,35,6263.135067293071,1892.558611215391,,,,1090.0,28.448
3897,3,36,6265.135067293071,1894.558611215391,,,,1086.0,28.423
3898,3,37,6267.135067293071,1896.558611215391,,,,1080.0,28.397
3899,3,38,6269.135067293071,1898.558611215391,,,,1077.0,28.369
3900,3,39,6271.135067293071,1900.558611215391,,,,1070.0,28.342
3901,3,40,6273.135067293071,1902.558611215391,,,,1064.0,28.314
3902,3,41,6275.135067293071,1904.558611215391,,,,1057.0,28.283
3903,3,42,6277.135067293071,1906.558611215391,,,,1054.0,28.25
3904,3,43,6279.135067293071,1908.558611215391,,,,1049.0,28.219
3905,3,44,6281.135067293071,1910.558611215391,,,,1050.0,28.19
3906,3,45,6283.135067293071,1912.558611215391,,,,1044.0,28.161
3907,3,46,6285.135067293071,1914.558611215391,,,,1044.0,28.13
3908,3,47,6287.135067293071,1916.558611215391,,,,1043.0,28.096
3909,3,48,6289.135067293071,1918.558611215391,,,,1043.0,28.061
3910,3,49,6291.135067293071,1920.558611215391,,,,1042.0,28.026
3911,3,50,6293.135067293071,1922.558611215391,,,,1040.0,27.989
3912,3,51,6295.135067293071,1924.558611215391,,,,1044.0,27.954
3913,3,52,6297.135067293071,1926.558611215391,,,,1051.0,27.92
3914,3,53,6299.135067293071,1928.558611215391,,,,1060.0,27.889
3915,3,54,6301.135067293071,1930.558611215391,,,,1061.0,27.858
3916,3,55,6303.135067293071,1932.558611215391,,,,1062.0,27.833
3917,3,56,6305.135067293071,1934.558611215391,,,,1063.0,27.83
3939,3,78,6350.135067293071,1979.558611215391,,,,1154.0,27.823
3950,3,89,6373.135067293071,2002.558611215391,,,,1204.0,27.822
3951,3,90,6375.135067293071,2004.558611215391,,,,1211.0,27.81
3961,3,100,6395.135067293071,2024.558611215391,,,,1246.0,27.809
3971,3,110,6416.135067293071,2045.558611215391,,,,1278.0,27.782
3972,3,111,6418.135067293071,2047.558611215391,,,,1273.0,27.753
3973,3,112,6420.135067293071,2049.558611215391,,,,1276.0,27.72
3974,3,113,6422.135067293071,2051.558611215391,,,,1283.0,27.689
3975,3,114,6424.135067293071,2053.558611215391,,,,1288.0,27.671
3976,3,115,6426.135067293071,2055.558611215391,,,,1288.0,27.669
3993,3,132,6460.135067293071,2089.558611215391,,,,1318.0,27.664
3994,3,133,6462.135067293071,2091.558611215391,,,,1319.0,27.633
3995,3,134,6464.135067293071,2093.558611215391,,,,1319.0,27.604
3996,3,135,6466.135067293071,2095.558611215391,,,,1323.0,27.575
3997,3,136,6468.135067293071,2097.558611215391,,,,1330.0,27.548
3998,3,137,6470.135067293071,2099.558611215391,,,,1337.0,27.52
3999,3,138,6472.135067293071,2101.558611215391,,,,1343.0,27.491
4000,3,139,6475.135067293071,2104.558611215391,,,,1349.0,27.487
4013,3,152,6501.135067293071,2130.558611215391,,,,1386.0,27.471
4014,3,153,6503.135067293071,2132.558611215391,,,,1385.0,27.45
4015,3,154,6505.135067293071,2134.558611215391,,,,1389.0,27.434
4016,3,155,6507.135067293071,2136.558611215391,,,,1394.0,27.418
4017,3,156,6509.135067293071,2138.558611215391,,,,1398.0,27.397
4018,3,157,6511.135067293071,2140.558611215391,,,,1401.0,27.373
4019,3,158,6513.135067293071,2142.558611215391,,,,1407.0,27.352
4020,3,159,6515.135067293071,2144.558611215391,,,,1410.0,27.344
4031,3,170,6538.135067293071,2167.558611215391,,,,1450.0,27.34
4032,3,171,6540.135067293071,2169.558611215391,,,,1452.0,27.319
4033,3,172,6542.135067293071,2171.558611215391,,,,1458.0,27.3
4034,3,173,6544.135067293071,2173.558611215391,,,,1463.0,27.296
4059,3,198,6595.135067293071,2224.558611215391,,,,1514.0,27.288
4060,3,199,6597.135067293071,2226.558611215391,,,,1512.0,27.263
4061,3,200,6599.135067293071,2228.558611215391,,,,1506.0,27.239
4062,3,201,6601.135067293071,2230.558611215391,,,,1501.0,27.215
4063,3,202,6603.135067293071,2232.558611215391,,,,1494.0,27.189
4064,3,203,6605.135067293071,2234.558611215391,,,,1486.0,27.158
4065,3,204,6607.135067293071,2236.558611215391,,,,1479.0,27.125
4066,3,205,6609.135067293071,2238.558611215391,,,,1474.0,27.093
4067,3,206,6611.135067293071,2240.558611215391,,,,1468.0,27.06
4068,3,207,6613.135067293071,2242.558611215391,,,,1461.0,27.027
4069,3,208,6615.135067293071,2244.558611215391,,,,1455.0,26.989
4070,3,209,6617.135067293071,2246.558611215391,,,,1449.0,26.95
4071,3,210,6619.135067293071,2248.558611215391,,,,1448.0,26.909
4072,3,211,6621.135067293071,2250.558611215391,,,,1442.0,26.87
4073,3,212,6623.135067293071,2252.558611215391,,,,1437.0,26.83
4074,3,213,6625.135067293071,2254.558611215391,,,,1434.0,26.788
4075,3,214,6627.135067293071,2256.558611215391,,,,1437.0,26.749
4076,3,215,6629.135067293071,2258.558611215391,,,,1435.0,26.711
4077,3,216,6631.135067293071,2260.558611215391,,,,1434.0,26.674
4078,3,217,6633.135067293071,2262.558611215391,,,,1436.0,26.62
4079,3,218,6636.135067293071,2265.558611215391,,,,1440.0,26.585
4080,3,219,6638.135067293071,2267.558611215391,,,,1445.0,26.554
4081,3,220,6640.135067293071,2269.558611215391,,,,1446.0,26.526
4082,3,221,6642.135067293071,2271.558611215391,,,,1449.0,26.497
4083,3,222,6644.135067293071,2273.558611215391,,,,1450.0,26.467
4084,3,223,6646.135067293071,2275.558611215391,,,,1449.0,26.436
4085,3,224,6648.135067293071,2277.558611215391,,,,1449.0,26.402
4086,3,225,6650.135067293071,2279.558611215391,,,,1451.0,26.369
4087,3,226,6652.135067293071,2281.558611215391,,,,1456.0,26.335
4088,3,227,6654.135067293071,2283.558611215391,,,,1466.0,26.306
4089,3,228,6656.135067293071,2285.558611215391,,,,1467.0,26.278
4090,3,229,6658.135067293071,2287.558611215391,,,,1469.0,26.26
4091,3,230,6660.135067293071,2289.558611215391,,,,1459.0,26.258
4117,3,256,6713.135067293071,2342.558611215391,,,,1518.0,26.25
4118,3,257,6715.135067293071,2344.558611215391,,,,1518.0,26.242
4130,3,269,6740.135067293071,2369.558611215391,,,,1532.0,26.198
4131,3,270,6742.135067293071,2371.558611215391,,,,1534.0,26.162
4132,3,271,6744.135067293071,2373.558611215391,,,,1534.0,26.126
4133,3,272,6746.135067293071,2375.558611215391,,,,1531.0,26.089
4134,3,273,6748.135067293071,2377.558611215391,,,,1532.0,26.049
4135,3,274,6750.135067293071,2379.558611215391,,,,1530.0,26.01
4136,3,275,6752.135067293071,2381.558611215391,,,,1527.0,25.968
4137,3,276,6754.135067293071,2383.558611215391,,,,1523.0,25.927
4138,3,277,6756.135067293071,2385.558611215391,,,,1521.0,25.884
4139,3,278,6758.135067293071,2387.558611215391,,,,1516.0,25.844
4140,3,279,6760.135067293071,2389.558611215391,,,,1508.0,25.802
4141,3,280,6762.135067293071,2391.558611215391,,,,1499.0,25.757
4142,3,281,6764.135067293071,2393.558611215391,,,,1496.0,25.711
4143,3,282,6766.135067293071,2395.558611215391,,,,1494.0,25.667
4144,3,283,6768.135067293071,2397.558611215391,,,,1491.0,25.625
4145,3,284,6770.135067293071,2399.558611215391,,,,1487.0,25.583
4146,3,285,6772.135067293071,2401.558611215391,,,,1486.0,25.542
4147,3,286,6774.135067293071,2403.558611215391,,,,1482.0,25.499
4148,3,287,6776.135067293071,2405.558611215391,,,,1476.0,25.457
4149,3,288,6778.135067293071,2407.558611215391,,,,1477.0,25.414
4150,3,289,6780.135067293071,2409.558611215391,,,,1475.0,25.375
4151,3,290,6782.135067293071,2411.558611215391,,,,1471.0,25.339
4152,3,291,6784.135067293071,2413.558611215391,,,,1466.0,25.301
4153,3,292,6786.135067293071,2415.558611215391,,,,1463.0,25.261
4154,3,293,6789.135067293071,2418.558611215391,,,,1459.0,25.202
4155,3,294,6791.135067293071,2420.558611215391,,,,1452.0,25.162
4156,3,295,6793.135067293071,2422.558611215391,,,,1446.0,25.122
4157,3,296,6795.135067293071,2424.558611215391,,,,1441.0,25.08
4158,3,297,6797.135067293071,2426.558611215391,,,,1440.0,25.039
4159,3,298,6799.135067293071,2428.558611215391,,,,1437.0,24.999
4160,3,299,6801.135067293071,2430.558611215391,,,,1429.0,24.96
4161,3,300,6803.135067293071,2432.558611215391,,,,1423.0,24.918
4162,3,301,6805.135067293071,2434.558611215391,,,,1417.0,24.876
4163,3,302,6807.135067293071,2436.558611215391,,,,1412.0,24.831
4164,3,303,6809.135067293071,2438.558611215391,,,,1410.0,24.787
4165,3,304,6811.135067293071,2440.558611215391,,,,1406.0,24.744
4166,3,305,6813.135067293071,2442.558611215391,,,,1400.0,24.699
4167,3,306,6815.135067293071,2444.558611215391,,,,1401.0,24.655
4168,3,307,6817.135067293071,2446.558611215391,,,,1394.0,24.613
4169,3,308,6819.135067293071,2448.558611215391,,,,1385.0,24.568
4170,3,309,6821.135067293071,2450.558611215391,,,,1382.0,24.521
4171,3,310,6823.135067293071,2452.558611215391,,,,1383.0,24.477
4172,3,311,6825.135067293071,2454.558611215391,,,,1378.0,24.436
4173,3,312,6827.135067293071,2456.558611215391,,,,1373.0,24.395
4174,3,313,6829.135067293071,2458.558611215391,,,,1367.0,24.353
4175,3,314,6831.135067293071,2460.558611215391,,,,1364.0,24.309
4176,3,315,6833.135067293071,2462.558611215391,,,,1360.0,24.266
4177,3,316,6835.135067293071,2464.558611215391,,,,1356.0,24.221
4178,3,317,6837.135067293071,2466.558611215391,,,,1353.0,24.177
4179,3,318,6839.135067293071,2468.558611215391,,,,1353.0,24.136
4180,3,319,6841.135067293071,2470.558611215391,,,,1349.0,24.095
4181,3,320,6844.135067293071,2473.558611215391,,,,1344.0,24.036
4182,3,321,6846.135067293071,2475.558611215391,,,,1339.0,23.993
4183,3,322,6848.135067293071,2477.558611215391,,,,1338.0,23.949
4184,3,323,6850.135067293071,2479.558611215391,,,,1333.0,23.906
4185,3,324,6852.135067293071,2481.558611215391,,,,1332.0,23.864
4186,3,325,6854.135067293071,2483.558611215391,,,,1324.0,23.822
4187,3,326,6856.135067293071,2485.558611215391,,,,1318.0,23.781
4188,3,327,6858.135067293071,2487.558611215391,,,,1314.0,23.737
4189,3,328,6860.135067293071,2489.558611215391,,,,1317.0,23.692
4190,3,329,6862.135067293071,2491.558611215391,,,,1318.0,23.65
4191,3,330,6864.135067293071,2493.558611215391,,,,1316.0,23.609
4192,3,331,6866.135067293071,2495.558611215391,,,,1310.0,23.566
4193,3,332,6868.135067293071,2497.558611215391,,,,1309.0,23.522
4194,3,333,6870.135067293071,2499.558611215391,,,,1307.0,23.481
4195,3,334,6872.135067293071,2501.558611215391,,,,1308.0,23.439
4196,3,335,6874.135067293071,2503.558611215391,,,,1307.0,23.402
4197,3,336,6876.135067293071,2505.558611215391,,,,1303.0,23.364
4198,3,337,6878.135067293071,2507.558611215391,,,,1296.0,23.324
4199,3,338,6880.135067293071,2509.558611215391,,,,1294.0,23.283
4200,3,339,6882.135067293071,2511.558611215391,,,,1294.0,23.242
4201,3,340,6884.135067293071,2513.558611215391,,,,1295.0,23.2
4202,3,341,6886.135067293071,2515.558611215391,,,,1294.0,23.161
4203,3,342,6888.135067293071,2517.558611215391,,,,1296.0,23.123
4204,3,343,6890.135067293071,2519.558611215391,,,,1295.0,23.089
4205,3,344,6892.135067293071,2521.558611215391,,,,1290.0,23.057
4206,3,345,6894.135067293071,2523.558611215391,,,,1287.0,23.023
4207,3,346,6896.135067293071,2525.558611215391,,,,1283.0,22.986
4208,3,347,6898.135067293071,2527.558611215391,,,,1276.0,22.95
4209,3,348,6900.135067293071,2529.558611215391,,,,1269.0,22.895
4210,3,349,6903.135067293071,2532.558611215391,,,,1261.0,22.854
4211,3,350,6905.135067293071,2534.558611215391,,,,1255.0,22.813
4212,3,351,6907.135067293071,2536.558611215391,,,,1251.0,22.77
4213,3,352,6909.135067293071,2538.558611215391,,,,1249.0,22.725
4214,3,353,6911.135067293071,2540.558611215391,,,,1249.0,22.682
4215,3,354,6913.135067293071,2542.558611215391,,,,1244.0,22.64
4216,3,355,6915.135067293071,2544.558611215391,,,,1243.0,22.598
4217,3,356,6917.135067293071,2546.558611215391,,,,1237.0,22.554
4218,3,357,6919.135067293071,2548.558611215391,,,,1234.0,22.509
4219,3,358,6921.135067293071,2550.558611215391,,,,1232.0,22.462
4220,3,359,6923.135067293071,2552.558611215391,,,,1233.0,22.415
4221,3,360,6925.135067293071,2554.558611215391,,,,1239.0,22.369
4222,3,361,6927.135067293071,2556.558611215391,,,,1243.0,22.326
4223,3,362,6929.135067293071,2558.558611215391,,,,1239.0,22.288
4224,3,363,6931.135067293071,2560.558611215391,,,,1231.0,22.249
4225,3,364,6933.135067293071,2562.558611215391,,,,1222.0,22.209
4226,3,365,6935.135067293071,2564.558611215391,,,,1214.0,22.166
4227,3,366,6937.135067293071,2566.558611215391,,,,1210.0,22.121
4228,3,367,6939.135067293071,2568.558611215391,,,,1201.0,22.077
4229,3,368,6941.135067293071,2570.558611215391,,,,1197.0,22.035
4230,3,369,6943.135067293071,2572.558611215391,,,,1191.0,21.991
4231,3,370,6945.135067293071,2574.558611215391,,,,1187.0,21.948
4232,3,371,6947.135067293071,2576.558611215391,,,,1184.0,21.904
4233,3,372,6949.135067293071,2578.558611215391,,,,1180.0,21.862
4234,3,373,6951.135067293071,2580.558611215391,,,,1174.0,21.818
4235,3,374,6953.135067293071,2582.558611215391,,,,1170.0,21.752
4236,3,375,6956.135067293071,2585.558611215391,,,,1164.0,21.708
4237,3,376,6958.135067293071,2587.558611215391,,,,1161.0,21.663
4238,3,377,6960.135067293071,2589.558611215391,,,,1166.0,21.62
4239,3,378,6962.135067293071,2591.558611215391,,,,1170.0,21.581
4240,3,379,6964.135067293071,2593.558611215391,,,,1167.0,21.543
4241,3,380,6966.135067293071,2595.558611215391,,,,1164.0,21.508
4242,3,381,6968.135067293071,2597.558611215391,,,,1157.0,21.471
4243,3,382,6970.135067293071,2599.558611215391,,,,1155.0,21.434
4244,3,383,6972.135067293071,2601.558611215391,,,,1158.0,21.399
4245,3,384,6974.135067293071,2603.558611215391,,,,1161.0,21.365
4246,3,385,6976.135067293071,2605.558611215391,,,,1162.0,21.333
4247,3,386,6978.135067293071,2607.558611215391,,,,1160.0,21.3
4248,3,387,6980.135067293071,2609.558611215391,,,,1165.0,21.263
4249,3,388,6982.135067293071,2611.558611215391,,,,1171.0,21.231
4250,3,389,6984.135067293071,2613.558611215391,,,,1174.0,21.204
4251,3,390,6986.135067293071,2615.558611215391,,,,1177.0,21.176
4252,3,391,6988.135067293071,2617.558611215391,,,,1181.0,21.145
4253,3,392,6990.135067293071,2619.558611215391,,,,1186.0,21.113
4254,3,393,6992.135067293071,2621.558611215391,,,,1190.0,21.078
4255,3,394,6994.135067293071,2623.558611215391,,,,1196.0,21.045
4256,3,395,6996.135067293071,2625.558611215391,,,,1207.0,21.027
4264,3,403,7013.135067293071,2642.558611215391,,,,1251.0,21.012
4265,3,404,7015.135067293071,2644.558611215391,,,,1262.0,21.002
4278,3,417,7041.135067293071,2670.558611215391,,,,1334.0,20.999
4286,3,425,7058.135067293071,2687.558611215391,,,,1381.0,20.992
4287,3,426,7060.135067293071,2689.558611215391,,,,1395.0,20.975
4288,3,427,7062.135067293071,2691.558611215391,,,,1399.0,20.972
4297,3,436,7080.135067293071,2709.558611215391,,,,1437.0,20.966
4298,3,437,7082.135067293071,2711.558611215391,,,,1448.0,20.953
4386,3,525,7262.135067293071,2891.558611215391,,,,1858.0,20.93
4387,3,526,7264.135067293071,2893.558611215391,,,,1862.0,20.896
4388,3,527,7266.135067293071,2895.558611215391,,,,1864.0,20.862
4389,3,528,7268.135067293071,2897.558611215391,,,,1866.0,20.828
4390,3,529,7270.135067293071,2899.558611215391,,,,1866.0,20.793
4391,3,530,7272.135067293071,2901.558611215391,,,,1871.0,20.757
4392,3,531,7274.135067293071,2903.558611215391,,,,1870.0,20.724
4393,3,532,7276.135067293071,2905.558611215391,,,,1868.0,20.689
4394,3,533,7278.135067293071,2907.558611215391,,,,1864.0,20.652
4395,3,534,7280.135067293071,2909.558611215391,,,,1863.0,20.612
4396,3,535,7282.135067293071,2911.558611215391,,,,1866.0,20.57
4397,3,536,7284.135067293071,2913.558611215391,,,,1869.0,20.531
4398,3,537,7286.135067293071,2915.558611215391,,,,1871.0,20.493
4399,3,538,7288.135067293071,2917.558611215391,,,,1867.0,20.455
4400,3,539,7290.135067293071,2919.558611215391,,,,1866.0,20.418
4401,3,540,7292.135067293071,2921.558611215391,,,,1862.0,20.381
4402,3,541,7294.135067293071,2923.558611215391,,,,1858.0,20.345
4403,3,542,7296.135067293071,2925.558611215391,,,,1853.0,20.306
4404,3,543,7298.135067293071,2927.558611215391,,,,1849.0,20.265
4405,3,544,7301.135067293071,2930.558611215391,,,,1850.0,20.204
4406,3,545,7303.135067293071,2932.558611215391,,,,1850.0,20.166
4407,3,546,7305.135067293071,2934.558611215391,,,,1848.0,20.13
4408,3,547,7307.135067293071,2936.558611215391,,,,1845.0,20.094
4409,3,548,7309.135067293071,2938.558611215391,,,,1841.0,20.057
4410,3,549,7311.135067293071,2940.558611215391,,,,1835.0,20.017
4411,3,550,7313.135067293071,2942.558611215391,,,,1832.0,19.975
4412,3,551,7315.135067293071,2944.558611215391,,,,1829.0,19.932
4413,3,552,7317.135067293071,2946.558611215391,,,,1828.0,19.89
4414,3,553,7319.135067293071,2948.558611215391,,,,1824.0,19.849
4415,3,554,7321.135067293071,2950.558611215391,,,,1819.0,19.807
4416,3,555,7323.135067293071,2952.558611215391,,,,1817.0,19.766
4417,3,556,7325.135067293071,2954.558611215391,,,,1812.0,19.726
4418,3,557,7327.135067293071,2956.558611215391,,,,1808.0,19.685
4419,3,558,7329.135067293071,2958.558611215391,,,,1807.0,19.643
4420,3,559,7331.135067293071,2960.558611215391,,,,1803.0,19.604
4421,3,560,7333.135067293071,2962.558611215391,,,,1798.0,19.563
4422,3,561,7335.135067293071,2964.558611215391,,,,1793.0,19.519
4423,3,562,7337.135067293071,2966.558611215391,,,,1791.0,19.476
4424,3,563,7339.135067293071,2968.558611215391,,,,1789.0,19.434
4425,3,564,7341.135067293071,2970.558611215391,,,,1787.0,19.391
4426,3,565,7343.135067293071,2972.558611215391,,,,1783.0,19.35
4427,3,566,7345.135067293071,2974.558611215391,,,,1780.0,19.309
4428,3,567,7347.135067293071,2976.558611215391,,,,1781.0,19.266
4429,3,568,7349.135067293071,2978.558611215391,,,,1782.0,19.226
4430,3,569,7351.135067293071,2980.558611215391,,,,1783.0,19.188
4431,3,570,7353.135067293071,2982.558611215391,,,,1781.0,19.15
4432,3,571,7355.135067293071,2984.558611215391,,,,1778.0,19.114
4433,3,572,7358.135067293071,2987.558611215391,,,,1773.0,19.055
4434,3,573,7360.135067293071,2989.558611215391,,,,1770.0,19.015
4435,3,574,7362.135067293071,2991.558611215391,,,,1766.0,18.975
4436,3,575,7364.135067293071,2993.558611215391,,,,1764.0,18.938
4437,3,576,7366.135067293071,2995.558611215391,,,,1760.0,18.898
4438,3,577,7368.135067293071,2997.558611215391,,,,1755.0,18.86
4439,3,578,7370.135067293071,2999.558611215391,,,,1751.0,18.819
4440,3,579,7372.135067293071,3001.558611215391,,,,1746.0,18.778
4441,3,580,7374.135067293071,3003.558611215391,,,,1743.0,18.738
4442,3,581,7376.135067293071,3005.558611215391,,,,1740.0,18.699
4443,3,582,7378.135067293071,3007.558611215391,,,,1737.0,18.662
4444,3,583,7380.135067293071,3009.558611215391,,,,1735.0,18.622
4445,3,584,7382.135067293071,3011.558611215391,,,,1734.0,18.583
4446,3,585,7384.135067293071,3013.558611215391,,,,1734.0,18.545
4447,3,586,7386.135067293071,3015.558611215391,,,,1731.0,18.508
4448,3,587,7388.135067293071,3017.558611215391,,,,1728.0,18.47
4449,3,588,7390.135067293071,3019.558611215391,,,,1729.0,18.431
4450,3,589,7392.135067293071,3021.558611215391,,,,1731.0,18.39
4451,3,590,7394.135067293071,3023.558611215391,,,,1733.0,18.35
4452,3,591,7396.135067293071,3025.558611215391,,,,1736.0,18.311
4453,3,592,7398.135067293071,3027.558611215391,,,,1743.0,18.273
4454,3,593,7400.135067293071,3029.558611215391,,,,1747.0,18.239
4455,3,594,7402.135067293071,3031.558611215391,,,,1747.0,18.205
4456,3,595,7404.135067293071,3033.558611215391,,,,1745.0,18.171
4457,3,596,7406.135067293071,3035.558611215391,,,,1745.0,18.136
4458,3,597,7409.135067293071,3038.558611215391,,,,1740.0,18.084
4459,3,598,7411.135067293071,3040.558611215391,,,,1737.0,18.046
4460,3,599,7413.135067293071,3042.558611215391,,,,1736.0,18.011
4461,3,600,7415.135067293071,3044.558611215391,,,,1731.0,17.973
4462,3,601,7417.135067293071,3046.558611215391,,,,1728.0,17.936
4463,3,602,7419.135067293071,3048.558611215391,,,,1727.0,17.898
4464,3,603,7421.135067293071,3050.558611215391,,,,1723.0,17.859
4465,3,604,7423.135067293071,3052.558611215391,,,,1721.0,17.821
4466,3,605,7425.135067293071,3054.558611215391,,,,1717.0,17.781
4467,3,606,7427.135067293071,3056.558611215391,,,,1713.0,17.74
4468,3,607,7429.135067293071,3058.558611215391,,,,1709.0,17.7
4469,3,608,7431.135067293071,3060.558611215391,,,,1706.0,17.661
4470,3,609,7433.135067293071,3062.558611215391,,,,1705.0,17.624
4471,3,610,7435.135067293071,3064.558611215391,,,,1700.0,17.588
4472,3,611,7437.135067293071,3066.558611215391,,,,1696.0,17.549
4473,3,612,7439.135067293071,3068.558611215391,,,,1694.0,17.511
4474,3,613,7441.135067293071,3070.558611215391,,,,1692.0,17.473
4475,3,614,7443.135067293071,3072.558611215391,,,,1691.0,17.436
4476,3,615,7445.135067293071,3074.558611215391,,,,1688.0,17.4
4477,3,616,7447.135067293071,3076.558611215391,,,,1683.0,17.363
4478,3,617,7449.135067293071,3078.558611215391,,,,1680.0,17.324
4479,3,618,7451.135067293071,3080.558611215391,,,,1679.0,17.284
4480,3,619,7453.135067293071,3082.558611215391,,,,1676.0,17.248
4481,3,620,7455.135067293071,3084.558611215391,,,,1672.0,17.211
4482,3,621,7458.135067293071,3087.558611215391,,,,1666.0,17.154
4483,3,622,7460.135067293071,3089.558611215391,,,,1660.0,17.113
4484,3,623,7462.135067293071,3091.558611215391,,,,1658.0,17.069
4485,3,624,7464.135067293071,3093.558611215391,,,,1658.0,17.029
4486,3,625,7466.135067293071,3095.558611215391,,,,1656.0,16.992
4487,3,626,7468.135067293071,3097.558611215391,,,,1653.0,16.955
4488,3,627,7470.135067293071,3099.558611215391,,,,1648.0,16.917
4489,3,628,7472.135067293071,3101.558611215391,,,,1642.0,16.878
4490,3,629,7474.135067293071,3103.558611215391,,,,1639.0,16.836
4491,3,630,7476.135067293071,3105.558611215391,,,,1642.0,16.794
4492,3,631,7478.135067293071,3107.558611215391,,,,1641.0,16.756
4493,3,632,7480.135067293071,3109.558611215391,,,,1638.0,16.72
4494,3,633,7482.135067293071,3111.558611215391,,,,1637.0,16.682
4495,3,634,7484.135067293071,3113.558611215391,,,,1635.0,16.645
4496,3,635,7486.135067293071,3115.558611215391,,,,1634.0,16.607
4497,3,636,7488.135067293071,3117.558611215391,,,,1629.0,16.572
4498,3,637,7490.135067293071,3119.558611215391,,,,1623.0,16.533
4499,3,638,7492.135067293071,3121.558611215391,,,,1621.0,16.492
4500,3,639,7494.135067293071,3123.558611215391,,,,1620.0,16.452
4501,3,640,7496.135067293071,3125.558611215391,,,,1617.0,16.414
4502,3,641,7498.135067293071,3127.558611215391,,,,1610.0,16.376
4503,3,642,7500.135067293071,3129.558611215391,,,,1608.0,16.337
4504,3,643,7502.135067293071,3131.558611215391,,,,1607.0,16.298
4505,3,644,7504.135067293071,3133.558611215391,,,,1605.0,16.262
4506,3,645,7506.135067293071,3135.558611215391,,,,1601.0,16.227
4507,3,646,7508.135067293071,3137.558611215391,,,,1600.0,16.187
4508,3,647,7510.135067293071,3139.558611215391,,,,1602.0,16.13
4509,3,648,7513.135067293071,3142.558611215391,,,,1603.0,16.095
4510,3,649,7515.135067293071,3144.558611215391,,,,1605.0,16.058
4511,3,650,7517.135067293071,3146.558611215391,,,,1609.0,16.023
4512,3,651,7519.135067293071,3148.558611215391,,,,1612.0,15.987
4513,3,652,7521.135067293071,3150.558611215391,,,,1612.0,15.95
4514,3,653,7523.135067293071,3152.558611215391,,,,1613.0,15.914
4515,3,654,7525.135067293071,3154.558611215391,,,,1615.0,15.878
4516,3,655,7527.135067293071,3156.558611215391,,,,1620.0,15.842
4517,3,656,7529.135067293071,3158.558611215391,,,,1623.0,15.806
4518,3,657,7531.135067293071,3160.558611215391,,,,1623.0,15.771
4519,3,658,7533.135067293071,3162.558611215391,,,,1626.0,15.733
4520,3,659,7535.135067293071,3164.558611215391,,,,1636.0,15.696
4521,3,660,7537.135067293071,3166.558611215391,,,,1646.0,15.664
4522,3,661,7539.135067293071,3168.558611215391,,,,1653.0,15.648
4536,3,675,7568.135067293071,3197.558611215391,,,,1693.0,15.631
4537,3,676,7570.135067293071,3199.558611215391,,,,1696.0,15.611
4538,3,677,7572.135067293071,3201.558611215391,,,,1694.0,15.595
4539,3,678,7574.135067293071,3203.558611215391,,,,1693.0,15.582
4540,3,679,7576.135067293071,3205.558611215391,,,,1693.0,15.571
4541,3,680,7578.135067293071,3207.558611215391,,,,1690.0,15.552
4542,3,681,7580.135067293071,3209.558611215391,,,,1688.0,15.526
4543,3,682,7582.135067293071,3211.558611215391,,,,1691.0,15.491
4544,3,683,7584.135067293071,3213.558611215391,,,,1689.0,15.456
4545,3,684,7586.135067293071,3215.558611215391,,,,1688.0,15.421
4546,3,685,7588.135067293071,3217.558611215391,,,,1682.0,15.389
4547,3,686,7590.135067293071,3219.558611215391,,,,1678.0,15.352
4548,3,687,7592.135067293071,3221.558611215391,,,,1674.0,15.315
4549,3,688,7594.135067293071,3223.558611215391,,,,1672.0,15.273
4550,3,689,7596.135067293071,3225.558611215391,,,,1670.0,15.229
4551,3,690,7598.135067293071,3227.558611215391,,,,1667.0,15.186
4552,3,691,7600.135067293071,3229.558611215391,,,,1667.0,15.144
4553,3,692,7602.135067293071,3231.558611215391,,,,1667.0,15.103
4554,3,693,7604.135067293071,3233.558611215391,,,,1666.0,15.064
4555,3,694,7606.135067293071,3235.558611215391,,,,1665.0,15.026
4556,3,695,7608.135067293071,3237.558611215391,,,,1664.0,14.99
4557,3,696,7610.135067293071,3239.558611215391,,,,1661.0,14.954
4558,3,697,7612.135067293071,3241.558611215391,,,,1663.0,14.915
4559,3,698,7614.135067293071,3243.558611215391,,,,1665.0,14.875
4560,3,699,7616.135067293071,3245.558611215391,,,,1668.0,14.834
4561,3,700,7618.135067293071,3247.558611215391,,,,1673.0,14.793
4562,3,701,7620.135067293071,3249.558611215391,,,,1677.0,14.755
4563,3,702,7622.135067293071,3251.558611215391,,,,1674.0,14.717
4564,3,703,7624.135067293071,3253.558611215391,,,,1673.0,14.678
4565,3,704,7626.135067293071,3255.558611215391,,,,1672.0,14.638
4566,3,705,7628.135067293071,3257.558611215391,,,,1668.0,14.597
4567,3,706,7630.135067293071,3259.558611215391,,,,1667.0,14.554
4568,3,707,7632.135067293071,3261.558611215391,,,,1665.0,14.512
4569,3,708,7634.135067293071,3263.558611215391,,,,1663.0,14.471
4570,3,709,7637.135067293071,3266.558611215391,,,,1658.0,14.408
4571,3,710,7639.135067293071,3268.558611215391,,,,1654.0,14.366
4572,3,711,7641.135067293071,3270.558611215391,,,,1649.0,14.322
4573,3,712,7643.135067293071,3272.558611215391,,,,1648.0,14.277
4574,3,713,7645.135067293071,3274.558611215391,,,,1646.0,14.233
4575,3,714,7647.135067293071,3276.558611215391,,,,1644.0,14.189
4576,3,715,7649.135067293071,3278.558611215391,,,,1639.0,14.145
4577,3,716,7651.135067293071,3280.558611215391,,,,1631.0,14.101
4578,3,717,7653.135067293071,3282.558611215391,,,,1627.0,14.056
4579,3,718,7655.135067293071,3284.558611215391,,,,1626.0,14.014
4580,3,719,7657.135067293071,3286.558611215391,,,,1623.0,13.975
4581,3,720,7659.135067293071,3288.558611215391,,,,1618.0,13.936
4582,3,721,7661.135067293071,3290.558611215391,,,,1612.0,13.896
4583,3,722,7663.135067293071,3292.558611215391,,,,1608.0,13.854
4584,3,723,7665.135067293071,3294.558611215391,,,,1607.0,13.812
4585,3,724,7667.135067293071,3296.558611215391,,,,1605.0,13.77
4586,3,725,7669.135067293071,3298.558611215391,,,,1602.0,13.728
4587,3,726,7671.135067293071,3300.558611215391,,,,1598.0,13.686
4588,3,727,7673.135067293071,3302.558611215391,,,,1599.0,13.645
4589,3,728,7675.135067293071,3304.558611215391,,,,1594.0,13.604
4590,3,729,7677.135067293071,3306.558611215391,,,,1590.0,13.564
4591,3,730,7679.135067293071,3308.558611215391,,,,1585.0,13.523
4592,3,731,7681.135067293071,3310.558611215391,,,,1579.0,13.484
4593,3,732,7683.135067293071,3312.558611215391,,,,1575.0,13.445
4594,3,733,7685.135067293071,3314.558611215391,,,,1571.0,13.406
4595,3,734,7687.135067293071,3316.558611215391,,,,1567.0,13.367
4596,3,735,7689.135067293071,3318.558611215391,,,,1566.0,13.329
4597,3,736,7691.135067293071,3320.558611215391,,,,1559.0,13.291
4598,3,737,7693.135067293071,3322.558611215391,,,,1553.0,13.252
4599,3,738,7695.135067293071,3324.558611215391,,,,1548.0,13.21
4600,3,739,7697.135067293071,3326.558611215391,,,,1544.0,13.167
4601,3,740,7699.135067293071,3328.558611215391,,,,1540.0,13.103
4602,3,741,7701.135067293071,3330.558611215391,,,,1537.0,13.061
4603,3,742,7703.135067293071,3332.558611215391,,,,1534.0,13.019
4604,3,743,7705.135067293071,3334.558611215391,,,,1531.0,12.979
4605,3,744,7708.135067293071,3337.558611215391,,,,1524.0,12.939
4606,3,745,7710.135067293071,3339.558611215391,,,,1519.0,12.898
4607,3,746,7712.135067293071,3341.558611215391,,,,1512.0,12.858
4608,3,747,7714.135067293071,3343.558611215391,,,,1509.0,12.815
4609,3,748,7716.135067293071,3345.558611215391,,,,1506.0,12.775
4610,3,749,7718.135067293071,3347.558611215391,,,,1502.0,12.735
4611,3,750,7720.135067293071,3349.558611215391,,,,1498.0,12.697
4612,3,751,7722.135067293071,3351.558611215391,,,,1493.0,12.659
4613,3,752,7724.135067293071,3353.558611215391,,,,1487.0,12.621
4614,3,753,7726.135067293071,3355.558611215391,,,,1478.0,12.58
4615,3,754,7728.135067293071,3357.558611215391,,,,1473.0,12.537
4616,3,755,7730.135067293071,3359.558611215391,,,,1470.0,12.495
4617,3,756,7732.135067293071,3361.558611215391,,,,1464.0,12.454
4618,3,757,7734.135067293071,3363.558611215391,,,,1457.0,12.413
4619,3,758,7736.135067293071,3365.558611215391,,,,1449.0,12.371
4620,3,759,7738.135067293071,3367.558611215391,,,,1441.0,12.325
4621,3,760,7740.135067293071,3369.558611215391,,,,1435.0,12.282
4622,3,761,7742.135067293071,3371.558611215391,,,,1429.0,12.239
4623,3,762,7744.135067293071,3373.558611215391,,,,1421.0,12.196
4624,3,763,7746.135067293071,3375.558611215391,,,,1419.0,12.154
4625,3,764,7748.135067293071,3377.558611215391,,,,1418.0,12.113
4626,3,765,7750.135067293071,3379.558611215391,,,,1418.0,12.075
4627,3,766,7752.135067293071,3381.558611215391,,,,1412.0,12.037
4628,3,767,7754.135067293071,3383.558611215391,,,,1405.0,11.998
4629,3,768,7756.135067293071,3385.558611215391,,,,1400.0,11.957
4630,3,769,7758.135067293071,3387.558611215391,,,,1399.0,11.914
4631,3,770,7760.135067293071,3389.558611215391,,,,1393.0,11.872
4632,3,771,7762.135067293071,3391.558611215391,,,,1390.0,11.827
4633,3,772,7764.135067293071,3393.558611215391,,,,1385.0,11.783
4634,3,773,7766.135067293071,3395.558611215391,,,,1382.0,11.738
4635,3,774,7768.135067293071,3397.558611215391,,,,1380.0,11.693
4636,3,775,7770.135067293071,3399.558611215391,,,,1377.0,11.648
4637,3,776,7772.135067293071,3401.558611215391,,,,1377.0,11.604
4638,3,777,7774.135067293071,3403.558611215391,,,,1379.0,11.561
4639,3,778,7776.135067293071,3405.558611215391,,,,1381.0,11.517
4640,3,779,7778.135067293071,3407.558611215391,,,,1385.0,11.474
4641,3,780,7780.135067293071,3409.558611215391,,,,1388.0,11.435
4642,3,781,7782.135067293071,3411.558611215391,,,,1390.0,11.398
4643,3,782,7784.135067293071,3413.558611215391,,,,1392.0,11.361
4644,3,783,7786.135067293071,3415.558611215391,,,,1392.0,11.326
4645,3,784,7788.135067293071,3417.558611215391,,,,1392.0,11.29
4646,3,785,7790.135067293071,3419.558611215391,,,,1391.0,11.255
4647,3,786,7792.135067293071,3421.558611215391,,,,1390.0,11.216
4648,3,787,7794.135067293071,3423.558611215391,,,,1391.0,11.176
4649,3,788,7796.135067293071,3425.558611215391,,,,1391.0,11.136
4650,3,789,7798.135067293071,3427.558611215391,,,,1391.0,11.095
4651,3,790,7800.135067293071,3429.558611215391,,,,1392.0,11.054
4652,3,791,7802.135067293071,3431.558611215391,,,,1392.0,11.014
4653,3,792,7804.135067293071,3433.558611215391,,,,1393.0,10.974
4654,3,793,7806.135067293071,3435.558611215391,,,,1393.0,10.933
4655,3,794,7808.135067293071,3437.558611215391,,,,1396.0,10.894
4656,3,795,7810.135067293071,3439.558611215391,,,,1395.0,10.854
4657,3,796,7812.135067293071,3441.558611215391,,,,1389.0,10.815
4658,3,797,7814.135067293071,3443.558611215391,,,,1387.0,10.773
4659,3,798,7817.135067293071,3446.558611215391,,,,1385.0,10.703
4660,3,799,7819.135067293071,3448.558611215391,,,,1385.0,10.658
4661,3,800,7821.135067293071,3450.558611215391,,,,1382.0,10.616
4662,3,801,7823.135067293071,3452.558611215391,,,,1377.0,10.573
4663,3,802,7825.135067293071,3454.558611215391,,,,1371.0,10.527
4664,3,803,7827.135067293071,3456.558611215391,,,,1370.0,10.483
4665,3,804,7829.135067293071,3458.558611215391,,,,1366.0,10.437
4666,3,805,7831.135067293071,3460.558611215391,,,,1361.0,10.391
4667,3,806,7833.135067293071,3462.558611215391,,,,1359.0,10.346
4668,3,807,7835.135067293071,3464.558611215391,,,,1356.0,10.303
4669,3,808,7837.135067293071,3466.558611215391,,,,1353.0,10.26
4670,3,809,7839.135067293071,3468.558611215391,,,,1349.0,10.217
4671,3,810,7841.135067293071,3470.558611215391,,,,1346.0,10.176
4672,3,811,7843.135067293071,3472.558611215391,,,,1342.0,10.134
4673,3,812,7845.135067293071,3474.558611215391,,,,1338.0,10.093
4674,3,813,7847.135067293071,3476.558611215391,,,,1333.0,10.052
4675,3,814,7849.135067293071,3478.558611215391,,,,1327.0,10.011
4676,3,815,7851.135067293071,3480.558611215391,,,,1321.0,9.966
4677,3,816,7853.135067293071,3482.558611215391,,,,1316.0,9.922
4678,3,817,7855.135067293071,3484.558611215391,,,,1311.0,9.878
4679,3,818,7857.135067293071,3486.558611215391,,,,1305.0,9.837
4680,3,819,7859.135067293071,3488.558611215391,,,,1297.0,9.794
4681,3,820,7861.135067293071,3490.558611215391,,,,1292.0,9.75
4682,3,821,7863.135067293071,3492.558611215391,,,,1284.0,9.707
4683,3,822,7865.135067293071,3494.558611215391,,,,1279.0,9.662
4684,3,823,7867.135067293071,3496.558611215391,,,,1275.0,9.621
4685,3,824,7869.135067293071,3498.558611215391,,,,1271.0,9.579
4686,3,825,7871.135067293071,3500.558611215391,,,,1264.0,9.538
4687,3,826,7873.135067293071,3502.558611215391,,,,1257.0,9.496
4688,3,827,7875.135067293071,3504.558611215391,,,,1251.0,9.451
4689,3,828,7877.135067293071,3506.558611215391,,,,1248.0,9.408
4690,3,829,7879.135067293071,3508.558611215391,,,,1246.0,9.364
4691,3,830,7881.135067293071,3510.558611215391,,,,1244.0,9.324
4692,3,831,7883.135067293071,3512.558611215391,,,,1238.0,9.283
4693,3,832,7885.135067293071,3514.558611215391,,,,1232.0,9.242
4694,3,833,7887.135067293071,3516.558611215391,,,,1230.0,9.199
4695,3,834,7889.135067293071,3518.558611215391,,,,1225.0,9.156
4696,3,835,7891.135067293071,3520.558611215391,,,,1218.0,9.114
4697,3,836,7893.135067293071,3522.558611215391,,,,1211.0,9.071
4698,3,837,7895.135067293071,3524.558611215391,,,,1207.0,9.026
4699,3,838,7897.135067293071,3526.558611215391,,,,1203.0,8.983
4700,3,839,7899.135067293071,3528.558611215391,,,,1198.0,8.941
4701,3,840,7901.135067293071,3530.558611215391,,,,1192.0,8.9
4702,3,841,7903.135067293071,3532.558611215391,,,,1185.0,8.859
4703,3,842,7905.135067293071,3534.558611215391,,,,1179.0,8.818
4704,3,843,7907.135067293071,3536.558611215391,,,,1172.0,8.775
4705,3,844,7909.135067293071,3538.558611215391,,,,1169.0,8.731
4706,3,845,7911.135067293071,3540.558611215391,,,,1166.0,8.689
4707,3,846,7913.135067293071,3542.558611215391,,,,1161.0,8.649
4708,3,847,7915.135067293071,3544.558611215391,,,,1154.0,8.61
4709,3,848,7917.135067293071,3546.558611215391,,,,1147.0,8.549
4710,3,849,7920.135067293071,3549.558611215391,,,,1140.0,8.507
4711,3,850,7922.135067293071,3551.558611215391,,,,1130.0,8.463
4712,3,851,7924.135067293071,3553.558611215391,,,,1126.0,8.418
4713,3,852,7926.135067293071,3555.558611215391,,,,1121.0,8.373
4714,3,853,7928.135067293071,3557.558611215391,,,,1114.0,8.33
4715,3,854,7930.135067293071,3559.558611215391,,,,1108.0,8.285
4716,3,855,7932.135067293071,3561.558611215391,,,,1101.0,8.24
4717,3,856,7934.135067293071,3563.558611215391,,,,1098.0,8.195
4718,3,857,7936.135067293071,3565.558611215391,,,,1093.0,8.152
4719,3,858,7938.135067293071,3567.558611215391,,,,1091.0,8.107
4720,3,859,7940.135067293071,3569.558611215391,,,,1089.0,8.064
4721,3,860,7942.135067293071,3571.558611215391,,,,1083.0,8.025
4722,3,861,7944.135067293071,3573.558611215391,,,,1077.0,7.983
4723,3,862,7946.135067293071,3575.558611215391,,,,1070.0,7.942
4724,3,863,7948.135067293071,3577.558611215391,,,,1067.0,7.901
4725,3,864,7950.135067293071,3579.558611215391,,,,1060.0,7.86
4726,3,865,7952.135067293071,3581.558611215391,,,,1057.0,7.818
4727,3,866,7954.135067293071,3583.558611215391,,,,1053.0,7.775
4728,3,867,7956.135067293071,3585.558611215391,,,,1051.0,7.732
4729,3,868,7958.135067293071,3587.558611215391,,,,1051.0,7.689
4730,3,869,7960.135067293071,3589.558611215391,,,,1051.0,7.646
4731,3,870,7962.135067293071,3591.558611215391,,,,1043.0,7.602
4732,3,871,7964.135067293071,3593.558611215391,,,,1040.0,7.556
4733,3,872,7966.135067293071,3595.558611215391,,,,1042.0,7.51
4734,3,873,7968.135067293071,3597.558611215391,,,,1049.0,7.467
4735,3,874,7970.135067293071,3599.558611215391,,,,1050.0,7.432
4736,3,875,7972.135067293071,3601.558611215391,,,,1047.0,7.397
4737,3,876,7974.135067293071,3603.558611215391,,,,1043.0,7.359
4738,3,877,7976.135067293071,3605.558611215391,,,,1041.0,7.321
4739,3,878,7978.135067293071,3607.558611215391,,,,1041.0,7.28
4740,3,879,7980.135067293071,3609.558611215391,,,,1042.0,7.238
4741,3,880,7982.135067293071,3611.558611215391,,,,1041.0,7.197
4742,3,881,7984.135067293071,3613.558611215391,,,,1043.0,7.158
4743,3,882,7986.135067293071,3615.558611215391,,,,1047.0,7.121
4744,3,883,7988.135067293071,3617.558611215391,,,,1046.0,7.085
4745,3,884,7990.135067293071,3619.558611215391,,,,1042.0,7.049
4746,3,885,7992.135067293071,3621.558611215391,,,,1040.0,7.013
4747,3,886,7994.135067293071,3623.558611215391,,,,1037.0,6.98
4748,3,887,7996.135067293071,3625.558611215391,,,,1034.0,6.946
4749,3,888,7998.135067293071,3627.558611215391,,,,1026.0,6.911
4750,3,889,8000.135067293071,3629.558611215391,,,,1023.0,6.873
4751,3,890,8002.135067293071,3631.558611215391,,,,1022.0,6.834
4752,3,891,8004.135067293071,3633.558611215391,,,,1024.0,6.797
4753,3,892,8006.135067293071,3635.558611215391,,,,1023.0,6.761
4754,3,893,8008.135067293071,3637.558611215391,,,,1019.0,6.725
4755,3,894,8010.135067293071,3639.558611215391,,,,1018.0,6.688
4756,3,895,8012.135067293071,3641.558611215391,,,,1019.0,6.648
4757,3,896,8014.135067293071,3643.558611215391,,,,1017.0,6.608
4758,3,897,8016.135067293071,3645.558611215391,,,,1017.0,6.569
4759,3,898,8018.135067293071,3647.558611215391,,,,1020.0,6.531
4760,3,899,8021.135067293071,3650.558611215391,,,,1021.0,6.476
4761,3,900,8023.135067293071,3652.558611215391,,,,1022.0,6.44
4762,3,901,8025.135067293071,3654.558611215391,,,,1020.0,6.405
4763,3,902,8027.135067293071,3656.558611215391,,,,1020.0,6.371
4764,3,903,8029.135067293071,3658.558611215391,,,,1018.0,6.337
4765,3,904,8031.135067293071,3660.558611215391,,,,1017.0,6.304
4766,3,905,8033.135067293071,3662.558611215391,,,,1014.0,6.272
4767,3,906,8035.135067293071,3664.558611215391,,,,1010.0,6.235
4768,3,907,8037.135067293071,3666.558611215391,,,,1007.0,6.2
4769,3,908,8039.135067293071,3668.558611215391,,,,1005.0,6.164
4770,3,909,8041.135067293071,3670.558611215391,,,,1003.0,6.129
4771,3,910,8043.135067293071,3672.558611215391,,,,999.0,6.094
4772,3,911,8045.135067293071,3674.558611215391,,,,994.0,6.056
4773,3,912,8047.135067293071,3676.558611215391,,,,991.0,6.018
4774,3,913,8049.135067293071,3678.558611215391,,,,992.0,5.98
4775,3,914,8051.135067293071,3680.558611215391,,,,992.0,5.944
4776,3,915,8053.135067293071,3682.558611215391,,,,990.0,5.909
4777,3,916,8055.135067293071,3684.558611215391,,,,990.0,5.874
4778,3,917,8057.135067293071,3686.558611215391,,,,985.0,5.837
4779,3,918,8059.135067293071,3688.558611215391,,,,986.0,5.8
4780,3,919,8061.135067293071,3690.558611215391,,,,996.0,5.765
4781,3,920,8063.135067293071,3692.558611215391,,,,997.0,5.728
4782,3,921,8065.135067293071,3694.558611215391,,,,999.0,5.688
4783,3,922,8067.135067293071,3696.558611215391,,,,1004.0,5.648
4784,3,923,8069.135067293071,3698.558611215391,,,,1002.0,5.613
4785,3,924,8071.135067293071,3700.558611215391,,,,998.0,5.578
4786,3,925,8073.135067293071,3702.558611215391,,,,996.0,5.541
4787,3,926,8075.135067293071,3704.558611215391,,,,996.0,5.505
4788,3,927,8077.135067293071,3706.558611215391,,,,997.0,5.469
4789,3,928,8079.135067293071,3708.558611215391,,,,998.0,5.433
4790,3,929,8081.135067293071,3710.558611215391,,,,1001.0,5.399
4791,3,930,8083.135067293071,3712.558611215391,,,,1006.0,5.365
4792,3,931,8085.135067293071,3714.558611215391,,,,1011.0,5.334
4793,3,932,8087.135067293071,3716.558611215391,,,,1010.0,5.304
4794,3,933,8089.135067293071,3718.558611215391,,,,1013.0,5.289
4804,3,943,8109.135067293071,3738.558611215391,,,,1037.0,5.28
4805,3,944,8111.135067293071,3740.558611215391,,,,1041.0,5.278
4814,3,953,8129.135067293071,3758.558611215391,,,,1063.0,5.268
4815,3,954,8131.135067293071,3760.558611215391,,,,1068.0,5.25
4816,3,955,8133.135067293071,3762.558611215391,,,,1070.0,5.243
4824,3,963,8149.135067293071,3778.558611215391,,,,1088.0,5.216
4825,3,964,8151.135067293071,3780.558611215391,,,,1087.0,5.185
4826,3,965,8153.135067293071,3782.558611215391,,,,1089.0,5.156
4827,3,966,8155.135067293071,3784.558611215391,,,,1082.0,5.124
4828,3,967,8157.135067293071,3786.558611215391,,,,1080.0,5.085
4829,3,968,8159.135067293071,3788.558611215391,,,,1076.0,5.044
4830,3,969,8161.135067293071,3790.558611215391,,,,1076.0,5.007
4831,3,970,8163.135067293071,3792.558611215391,,,,1076.0,4.97
4832,3,971,8165.135067293071,3794.558611215391,,,,1072.0,4.914
4833,3,972,8167.135067293071,3796.558611215391,,,,1065.0,4.873
4834,3,973,8170.135067293071,3799.558611215391,,,,1059.0,4.829
4835,3,974,8172.135067293071,3801.558611215391,,,,1055.0,4.782
4836,3,975,8174.135067293071,3803.558611215391,,,,1055.0,4.734
4837,3,976,8176.135067293071,3805.558611215391,,,,1052.0,4.689
4838,3,977,8178.135067293071,3807.558611215391,,,,1046.0,4.642
4839,3,978,8180.135067293071,3809.558611215391,,,,1048.0,4.594
4840,3,979,8182.135067293071,3811.558611215391,,,,1043.0,4.546
4841,3,980,8184.135067293071,3813.558611215391,,,,1039.0,4.502
4842,3,981,8186.135067293071,3815.558611215391,,,,1026.0,4.454
4843,3,982,8188.135067293071,3817.558611215391,,,,1022.0,4.404
4844,3,983,8190.135067293071,3819.558611215391,,,,1022.0,4.357
4845,3,984,8192.135067293071,3821.558611215391,,,,1016.0,4.313
4846,3,985,8194.135067293071,3823.558611215391,,,,1006.0,4.268
4847,3,986,8196.135067293071,3825.558611215391,,,,999.0,4.223
4848,3,987,8198.135067293071,3827.558611215391,,,,996.0,4.178
4849,3,988,8200.135067293071,3829.558611215391,,,,992.0,4.134
4850,3,989,8202.135067293071,3831.558611215391,,,,986.0,4.092
4851,3,990,8204.135067293071,3833.558611215391,,,,982.0,4.052
4852,3,991,8206.135067293071,3835.558611215391,,,,974.0,4.012
4853,3,992,8208.135067293071,3837.558611215391,,,,968.0,3.973
4854,3,993,8210.135067293071,3839.558611215391,,,,966.0,3.934
4855,3,994,8212.135067293071,3841.558611215391,,,,963.0,3.898
4856,3,995,8214.135067293071,3843.558611215391,,,,960.0,3.863
4857,3,996,8216.135067293071,3845.558611215391,,,,957.0,3.83
4858,3,997,8218.135067293071,3847.558611215391,,,,947.0,3.798
4859,3,998,8220.135067293071,3849.558611215391,,,,938.0,3.764
4860,3,999,8222.135067293071,3851.558611215391,,,,938.0,3.726
4861,3,1000,8224.135067293071,3853.558611215391,,,,932.0,3.688
4862,3,1001,8226.135067293071,3855.558611215391,,,,930.0,3.649
4863,3,1002,8228.135067293071,3857.558611215391,,,,928.0,3.611
4864,3,1003,8230.135067293071,3859.558611215391,,,,923.0,3.573
4865,3,1004,8232.135067293071,3861.558611215391,,,,919.0,3.534
4866,3,1005,8234.135067293071,3863.558611215391,,,,913.0,3.494
4867,3,1006,8236.135067293071,3865.558611215391,,,,907.0,3.453
4868,3,1007,8238.135067293071,3867.558611215391,,,,903.0,3.413
4869,3,1008,8240.135067293071,3869.558611215391,,,,900.0,3.372
4870,3,1009,8242.135067293071,3871.558611215391,,,,895.0,3.331
4871,3,1010,8244.135067293071,3873.558611215391,,,,890.0,3.293
4872,3,1011,8246.135067293071,3875.558611215391,,,,885.0,3.253
4873,3,1012,8248.135067293071,3877.558611215391,,,,879.0,3.213
4874,3,1013,8250.135067293071,3879.558611215391,,,,872.0,3.173
4875,3,1014,8252.135067293071,3881.558611215391,,,,866.0,3.13
4876,3,1015,8254.135067293071,3883.558611215391,,,,862.0,3.088
4877,3,1016,8256.135067293071,3885.558611215391,,,,857.0,3.045
4878,3,1017,8258.135067293071,3887.558611215391,,,,854.0,3.005
4879,3,1018,8260.135067293071,3889.558611215391,,,,849.0,2.964
4880,3,1019,8262.135067293071,3891.558611215391,,,,843.0,2.924
4881,3,1020,8264.135067293071,3893.558611215391,,,,840.0,2.883
4882,3,1021,8266.135067293071,3895.558611215391,,,,837.0,2.842
4883,3,1022,8268.135067293071,3897.558611215391,,,,834.0,2.802
4884,3,1023,8270.135067293071,3899.558611215391,,,,829.0,2.765
4885,3,1024,8272.135067293071,3901.558611215391,,,,823.0,2.725
4886,3,1025,8274.135067293071,3903.558611215391,,,,818.0,2.667
4887,3,1026,8276.135067293071,3905.558611215391,,,,812.0,2.628
4888,3,1027,8278.135067293071,3907.558611215391,,,,809.0,2.587
4889,3,1028,8280.135067293071,3909.558611215391,,,,808.0,2.548
4890,3,1029,8282.135067293071,3911.558611215391,,,,803.0,2.512
4891,3,1030,8285.135067293071,3914.558611215391,,,,798.0,2.474
4892,3,1031,8287.135067293071,3916.558611215391,,,,793.0,2.434
4893,3,1032,8289.135067293071,3918.558611215391,,,,790.0,2.394
4894,3,1033,8291.135067293071,3920.558611215391,,,,787.0,2.355
4895,3,1034,8293.135067293071,3922.558611215391,,,,781.0,2.315
4896,3,1035,8295.135067293071,3924.558611215391,,,,781.0,2.276
4897,3,1036,8297.135067293071,3926.558611215391,,,,776.0,2.238
4898,3,1037,8299.135067293071,3928.558611215391,,,,772.0,2.201
4899,3,1038,8301.135067293071,3930.558611215391,,,,767.0,2.163
4900,3,1039,8303.135067293071,3932.558611215391,,,,762.0,2.125
4901,3,1040,8305.135067293071,3934.558611215391,,,,760.0,2.085
4902,3,1041,8307.135067293071,3936.558611215391,,,,751.0,2.046
4903,3,1042,8309.135067293071,3938.558611215391,,,,745.0,2.007
4904,3,1043,8311.135067293071,3940.558611215391,,,,741.0,1.965
4905,3,1044,8313.135067293071,3942.558611215391,,,,738.0,1.924
4906,3,1045,8315.135067293071,3944.558611215391,,,,733.0,1.885
4907,3,1046,8317.135067293071,3946.558611215391,,,,731.0,1.845
4908,3,1047,8319.135067293071,3948.558611215391,,,,728.0,1.806
4909,3,1048,8321.135067293071,3950.558611215391,,,,726.0,1.77
4910,3,1049,8323.135067293071,3952.558611215391,,,,723.0,1.734
4911,3,1050,8325.135067293071,3954.558611215391,,,,722.0,1.699
4912,3,1051,8327.135067293071,3956.558611215391,,,,712.0,1.668
4913,3,1052,8329.135067293071,3958.558611215391,,,,708.0,1.632
4914,3,1053,8331.135067293071,3960.558611215391,,,,706.0,1.6
4915,4,1,8333.135067293071,3962.558611215391,,,,705.0,1.573
4923,4,9,8347.135067293071,3976.558611215391,,,,662.0,1.562
4924,4,10,8349.135067293071,3978.558611215391,,,,653.0,1.509
4925,4,11,8351.135067293071,3980.558611215391,,,,646.0,1.452
4926,4,12,8353.135067293071,3982.558611215391,,,,644.0,1.388
4927,4,13,8355.135067293071,3984.558611215391,,,,647.0,1.329
4928,4,14,8357.135067293071,3986.558611215391,,,,639.0,1.273
4929,4,15,8359.135067293071,3988.558611215391,,,,622.0,1.215
4930,4,16,8361.135067293071,3990.558611215391,,,,608.0,1.152
4931,4,17,8363.135067293071,3992.558611215391,,,,597.0,1.082
4932,4,18,8365.135067293071,3994.558611215391,,,,593.0,1.012
4933,4,19,8367.135067293071,3996.558611215391,,,,584.0,0.946
4934,4,20,8369.135067293071,3998.558611215391,,,,570.0,0.878
4935,4,21,8371.135067293071,4000.558611215391,,,,557.0,0.811
4936,4,22,8373.135067293071,4002.558611215391,,,,550.0,0.739
4937,4,23,8375.135067293071,4004.558611215391,,,,545.0,0.672
4938,4,24,8377.135067293071,4006.558611215391,,,,535.0,0.605
4939,4,25,8379.135067293071,4008.558611215391,,,,520.0,0.54
4940,4,26,8381.135067293071,4010.558611215391,,,,506.0,0.474
4941,4,27,8383.135067293071,4012.558611215391,,,,507.0,0.403
4942,4,28,8385.135067293071,4014.558611215391,,,,507.0,0.336
4943,4,29,8387.135067293071,4016.558611215391,,,,500.0,0.273
4944,4,30,8389.135067293071,4018.558611215391,,,,487.0,0.21
4945,4,31,8391.135067293071,4020.558611215391,,,,478.0,0.143
4946,4,32,8393.135067293071,4022.558611215391,,,,476.0,7.8e-2
4947,4,33,8395.135067293071,4024.558611215391,,,,466.0,1.9e-2
0,5,4946,8395.625899098572,4025.049443020892,,,,462.56,0.0
